date,storage,inflow,outflow,evaporation,elevation
1970-12-15,214.121,NA,NA,NA,283.156
1970-12-16,212.405,NA,NA,NA,282.915
1970-12-17,208.468,NA,NA,NA,282.586
1970-12-18,207.227,NA,NA,NA,282.364
1970-12-19,205.362,NA,NA,NA,282.181
1970-12-20,204.602,NA,NA,NA,281.937
1970-12-21,200.265,NA,NA,NA,281.641
1970-12-22,200.73,NA,NA,NA,281.44
1970-12-23,200.912,NA,NA,NA,281.48
1970-12-24,201.351,NA,NA,NA,281.525
1970-12-25,201.662,NA,NA,NA,281.568
1970-12-26,201.869,NA,NA,NA,281.599
1970-12-27,202.128,NA,NA,NA,281.623
1970-12-28,203.22,NA,NA,NA,281.684
1970-12-29,203.819,NA,NA,NA,281.821
1970-12-30,209.692,NA,NA,NA,281.961
1970-12-31,217.279,NA,NA,NA,283.11
1971-01-01,218.502,NA,NA,NA,283.504
1971-01-02,218.502,NA,NA,NA,283.513
1971-01-03,217.767,NA,NA,NA,283.37
1971-01-04,216.116,NA,NA,NA,283.141
1971-01-05,213.771,NA,NA,NA,282.854
1971-01-06,211.069,NA,NA,NA,282.589
1971-01-07,208.441,NA,NA,NA,282.272
1971-01-08,205.519,NA,NA,NA,282.108
1971-01-09,207.359,NA,NA,NA,283.074
1971-01-10,222.801,NA,NA,NA,285.15
1971-01-11,239.977,NA,NA,NA,286.256
1971-01-12,244.915,NA,NA,NA,286.216
1971-01-13,242.263,NA,NA,NA,285.829
1971-01-14,237.789,NA,NA,NA,285.299
1971-01-15,232.574,NA,NA,NA,285.073
1971-01-16,238.422,NA,NA,NA,286.71
1971-01-17,261.356,NA,NA,NA,289.825
1971-01-18,297.27,NA,NA,NA,293.562
1971-01-19,339.503,NA,NA,NA,297.192
1971-01-20,387.963,NA,NA,NA,300.31
1971-01-21,410.675,NA,NA,NA,301.145
1971-01-22,414.602,NA,NA,NA,301.042
1971-01-23,406.292,NA,NA,NA,300.097
1971-01-24,394.763,NA,NA,NA,299.283
1971-01-25,339.108,NA,NA,NA,298.405
1971-01-26,335.877,NA,NA,NA,297.71
1971-01-27,332.916,NA,NA,NA,296.552
1971-01-28,326.971,NA,NA,NA,295.22
1971-01-29,331.764,NA,NA,NA,294.013
1971-01-30,320.108,NA,NA,NA,293.602
1971-01-31,319.519,NA,NA,NA,293.391
1971-02-01,317.725,NA,NA,NA,293.227
1971-02-02,315.524,NA,NA,NA,292.983
1971-02-03,312.309,NA,NA,NA,292.632
1971-02-04,306.411,NA,NA,NA,292.251
1971-02-05,303.59,NA,NA,NA,291.788
1971-02-06,297.999,NA,NA,NA,291.255
1971-02-07,292.113,NA,NA,NA,290.758
1971-02-08,286.851,NA,NA,NA,290.188
1971-02-09,281.587,NA,NA,NA,289.956
1971-02-10,280.759,NA,NA,NA,290.538
1971-02-11,291.982,NA,NA,NA,291.127
1971-02-12,294.175,NA,NA,NA,291.2
1971-02-13,294.504,NA,NA,NA,291.218
1971-02-14,294.308,NA,NA,NA,291.182
1971-02-15,295.654,NA,NA,NA,291.694
1971-02-16,303.02,NA,NA,NA,292.233
1971-02-17,307.592,NA,NA,NA,292.517
1971-02-18,309.622,NA,NA,NA,292.8
1971-02-19,313.504,NA,NA,NA,293.111
1971-02-20,316.486,NA,NA,NA,293.276
1971-02-21,317.346,NA,NA,NA,293.33
1971-02-22,317.69,NA,NA,NA,293.37
1971-02-23,318.242,NA,NA,NA,293.519
1971-02-24,320.939,NA,NA,NA,293.885
1971-02-25,327.675,NA,NA,NA,294.51
1971-02-26,333.645,NA,NA,NA,294.918
1971-02-27,337.317,NA,NA,NA,295.144
1971-02-28,339.467,NA,NA,NA,295.299
1971-03-01,340.977,NA,NA,NA,295.321
1971-03-02,339.503,NA,NA,NA,307.571
1971-03-03,336.174,NA,NA,NA,294.995
1971-03-04,336.851,NA,NA,NA,295.04
1971-03-05,337.103,NA,NA,NA,295.059
1971-03-06,337.638,NA,NA,NA,295.068
1971-03-07,337.603,NA,NA,NA,295.071
1971-03-08,337.781,NA,NA,NA,295.11
1971-03-09,338.283,NA,NA,NA,295.199
1971-03-10,340.401,NA,NA,NA,295.385
1971-03-11,347.352,NA,NA,NA,296.205
1971-03-12,353.787,NA,NA,NA,296.793
1971-03-13,360.984,NA,NA,NA,297.217
1971-03-14,363.847,NA,NA,NA,297.348
1971-03-15,365.226,NA,NA,NA,297.409
1971-03-16,365.338,NA,NA,NA,297.345
1971-03-17,364.555,NA,NA,NA,297.372
1971-03-18,365.861,NA,NA,NA,297.485
1971-03-19,367.693,NA,NA,NA,297.598
1971-03-20,370.044,NA,NA,NA,297.713
1971-03-21,370.508,NA,NA,NA,297.854
1971-03-22,372.275,NA,NA,NA,298.137
1971-03-23,379.316,NA,NA,NA,298.841
1971-03-24,386.811,NA,NA,NA,299.399
1971-03-25,393.523,NA,NA,NA,299.689
1971-03-26,394.957,NA,NA,NA,299.813
1971-03-27,396.823,NA,NA,NA,299.874
1971-03-28,396.823,NA,NA,NA,299.874
1971-03-29,397.018,NA,NA,NA,299.893
1971-03-30,397.134,NA,NA,NA,299.92
1971-03-31,397.951,NA,NA,NA,299.941
1971-04-01,397.095,NA,NA,NA,299.838
1971-04-02,396.2,NA,NA,NA,299.82
1971-04-03,396.045,NA,NA,NA,299.78
1971-04-04,395.307,NA,NA,NA,299.722
1971-04-05,394.714,NA,NA,NA,299.844
1971-04-06,397.951,NA,NA,NA,300.17
1971-04-07,402.287,NA,NA,NA,300.475
1971-04-08,405.545,NA,NA,NA,300.7
1971-04-09,409.25,NA,NA,NA,301.28
1971-04-10,419.428,NA,NA,NA,301.953
1971-04-11,426.5,NA,NA,NA,302.389
1971-04-12,431.355,NA,NA,NA,302.694
1971-04-13,434.73,NA,NA,NA,302.913
1971-04-14,437.423,NA,NA,NA,303.118
1971-04-15,440.291,NA,NA,NA,303.328
1971-04-16,442.96,NA,NA,NA,303.505
1971-04-17,445.226,NA,NA,NA,303.651
1971-04-18,446.836,NA,NA,NA,303.761
1971-04-19,448.201,NA,NA,NA,303.84
1971-04-20,449.029,NA,NA,NA,303.907
1971-04-21,450.107,NA,NA,NA,303.968
1971-04-22,450.688,NA,NA,NA,303.998
1971-04-23,451.019,NA,NA,NA,304.032
1971-04-24,451.56,NA,NA,NA,304.068
1971-04-25,452.017,NA,NA,NA,304.108
1971-04-26,453.515,NA,NA,NA,304.09
1971-04-27,450.937,NA,NA,NA,304.041
1971-04-28,451.644,NA,NA,NA,304.078
1971-04-29,451.809,NA,NA,NA,304.093
1971-04-30,452.058,NA,NA,NA,304.099
1971-05-01,452.687,NA,NA,NA,304.187
1971-05-02,454.515,NA,NA,NA,304.385
1971-05-03,457.982,NA,NA,NA,304.702
1971-05-04,463.189,NA,NA,NA,305.074
1971-05-05,468.26,NA,NA,NA,305.324
1971-05-06,469.363,NA,NA,NA,305.202
1971-05-07,466.354,NA,NA,NA,304.989
1971-05-08,463.862,NA,NA,NA,304.876
1971-05-09,462.683,NA,NA,NA,304.757
1971-05-10,460.623,NA,NA,NA,304.577
1971-05-11,457.982,NA,NA,NA,304.392
1971-05-12,455.683,NA,NA,NA,304.3
1971-05-13,455.349,NA,NA,NA,304.328
1971-05-14,455.683,NA,NA,NA,304.309
1971-05-15,456.388,NA,NA,NA,304.55
1971-05-16,461.086,NA,NA,NA,304.943
1971-05-17,466.607,NA,NA,NA,305.285
1971-05-18,470.638,NA,NA,NA,305.541
1971-05-19,473.962,NA,NA,NA,305.775
1971-05-20,477.344,NA,NA,NA,306.013
1971-05-21,480.569,NA,NA,NA,306.226
1971-05-22,483.289,NA,NA,NA,306.415
1971-05-23,486.06,NA,NA,NA,306.662
1971-05-24,490.675,NA,NA,NA,307.007
1971-05-25,495.842,NA,NA,NA,307.293
1971-05-26,498.041,NA,NA,NA,307.467
1971-05-27,500.734,NA,NA,NA,307.558
1971-05-28,501.307,NA,NA,NA,307.574
1971-05-29,502.026,NA,NA,NA,307.65
1971-05-30,502.991,NA,NA,NA,307.683
1971-05-31,503.08,NA,NA,NA,307.659
1971-06-01,502.593,NA,NA,NA,307.622
1971-06-02,501.839,NA,NA,NA,307.571
1971-06-03,501.352,NA,NA,NA,307.543
1971-06-04,500.821,NA,NA,NA,307.571
1971-06-05,501.707,NA,NA,NA,307.659
1971-06-06,503.434,NA,NA,NA,307.787
1971-06-07,505.389,NA,NA,NA,307.903
1971-06-08,506.234,NA,NA,NA,307.86
1971-06-09,505.256,NA,NA,NA,307.802
1971-06-10,504.722,NA,NA,NA,307.848
1971-06-11,505.727,NA,NA,NA,307.848
1971-06-12,505.727,NA,NA,NA,307.793
1971-06-13,504.988,NA,NA,NA,307.799
1971-06-14,504.81,NA,NA,NA,307.799
1971-06-15,504.855,NA,NA,NA,307.793
1971-06-16,504.944,NA,NA,NA,307.79
1971-06-17,504.766,NA,NA,NA,307.769
1971-06-18,504.411,NA,NA,NA,307.793
1971-06-19,505.166,NA,NA,NA,307.851
1971-06-20,505.879,NA,NA,NA,307.888
1971-06-21,506.278,NA,NA,NA,307.912
1971-06-22,506.591,NA,NA,NA,307.936
1971-06-23,506.012,NA,NA,NA,307.891
1971-06-24,505.299,NA,NA,NA,307.848
1971-06-25,505.121,NA,NA,NA,307.97
1971-06-26,507.392,NA,NA,NA,307.894
1971-06-27,505.834,NA,NA,NA,307.863
1971-06-28,505.744,NA,NA,NA,307.857
1971-06-29,505.433,NA,NA,NA,307.854
1971-06-30,505.344,NA,NA,NA,307.891
1971-07-01,506.234,NA,NA,NA,307.897
1971-07-02,505.834,NA,NA,NA,307.882
1971-07-03,505.727,NA,NA,NA,307.866
1971-07-04,505.433,NA,NA,NA,307.848
1971-07-05,505.21,NA,NA,NA,307.848
1971-07-06,504.81,NA,NA,NA,307.799
1971-07-07,504.366,NA,NA,NA,307.778
1971-07-08,504.677,NA,NA,NA,307.799
1971-07-09,504.944,NA,NA,NA,307.848
1971-07-10,505.433,NA,NA,NA,307.851
1971-07-11,505.727,NA,NA,NA,307.869
1971-07-12,505.879,NA,NA,NA,307.875
1971-07-13,505.967,NA,NA,NA,307.882
1971-07-14,506.056,NA,NA,NA,307.875
1971-07-15,505.566,NA,NA,NA,307.851
1971-07-16,505.521,NA,NA,NA,307.848
1971-07-17,505.566,NA,NA,NA,307.848
1971-07-18,505.344,NA,NA,NA,307.848
1971-07-19,505.121,NA,NA,NA,307.808
1971-07-20,504.766,NA,NA,NA,307.787
1971-07-21,504.411,NA,NA,NA,307.757
1971-07-22,503.967,NA,NA,NA,307.732
1971-07-23,503.434,NA,NA,NA,307.693
1971-07-24,503.08,NA,NA,NA,307.668
1971-07-25,502.769,NA,NA,NA,307.653
1971-07-26,502.548,NA,NA,NA,307.635
1971-07-27,502.15,NA,NA,NA,307.601
1971-07-28,501.75,NA,NA,NA,307.574
1971-07-29,501.44,NA,NA,NA,307.534
1971-07-30,500.689,NA,NA,NA,307.497
1971-07-31,500.246,NA,NA,NA,307.488
1971-08-01,499.806,NA,NA,NA,307.455
1971-08-02,499.144,NA,NA,NA,307.397
1971-08-03,498.703,NA,NA,NA,307.336
1971-08-04,497.777,NA,NA,NA,307.302
1971-08-05,497.425,NA,NA,NA,307.296
1971-08-06,496.852,NA,NA,NA,307.232
1971-08-07,496.149,NA,NA,NA,307.187
1971-08-08,495.578,NA,NA,NA,307.147
1971-08-09,494.831,NA,NA,NA,307.095
1971-08-10,494.262,NA,NA,NA,307.049
1971-08-11,493.692,NA,NA,NA,307.004
1971-08-12,493.392,NA,NA,NA,306.937
1971-08-13,492.072,NA,NA,NA,306.857
1971-08-14,489.497,NA,NA,NA,306.665
1971-08-15,486.713,NA,NA,NA,306.476
1971-08-16,484.024,NA,NA,NA,306.287
1971-08-17,481.346,NA,NA,NA,306.108
1971-08-18,479.019,NA,NA,NA,305.916
1971-08-19,475.973,NA,NA,NA,305.714
1971-08-20,473.749,NA,NA,NA,305.568
1971-08-21,472,NA,NA,NA,305.443
1971-08-22,470.383,NA,NA,NA,305.339
1971-08-23,469.023,NA,NA,NA,305.23
1971-08-24,467.371,NA,NA,NA,305.09
1971-08-25,464.579,NA,NA,NA,304.882
1971-08-26,461.589,NA,NA,NA,304.663
1971-08-27,458.652,NA,NA,NA,304.456
1971-08-28,455.851,NA,NA,NA,304.251
1971-08-29,452.931,NA,NA,NA,304.038
1971-08-30,450.065,NA,NA,NA,303.828
1971-08-31,447.25,NA,NA,NA,303.669
1971-09-01,446.051,NA,NA,NA,303.7
1971-09-02,448.657,NA,NA,NA,303.944
1971-09-03,450.605,NA,NA,NA,303.937
1971-09-04,449.236,NA,NA,NA,303.825
1971-09-05,447.994,NA,NA,NA,303.715
1971-09-06,446.341,NA,NA,NA,303.584
1971-09-07,444.443,NA,NA,NA,303.434
1971-09-08,442.302,NA,NA,NA,303.27
1971-09-09,440.044,NA,NA,NA,303.041
1971-09-10,435.627,NA,NA,NA,302.703
1971-09-11,431.112,NA,NA,NA,302.371
1971-09-12,426.701,NA,NA,NA,302.026
1971-09-13,422.075,NA,NA,NA,301.691
1971-09-14,417.289,NA,NA,NA,301.31
1971-09-15,412.616,NA,NA,NA,300.953
1971-09-16,408.225,NA,NA,NA,300.603
1971-09-17,403.423,NA,NA,NA,300.252
1971-09-18,399.472,NA,NA,NA,299.96
1971-09-19,395.734,NA,NA,NA,299.664
1971-09-20,391.974,NA,NA,NA,299.365
1971-09-21,388.195,NA,NA,NA,299.091
1971-09-22,385.275,NA,NA,NA,298.875
1971-09-23,382.597,NA,NA,NA,298.573
1971-09-24,378.633,NA,NA,NA,298.274
1971-09-25,373.897,NA,NA,NA,297.905
1971-09-26,370.044,NA,NA,NA,297.567
1971-09-27,365.3,NA,NA,NA,297.204
1971-09-28,360.65,NA,NA,NA,296.854
1971-09-29,357.211,NA,NA,NA,296.637
1971-09-30,354.962,NA,NA,NA,296.394
1971-10-01,351.512,NA,NA,NA,296.055
1971-10-02,347.497,NA,NA,NA,295.723
1971-10-03,343.142,NA,NA,NA,295.348
1971-10-04,338.605,NA,NA,NA,294.961
1971-10-05,334.002,NA,NA,NA,294.553
1971-10-06,329.259,NA,NA,NA,294.141
1971-10-07,324.419,NA,NA,NA,293.724
1971-10-08,319.623,NA,NA,NA,293.306
1971-10-09,314.667,NA,NA,NA,292.852
1971-10-10,309.622,NA,NA,NA,292.395
1971-10-11,304.496,NA,NA,NA,291.928
1971-10-12,299.29,NA,NA,NA,291.529
1971-10-13,295.786,NA,NA,NA,291.279
1971-10-14,294.011,NA,NA,NA,291.066
1971-10-15,290.905,NA,NA,NA,290.791
1971-10-16,287.951,NA,NA,NA,290.538
1971-10-17,285.626,NA,NA,NA,290.313
1971-10-18,283.25,NA,NA,NA,290.09
1971-10-19,280.95,NA,NA,NA,289.947
1971-10-20,281.395,NA,NA,NA,290.13
1971-10-21,283.058,NA,NA,NA,290.212
1971-10-22,283.922,NA,NA,NA,290.255
1971-10-23,284.115,NA,NA,NA,290.203
1971-10-24,282.801,NA,NA,NA,290.075
1971-10-25,281.364,NA,NA,NA,289.92
1971-10-26,279.55,NA,NA,NA,289.834
1971-10-27,279.772,NA,NA,NA,289.859
1971-10-28,279.645,NA,NA,NA,289.804
1971-10-29,278.725,NA,NA,NA,289.691
1971-10-30,277.395,NA,NA,NA,289.572
1971-10-31,276.3,NA,NA,NA,289.478
1971-11-01,275.503,NA,NA,NA,289.798
1971-11-02,283.7,NA,NA,NA,290.362
1971-11-03,286.012,NA,NA,NA,290.514
1971-11-04,287.918,NA,NA,NA,290.746
1971-11-05,289.832,NA,NA,NA,290.834
1971-11-06,290.092,NA,NA,NA,290.801
1971-11-07,289.377,NA,NA,NA,290.758
1971-11-08,289.442,NA,NA,NA,290.77
1971-11-09,289.279,NA,NA,NA,290.733
1971-11-10,289.085,NA,NA,NA,290.932
1971-11-11,292.865,NA,NA,NA,291.084
1971-11-12,291.655,NA,NA,NA,290.929
1971-11-13,289.345,NA,NA,NA,290.517
1971-11-14,285.658,NA,NA,NA,290.328
1971-11-15,284.051,NA,NA,NA,290.051
1971-11-16,280.726,NA,NA,NA,290.081
1971-11-17,282.801,NA,NA,NA,289.975
1971-11-18,278.535,NA,NA,NA,289.487
1971-11-19,273.148,NA,NA,NA,289.069
1971-11-20,270.132,NA,NA,NA,288.816
1971-11-21,267.768,NA,NA,NA,288.591
1971-11-22,265.794,NA,NA,NA,288.109
1971-11-23,258.775,NA,NA,NA,287.408
1971-11-24,253.544,NA,NA,NA,287.381
1971-11-25,256.122,NA,NA,NA,287.457
1971-11-26,254.921,NA,NA,NA,288.938
1971-11-27,291.329,NA,NA,NA,292.203
1971-11-28,315.627,NA,NA,NA,293.769
1971-11-29,330.458,NA,NA,NA,294.992
1971-11-30,340.545,NA,NA,NA,295.04
1971-12-01,331.943,NA,NA,NA,293.815
1971-12-02,315.009,NA,NA,NA,292.175
1971-12-03,295.326,NA,NA,NA,290.38
1971-12-04,280.503,NA,NA,NA,289.67
1971-12-05,276.953,NA,NA,NA,290.718
1971-12-06,308.504,NA,NA,NA,293.913
1971-12-07,333.966,NA,NA,NA,294.684
1971-12-08,327.921,NA,NA,NA,293.605
1971-12-09,319.07,NA,NA,NA,294.492
1971-12-10,335.959,NA,NA,NA,294.598
1971-12-11,328.308,NA,NA,NA,293.638
1971-12-12,313.641,NA,NA,NA,292.114
1971-12-13,295.555,NA,NA,NA,290.496
1971-12-14,279.233,NA,NA,NA,289.319
1971-12-15,272.461,NA,NA,NA,288.929
1971-12-16,268.82,NA,NA,NA,288.542
1971-12-17,266.224,NA,NA,NA,288.457
1971-12-18,263.86,NA,NA,NA,287.972
1971-12-19,258.111,NA,NA,NA,287.372
1971-12-20,251.905,NA,NA,NA,286.716
1971-12-21,245.324,NA,NA,NA,286.037
1971-12-22,239.111,NA,NA,NA,285.424
1971-12-23,233.736,NA,NA,NA,284.857
1971-12-24,228.13,NA,NA,NA,284.351
1971-12-25,223.988,NA,NA,NA,283.891
1971-12-26,219.647,NA,NA,NA,283.379
1971-12-27,214.901,NA,NA,NA,282.818
1971-12-28,209.819,NA,NA,NA,282.214
1971-12-29,204.472,NA,NA,NA,281.605
1971-12-30,199.234,NA,NA,NA,280.971
1971-12-31,194.435,NA,NA,NA,280.76
1972-01-01,194.789,NA,NA,NA,280.776
1972-01-02,194.815,NA,NA,NA,280.782
1972-01-03,194.942,NA,NA,NA,280.785
1972-01-04,194.891,NA,NA,NA,280.788
1972-01-05,195.093,NA,NA,NA,280.815
1972-01-06,195.323,NA,NA,NA,280.827
1972-01-07,195.398,NA,NA,NA,280.864
1972-01-08,196.111,NA,NA,NA,281.035
1972-01-09,197.823,NA,NA,NA,281.312
1972-01-10,201.118,NA,NA,NA,281.73
1972-01-11,204.472,NA,NA,NA,282.611
1972-01-12,222.746,NA,NA,NA,285.342
1972-01-13,242.757,NA,NA,NA,286.177
1972-01-14,242.931,NA,NA,NA,285.948
1972-01-15,239.141,NA,NA,NA,285.445
1972-01-16,233.764,NA,NA,NA,284.516
1972-01-17,227.756,NA,NA,NA,284.324
1972-01-18,223.877,NA,NA,NA,284.848
1972-01-19,245.265,NA,NA,NA,288.015
1972-01-20,275.282,NA,NA,NA,292.023
1972-01-21,341.373,NA,NA,NA,298.832
1972-01-22,408.934,NA,NA,NA,301.95
1972-01-23,435.179,NA,NA,NA,303.431
1972-01-24,447.787,NA,NA,NA,303.279
1972-01-25,433.957,NA,NA,NA,301.99
1972-01-26,415.119,NA,NA,NA,300.463
1972-01-27,394.22,NA,NA,NA,298.808
1972-01-28,373.784,NA,NA,NA,297.217
1972-01-29,354.08,NA,NA,NA,295.537
1972-01-30,333.432,NA,NA,NA,293.766
1972-01-31,312.923,NA,NA,NA,292.096
1972-02-01,299.19,NA,NA,NA,291.279
1972-02-02,291.72,NA,NA,NA,290.599
1972-02-03,284.436,NA,NA,NA,289.886
1972-02-04,276.794,NA,NA,NA,289.155
1972-02-05,269.131,NA,NA,NA,288.393
1972-02-06,261.447,NA,NA,NA,287.673
1972-02-07,255.101,NA,NA,NA,287.122
1972-02-08,250.273,NA,NA,NA,286.92
1972-02-09,249.443,NA,NA,NA,286.853
1972-02-10,249.236,NA,NA,NA,286.991
1972-02-11,252.47,NA,NA,NA,287.28
1972-02-12,255.341,NA,NA,NA,287.621
1972-02-13,259.836,NA,NA,NA,289.289
1972-02-14,285.144,NA,NA,NA,290.825
1972-02-15,292.636,NA,NA,NA,291.367
1972-02-16,300.785,NA,NA,NA,292.571
1972-02-17,321.148,NA,NA,NA,294.592
1972-02-18,342.492,NA,NA,NA,295.821
1972-02-19,346.588,NA,NA,NA,295.504
1972-02-20,339.324,NA,NA,NA,294.8
1972-02-21,330.034,NA,NA,NA,293.861
1972-02-22,318.103,NA,NA,NA,292.989
1972-02-23,312.411,NA,NA,NA,292.983
1972-02-24,313.914,NA,NA,NA,293.114
1972-02-25,315.969,NA,NA,NA,293.282
1972-02-26,319.381,NA,NA,NA,293.693
1972-02-27,324.245,NA,NA,NA,295.074
1972-02-28,358.467,NA,NA,NA,298.293
1972-02-29,390.43,NA,NA,NA,300.103
1972-03-01,405.153,NA,NA,NA,300.676
1972-03-02,412.418,NA,NA,NA,302.929
1972-03-03,459.533,NA,NA,NA,305.592
1972-03-04,480.44,NA,NA,NA,306.05
1972-03-05,476.143,NA,NA,NA,305.449
1972-03-06,466.312,NA,NA,NA,305.12
1972-03-07,468.387,NA,NA,NA,304.98
1972-03-08,459.407,NA,NA,NA,304.068
1972-03-09,445.226,NA,NA,NA,302.944
1972-03-10,429.41,NA,NA,NA,301.767
1972-03-11,414.125,NA,NA,NA,300.682
1972-03-12,401.035,NA,NA,NA,300.188
1972-03-13,405.231,NA,NA,NA,301.377
1972-03-14,427.147,NA,NA,NA,302.407
1972-03-15,428.236,NA,NA,NA,301.88
1972-03-16,417.27,NA,NA,NA,300.972
1972-03-17,405.231,NA,NA,NA,300.237
1972-03-18,397.951,NA,NA,NA,299.99
1972-03-19,398.965,NA,NA,NA,300.036
1972-03-20,398.419,NA,NA,NA,299.887
1972-03-21,395.462,NA,NA,NA,299.603
1972-03-22,391.82,NA,NA,NA,299.463
1972-03-23,391.974,NA,NA,NA,299.524
1972-03-24,392.517,NA,NA,NA,299.554
1972-03-25,393.909,NA,NA,NA,299.783
1972-03-26,396.2,NA,NA,NA,299.969
1972-03-27,399.187,NA,NA,NA,300.137
1972-03-28,401.387,NA,NA,NA,300.359
1972-03-29,404.288,NA,NA,NA,300.566
1972-03-30,406.569,NA,NA,NA,300.783
1972-03-31,409.094,NA,NA,NA,300.868
1972-04-01,410.901,NA,NA,NA,301.115
1972-04-02,413.529,NA,NA,NA,301.301
1972-04-03,416.473,NA,NA,NA,301.539
1972-04-04,419.709,NA,NA,NA,301.633
1972-04-05,417.87,NA,NA,NA,301.633
1972-04-06,422.234,NA,NA,NA,302.115
1972-04-07,427.712,NA,NA,NA,302.337
1972-04-08,428.883,NA,NA,NA,302.377
1972-04-09,429.329,NA,NA,NA,302.368
1972-04-10,428.52,NA,NA,NA,302.267
1972-04-11,426.5,NA,NA,NA,302.112
1972-04-12,426.944,NA,NA,NA,302.313
1972-04-13,428.844,NA,NA,NA,302.447
1972-04-14,431.477,NA,NA,NA,302.666
1972-04-15,434.854,NA,NA,NA,302.925
1972-04-16,438.528,NA,NA,NA,303.242
1972-04-17,442.796,NA,NA,NA,303.526
1972-04-18,445.762,NA,NA,NA,303.654
1972-04-19,446.877,NA,NA,NA,303.797
1972-04-20,449.36,NA,NA,NA,303.971
1972-04-21,452.349,NA,NA,NA,304.212
1972-04-22,455.475,NA,NA,NA,304.398
1972-04-23,457.145,NA,NA,NA,304.483
1972-04-24,458.107,NA,NA,NA,304.419
1972-04-25,456.059,NA,NA,NA,304.279
1972-04-26,453.972,NA,NA,NA,304.087
1972-04-27,450.978,NA,NA,NA,303.864
1972-04-28,448.408,NA,NA,NA,303.858
1972-04-29,451.019,NA,NA,NA,304.093
1972-04-30,453.057,NA,NA,NA,304.196
1972-05-01,453.972,NA,NA,NA,304.267
1972-05-02,455.391,NA,NA,NA,304.422
1972-05-03,458.526,NA,NA,NA,304.678
1972-05-04,462.81,NA,NA,NA,305.105
1972-05-05,466.835,NA,NA,NA,305.257
1972-05-06,469.702,NA,NA,NA,305.446
1972-05-07,473.535,NA,NA,NA,305.73
1972-05-08,477.13,NA,NA,NA,306.004
1972-05-09,479.88,NA,NA,NA,306.166
1972-05-10,371.887,NA,NA,NA,306.403
1972-05-11,485.67,NA,NA,NA,306.592
1972-05-12,488.364,NA,NA,NA,306.79
1972-05-13,491.416,NA,NA,NA,306.995
1972-05-14,494.48,NA,NA,NA,307.238
1972-05-15,498.173,NA,NA,NA,307.437
1972-05-16,499.585,NA,NA,NA,307.464
1972-05-17,499.673,NA,NA,NA,307.546
1972-05-18,501.707,NA,NA,NA,307.653
1972-05-19,502.193,NA,NA,NA,307.638
1972-05-20,501.263,NA,NA,NA,307.598
1972-05-21,502.193,NA,NA,NA,307.79
1972-05-22,505.433,NA,NA,NA,307.848
1972-05-23,505.256,NA,NA,NA,307.775
1972-05-24,503.656,NA,NA,NA,307.708
1972-05-25,503.523,NA,NA,NA,307.741
1972-05-26,504.011,NA,NA,NA,307.772
1972-05-27,504.944,NA,NA,NA,307.848
1972-05-28,505.166,NA,NA,NA,307.851
1972-05-29,505.79,NA,NA,NA,307.906
1972-05-30,506.501,NA,NA,NA,307.93
1972-05-31,506.546,NA,NA,NA,307.909
1972-06-01,505.744,NA,NA,NA,307.912
1972-06-02,506.234,NA,NA,NA,307.888
1972-06-03,506.101,NA,NA,NA,307.927
1972-06-04,506.723,NA,NA,NA,307.952
1972-06-05,506.056,NA,NA,NA,307.9
1972-06-06,505.879,NA,NA,NA,307.888
1972-06-07,506.324,NA,NA,NA,307.897
1972-06-08,506.145,NA,NA,NA,307.906
1972-06-09,506.189,NA,NA,NA,307.894
1972-06-10,506.324,NA,NA,NA,307.857
1972-06-11,504.544,NA,NA,NA,307.741
1972-06-12,502.548,NA,NA,NA,307.607
1972-06-13,501.75,NA,NA,NA,307.589
1972-06-14,501.794,NA,NA,NA,307.604
1972-06-15,502.105,NA,NA,NA,307.625
1972-06-16,502.414,NA,NA,NA,307.641
1972-06-17,502.636,NA,NA,NA,307.653
1972-06-18,502.725,NA,NA,NA,307.656
1972-06-19,502.769,NA,NA,NA,307.659
1972-06-20,502.769,NA,NA,NA,307.68
1972-06-21,503.345,NA,NA,NA,307.72
1972-06-22,503.967,NA,NA,NA,307.744
1972-06-23,504.1,NA,NA,NA,307.772
1972-06-24,504.677,NA,NA,NA,307.808
1972-06-25,505.21,NA,NA,NA,307.848
1972-06-26,505.744,NA,NA,NA,307.878
1972-06-27,506.189,NA,NA,NA,307.894
1972-06-28,506.056,NA,NA,NA,307.894
1972-06-29,506.278,NA,NA,NA,307.897
1972-06-30,506.189,NA,NA,NA,307.912
1972-07-01,506.679,NA,NA,NA,307.942
1972-07-02,507.126,NA,NA,NA,307.976
1972-07-03,507.571,NA,NA,NA,307.988
1972-07-04,507.348,NA,NA,NA,307.973
1972-07-05,507.17,NA,NA,NA,307.961
1972-07-06,506.991,NA,NA,NA,307.942
1972-07-07,506.768,NA,NA,NA,307.936
1972-07-08,506.857,NA,NA,NA,307.942
1972-07-09,506.947,NA,NA,NA,307.949
1972-07-10,507.036,NA,NA,NA,307.97
1972-07-11,507.526,NA,NA,NA,307.976
1972-07-12,507.303,NA,NA,NA,307.964
1972-07-13,507.126,NA,NA,NA,307.952
1972-07-14,507.036,NA,NA,NA,307.933
1972-07-15,506.591,NA,NA,NA,307.915
1972-07-16,506.413,NA,NA,NA,307.903
1972-07-17,506.189,NA,NA,NA,307.885
1972-07-18,505.879,NA,NA,NA,307.854
1972-07-19,505.256,NA,NA,NA,307.805
1972-07-20,504.499,NA,NA,NA,307.75
1972-07-21,503.789,NA,NA,NA,307.702
1972-07-22,503.08,NA,NA,NA,304.596
1972-07-23,457.773,NA,NA,NA,307.592
1972-07-24,501.44,NA,NA,NA,307.543
1972-07-25,500.689,NA,NA,NA,307.485
1972-07-26,499.806,NA,NA,NA,307.427
1972-07-27,499.055,NA,NA,NA,307.373
1972-07-28,498.173,NA,NA,NA,307.315
1972-07-29,497.425,NA,NA,NA,307.26
1972-07-30,496.502,NA,NA,NA,307.196
1972-07-31,495.578,NA,NA,NA,307.132
1972-08-01,494.744,NA,NA,NA,307.077
1972-08-02,493.954,NA,NA,NA,307.016
1972-08-03,493.392,NA,NA,NA,306.958
1972-08-04,493.392,NA,NA,NA,306.894
1972-08-05,491.242,NA,NA,NA,306.827
1972-08-06,490.281,NA,NA,NA,306.766
1972-08-07,489.54,NA,NA,NA,306.705
1972-08-08,488.538,NA,NA,NA,306.644
1972-08-09,487.755,NA,NA,NA,306.553
1972-08-10,485.843,NA,NA,NA,306.394
1972-08-11,482.857,NA,NA,NA,306.193
1972-08-12,480.785,NA,NA,NA,306.083
1972-08-13,479.708,NA,NA,NA,306.004
1972-08-14,478.632,NA,NA,NA,305.928
1972-08-15,477.473,NA,NA,NA,305.855
1972-08-16,476.444,NA,NA,NA,305.733
1972-08-17,474.689,NA,NA,NA,305.583
1972-08-18,471.871,NA,NA,NA,305.397
1972-08-19,469.66,NA,NA,NA,305.224
1972-08-20,466.692,NA,NA,NA,305.013
1972-08-21,463.737,NA,NA,NA,304.8
1972-08-22,460.791,NA,NA,NA,304.596
1972-08-23,457.773,NA,NA,NA,304.373
1972-08-24,454.724,NA,NA,NA,304.151
1972-08-25,451.686,NA,NA,NA,303.928
1972-08-26,448.617,NA,NA,NA,303.703
1972-08-27,445.596,NA,NA,NA,303.48
1972-08-28,442.548,NA,NA,NA,303.255
1972-08-29,439.511,NA,NA,NA,303.026
1972-08-30,436.362,NA,NA,NA,302.785
1972-08-31,432.818,NA,NA,NA,302.548
1972-09-01,430.18,NA,NA,NA,302.325
1972-09-02,426.984,NA,NA,NA,302.081
1972-09-03,423.802,NA,NA,NA,301.837
1972-09-04,420.59,NA,NA,NA,301.597
1972-09-05,417.35,NA,NA,NA,301.35
1972-09-06,414.166,NA,NA,NA,301.106
1972-09-07,410.951,NA,NA,NA,300.838
1972-09-08,407.277,NA,NA,NA,300.554
1972-09-09,403.66,NA,NA,NA,300.304
1972-09-10,399.941,NA,NA,NA,300.012
1972-09-11,396.239,NA,NA,NA,299.695
1972-09-12,392.517,NA,NA,NA,299.42
1972-09-13,388.81,NA,NA,NA,299.097
1972-09-14,385.007,NA,NA,NA,298.798
1972-09-15,381.222,NA,NA,NA,298.497
1972-09-16,377.418,NA,NA,NA,298.192
1972-09-17,373.633,NA,NA,NA,297.887
1972-09-18,370.044,NA,NA,NA,297.576
1972-09-19,366.123,NA,NA,NA,297.293
1972-09-20,362.581,NA,NA,NA,297.003
1972-09-21,359.059,NA,NA,NA,296.753
1972-09-22,356.476,NA,NA,NA,296.534
1972-09-23,353.492,NA,NA,NA,296.339
1972-09-24,352.245,NA,NA,NA,296.25
1972-09-25,351.33,NA,NA,NA,296.08
1972-09-26,348.153,NA,NA,NA,295.842
1972-09-27,343.866,NA,NA,NA,295.43
1972-09-28,340.006,NA,NA,NA,295.107
1972-09-29,336.138,NA,NA,NA,294.781
1972-09-30,332.687,NA,NA,NA,294.562
1972-10-01,331.094,NA,NA,NA,294.422
1972-10-02,329.47,NA,NA,NA,294.205
1972-10-03,325.887,NA,NA,NA,293.998
1972-10-04,324.419,NA,NA,NA,293.87
1972-10-05,322.989,NA,NA,NA,293.745
1972-10-06,321.53,NA,NA,NA,293.614
1972-10-07,320.039,NA,NA,NA,293.455
1972-10-08,318.587,NA,NA,NA,293.355
1972-10-09,317.208,NA,NA,NA,293.251
1972-10-10,315.833,NA,NA,NA,293.135
1972-10-11,314.632,NA,NA,NA,292.971
1972-10-12,313.332,NA,NA,NA,292.843
1972-10-13,311.968,NA,NA,NA,292.73
1972-10-14,310.606,NA,NA,NA,292.678
1972-10-15,310.029,NA,NA,NA,292.623
1972-10-16,309.418,NA,NA,NA,292.495
1972-10-17,307.93,NA,NA,NA,292.413
1972-10-18,306.243,NA,NA,NA,292.193
1972-10-19,304.496,NA,NA,NA,292.044
1972-10-20,302.955,NA,NA,NA,291.898
1972-10-21,301.418,NA,NA,NA,291.764
1972-10-22,299.887,NA,NA,NA,291.636
1972-10-23,298.561,NA,NA,NA,291.514
1972-10-24,297.27,NA,NA,NA,291.38
1972-10-25,295.721,NA,NA,NA,291.261
1972-10-26,294.143,NA,NA,NA,291.096
1972-10-27,291.851,NA,NA,NA,290.852
1972-10-28,290.027,NA,NA,NA,290.703
1972-10-29,288.566,NA,NA,NA,290.56
1972-10-30,286.851,NA,NA,NA,290.398
1972-10-31,285.078,NA,NA,NA,290.221
1972-11-01,282.45,NA,NA,NA,289.938
1972-11-02,278.375,NA,NA,NA,289.7
1972-11-03,277.838,NA,NA,NA,289.63
1972-11-04,277.585,NA,NA,NA,289.664
1972-11-05,278.123,NA,NA,NA,289.743
1972-11-06,278.28,NA,NA,NA,289.661
1972-11-07,276.763,NA,NA,NA,289.456
1972-11-08,274.434,NA,NA,NA,289.298
1972-11-09,272.867,NA,NA,NA,289.066
1972-11-10,271.056,NA,NA,NA,289.021
1972-11-11,270.683,NA,NA,NA,288.914
1972-11-12,268.944,NA,NA,NA,288.704
1972-11-13,266.471,NA,NA,NA,288.399
1972-11-14,262.911,NA,NA,NA,288.002
1972-11-15,258.594,NA,NA,NA,287.564
1972-11-16,254.172,NA,NA,NA,287.097
1972-11-17,249.533,NA,NA,NA,286.613
1972-11-18,244.74,NA,NA,NA,286.119
1972-11-19,240.035,NA,NA,NA,285.646
1972-11-20,235.871,NA,NA,NA,285.143
1972-11-21,231.5,NA,NA,NA,284.674
1972-11-22,227.153,NA,NA,NA,284.281
1972-11-23,222.939,NA,NA,NA,283.924
1972-11-24,221.235,NA,NA,NA,283.732
1972-11-25,219.566,NA,NA,NA,283.586
1972-11-26,218.829,NA,NA,NA,283.909
1972-11-27,224.126,NA,NA,NA,284.241
1972-11-28,225.344,NA,NA,NA,284.211
1972-11-29,223.408,NA,NA,NA,283.964
1972-11-30,221.728,NA,NA,NA,283.781
1972-12-01,219.402,NA,NA,NA,283.586
1972-12-02,218.121,NA,NA,NA,283.391
1972-12-03,216.331,NA,NA,NA,283.104
1972-12-04,212.538,NA,NA,NA,282.617
1972-12-05,207.94,NA,NA,NA,282.102
1972-12-06,203.714,NA,NA,NA,281.699
1972-12-07,201.221,NA,NA,NA,281.349
1972-12-08,196.749,NA,NA,NA,280.389
1972-12-09,187.567,NA,NA,NA,279.285
1972-12-10,178.663,NA,NA,NA,278.164
1972-12-11,169.902,NA,NA,NA,277.008
1972-12-12,161.17,NA,NA,NA,275.853
1972-12-13,152.722,NA,NA,NA,274.936
1972-12-14,142.046,NA,NA,NA,274.424
1972-12-15,143.264,NA,NA,NA,274.235
1972-12-16,144.339,NA,NA,NA,274.155
1972-12-17,145.625,NA,NA,NA,275.268
1972-12-18,161.666,NA,NA,NA,277.472
1972-12-19,174.921,NA,NA,NA,279.895
1972-12-20,198.927,NA,NA,NA,281.977
1972-12-21,211.469,NA,NA,NA,284.467
1972-12-22,238.651,NA,NA,NA,286.375
1972-12-23,251.132,NA,NA,NA,287.597
1972-12-24,263.431,NA,NA,NA,289.002
1972-12-25,278.345,NA,NA,NA,290.218
1972-12-26,287.821,NA,NA,NA,290.669
1972-12-27,287.174,NA,NA,NA,290.426
1972-12-28,286.271,NA,NA,NA,290.392
1972-12-29,283.922,NA,NA,NA,289.874
1972-12-30,276.448,NA,NA,NA,289.17
1972-12-31,270.496,NA,NA,NA,288.646
1973-01-01,264.902,NA,NA,NA,288.051
1973-01-02,258.594,NA,NA,NA,287.439
1973-01-03,252.798,NA,NA,NA,286.981
1973-01-04,248.38,NA,NA,NA,286.411
1973-01-05,243.047,NA,NA,NA,285.747
1973-01-06,235.7,NA,NA,NA,284.942
1973-01-07,227.71,NA,NA,NA,284.095
1973-01-08,220.002,NA,NA,NA,283.196
1973-01-09,212.083,NA,NA,NA,282.562
1973-01-10,207.359,NA,NA,NA,282.01
1973-01-11,203.324,NA,NA,NA,281.751
1973-01-12,203.324,NA,NA,NA,282.297
1973-01-13,215.44,NA,NA,NA,284.497
1973-01-14,238.22,NA,NA,NA,286.262
1973-01-15,246.696,NA,NA,NA,286.521
1973-01-16,246.696,NA,NA,NA,286.494
1973-01-17,246.696,NA,NA,NA,286.478
1973-01-18,245.412,NA,NA,NA,286.244
1973-01-19,242.524,NA,NA,NA,285.866
1973-01-20,238.335,NA,NA,NA,285.652
1973-01-21,237.33,NA,NA,NA,285.518
1973-01-22,235.7,NA,NA,NA,285.308
1973-01-23,233.51,NA,NA,NA,285.046
1973-01-24,230.852,NA,NA,NA,284.769
1973-01-25,228.69,NA,NA,NA,284.595
1973-01-26,227.264,NA,NA,NA,284.391
1973-01-27,225.067,NA,NA,NA,284.284
1973-01-28,225.706,NA,NA,NA,284.339
1973-01-29,226.094,NA,NA,NA,284.372
1973-01-30,226.429,NA,NA,NA,284.482
1973-01-31,228.577,NA,NA,NA,284.756
1973-02-01,231.218,NA,NA,NA,284.979
1973-02-02,232.46,NA,NA,NA,285.098
1973-02-03,232.631,NA,NA,NA,285.146
1973-02-04,234.361,NA,NA,NA,285.335
1973-02-05,236.272,NA,NA,NA,285.564
1973-02-06,238.422,NA,NA,NA,285.802
1973-02-07,240.67,NA,NA,NA,286.006
1973-02-08,242.438,NA,NA,NA,286.177
1973-02-09,243.834,NA,NA,NA,286.323
1973-02-10,245.295,NA,NA,NA,286.497
1973-02-11,247.202,NA,NA,NA,286.701
1973-02-12,249.147,NA,NA,NA,286.887
1973-02-13,250.895,NA,NA,NA,287.027
1973-02-14,252.261,NA,NA,NA,287.18
1973-02-15,253.813,NA,NA,NA,287.329
1973-02-16,255.221,NA,NA,NA,287.466
1973-02-17,256.603,NA,NA,NA,287.625
1973-02-18,258.352,NA,NA,NA,287.798
1973-02-19,259.988,NA,NA,NA,287.951
1973-02-20,261.387,NA,NA,NA,288.076
1973-02-21,262.545,NA,NA,NA,288.182
1973-02-22,263.461,NA,NA,NA,288.274
1973-02-23,264.35,NA,NA,NA,288.35
1973-02-24,265.056,NA,NA,NA,288.423
1973-02-25,265.948,NA,NA,NA,288.566
1973-02-26,267.829,NA,NA,NA,288.755
1973-02-27,269.813,NA,NA,NA,289.011
1973-02-28,272.742,NA,NA,NA,289.258
1973-03-01,275.219,NA,NA,NA,289.639
1973-03-02,280.344,NA,NA,NA,290.124
1973-03-03,285.046,NA,NA,NA,290.538
1973-03-04,289.182,NA,NA,NA,290.898
1973-03-05,292.8,NA,NA,NA,291.218
1973-03-06,296.035,NA,NA,NA,291.499
1973-03-07,298.892,NA,NA,NA,291.742
1973-03-08,301.451,NA,NA,NA,291.968
1973-03-09,303.758,NA,NA,NA,292.181
1973-03-10,306.277,NA,NA,NA,292.657
1973-03-11,314.537,NA,NA,NA,293.327
1973-03-12,320.489,NA,NA,NA,293.766
1973-03-13,324.978,NA,NA,NA,294.159
1973-03-14,329.259,NA,NA,NA,294.498
1973-03-15,332.864,NA,NA,NA,294.888
1973-03-16,336.138,NA,NA,NA,295.065
1973-03-17,339.826,NA,NA,NA,295.394
1973-03-18,343.432,NA,NA,NA,295.662
1973-03-19,346.769,NA,NA,NA,295.982
1973-03-20,350.488,NA,NA,NA,296.278
1973-03-21,353.897,NA,NA,NA,296.555
1973-03-22,357.137,NA,NA,NA,296.814
1973-03-23,360.28,NA,NA,NA,297.058
1973-03-24,363.14,NA,NA,NA,297.29
1973-03-25,365.898,NA,NA,NA,297.515
1973-03-26,368.667,NA,NA,NA,297.741
1973-03-27,371.334,NA,NA,NA,297.951
1973-03-28,373.974,NA,NA,NA,298.155
1973-03-29,376.394,NA,NA,NA,298.323
1973-03-30,377.341,NA,NA,NA,298.424
1973-03-31,379.965,NA,NA,NA,298.674
1973-04-01,383.246,NA,NA,NA,298.933
1973-04-02,386.465,NA,NA,NA,299.173
1973-04-03,389.35,NA,NA,NA,299.396
1973-04-04,392.052,NA,NA,NA,299.603
1973-04-05,394.714,NA,NA,NA,299.826
1973-04-06,397.639,NA,NA,NA,300.06
1973-04-07,400.644,NA,NA,NA,300.274
1973-04-08,403.228,NA,NA,NA,300.457
1973-04-09,405.466,NA,NA,NA,300.633
1973-04-10,407.711,NA,NA,NA,300.804
1973-04-11,409.922,NA,NA,NA,300.978
1973-04-12,412.18,NA,NA,NA,301.155
1973-04-13,414.449,NA,NA,NA,301.334
1973-04-14,416.832,NA,NA,NA,301.511
1973-04-15,418.988,NA,NA,NA,301.661
1973-04-16,420.95,NA,NA,NA,301.856
1973-04-17,424.727,NA,NA,NA,302.258
1973-04-18,430.18,NA,NA,NA,302.572
1973-04-19,433.794,NA,NA,NA,302.822
1973-04-20,436.852,NA,NA,NA,303.044
1973-04-21,439.716,NA,NA,NA,303.236
1973-04-22,442.22,NA,NA,NA,303.45
1973-04-23,445.308,NA,NA,NA,303.678
1973-04-24,448.284,NA,NA,NA,303.876
1973-04-25,450.73,NA,NA,NA,304.044
1973-04-26,452.973,NA,NA,NA,304.218
1973-04-27,455.141,NA,NA,NA,304.373
1973-04-28,457.229,NA,NA,NA,304.541
1973-04-29,459.994,NA,NA,NA,304.724
1973-04-30,462.305,NA,NA,NA,304.852
1973-05-01,463.315,NA,NA,NA,304.916
1973-05-02,464.117,NA,NA,NA,304.971
1973-05-03,464.875,NA,NA,NA,305.026
1973-05-04,465.635,NA,NA,NA,305.08
1973-05-05,466.269,NA,NA,NA,305.151
1973-05-06,467.877,NA,NA,NA,305.263
1973-05-07,469.448,NA,NA,NA,305.346
1973-05-08,469.957,NA,NA,NA,305.397
1973-05-09,470.892,NA,NA,NA,305.495
1973-05-10,472.98,NA,NA,NA,305.647
1973-05-11,475.03,NA,NA,NA,305.772
1973-05-12,476.186,NA,NA,NA,305.864
1973-05-13,477.903,NA,NA,NA,305.98
1973-05-14,479.578,NA,NA,NA,306.068
1973-05-15,480.269,NA,NA,NA,306.095
1973-05-16,480.698,NA,NA,NA,306.126
1973-05-17,481.057,NA,NA,NA,306.175
1973-05-18,481.949,NA,NA,NA,306.239
1973-05-19,482.769,NA,NA,NA,306.287
1973-05-20,483.37,NA,NA,NA,306.324
1973-05-21,483.808,NA,NA,NA,306.345
1973-05-22,484.024,NA,NA,NA,306.351
1973-05-23,484.068,NA,NA,NA,306.364
1973-05-24,484.501,NA,NA,NA,306.425
1973-05-25,485.931,NA,NA,NA,306.592
1973-05-26,487.929,NA,NA,NA,306.678
1973-05-27,489.278,NA,NA,NA,306.751
1973-05-28,490.064,NA,NA,NA,306.803
1973-05-29,490.805,NA,NA,NA,306.83
1973-05-30,490.981,NA,NA,NA,306.842
1973-05-31,491.067,NA,NA,NA,306.845
1973-06-01,491.154,NA,NA,NA,306.848
1973-06-02,491.111,NA,NA,NA,306.845
1973-06-03,491.068,NA,NA,NA,306.842
1973-06-04,491.067,NA,NA,NA,306.833
1973-06-05,490.893,NA,NA,NA,306.821
1973-06-06,490.587,NA,NA,NA,306.799
1973-06-07,490.238,NA,NA,NA,306.775
1973-06-08,489.889,NA,NA,NA,306.748
1973-06-09,489.452,NA,NA,NA,306.717
1973-06-10,489.017,NA,NA,NA,306.684
1973-06-11,488.538,NA,NA,NA,306.589
1973-06-12,485.627,NA,NA,NA,306.358
1973-06-13,481.992,NA,NA,NA,306.169
1973-06-14,480.269,NA,NA,NA,306.062
1973-06-15,479.621,NA,NA,NA,306.025
1973-06-16,479.149,NA,NA,NA,306.028
1973-06-17,479.32,NA,NA,NA,306.12
1973-06-18,482.08,NA,NA,NA,306.3
1973-06-19,484.154,NA,NA,NA,306.415
1973-06-20,485.541,NA,NA,NA,306.476
1973-06-21,486.017,NA,NA,NA,306.507
1973-06-22,486.408,NA,NA,NA,306.528
1973-06-23,486.539,NA,NA,NA,306.55
1973-06-24,486.365,NA,NA,NA,306.534
1973-06-25,486.322,NA,NA,NA,306.534
1973-06-26,486.972,NA,NA,NA,306.632
1973-06-27,488.8,NA,NA,NA,306.726
1973-06-28,489.715,NA,NA,NA,306.778
1973-06-29,490.281,NA,NA,NA,306.793
1973-06-30,490.324,NA,NA,NA,306.784
1973-07-01,490.02,NA,NA,NA,306.769
1973-07-02,489.889,NA,NA,NA,306.76
1973-07-03,489.671,NA,NA,NA,306.751
1973-07-04,456.105,NA,NA,NA,306.726
1973-07-05,489.06,NA,NA,NA,306.702
1973-07-06,488.626,NA,NA,NA,306.671
1973-07-07,488.103,NA,NA,NA,306.629
1973-07-08,487.407,NA,NA,NA,306.583
1973-07-09,486.972,NA,NA,NA,306.553
1973-07-10,486.365,NA,NA,NA,306.501
1973-07-11,485.41,NA,NA,NA,306.431
1973-07-12,484.284,NA,NA,NA,306.358
1973-07-13,483.375,NA,NA,NA,306.284
1973-07-14,482.209,NA,NA,NA,306.208
1973-07-15,480.785,NA,NA,NA,306.092
1973-07-16,479.621,NA,NA,NA,305.995
1973-07-17,477.774,NA,NA,NA,305.861
1973-07-18,475.888,NA,NA,NA,305.727
1973-07-19,474.004,NA,NA,NA,305.589
1973-07-20,472.085,NA,NA,NA,305.452
1973-07-21,470.127,NA,NA,NA,305.315
1973-07-22,468.217,NA,NA,NA,305.178
1973-07-23,466.269,NA,NA,NA,305.035
1973-07-24,464.284,NA,NA,NA,304.894
1973-07-25,462.347,NA,NA,NA,304.745
1973-07-26,460.33,NA,NA,NA,304.605
1973-07-27,458.401,NA,NA,NA,304.462
1973-07-28,456.394,NA,NA,NA,304.34
1973-07-29,454.932,NA,NA,NA,304.227
1973-07-30,453.348,NA,NA,NA,304.111
1973-07-31,451.726,NA,NA,NA,303.995
1973-08-01,450.149,NA,NA,NA,303.876
1973-08-02,448.57,NA,NA,NA,303.758
1973-08-03,446.877,NA,NA,NA,303.639
1973-08-04,445.267,NA,NA,NA,303.511
1973-08-05,443.33,NA,NA,NA,303.367
1973-08-06,441.398,NA,NA,NA,303.224
1973-08-07,439.469,NA,NA,NA,303.084
1973-08-08,437.546,NA,NA,NA,302.938
1973-08-09,435.627,NA,NA,NA,302.788
1973-08-10,433.59,NA,NA,NA,302.639
1973-08-11,431.558,NA,NA,NA,302.484
1973-08-12,429.572,NA,NA,NA,302.331
1973-08-13,427.509,NA,NA,NA,302.182
1973-08-14,425.491,NA,NA,NA,302.026
1973-08-15,423.439,NA,NA,NA,301.871
1973-08-16,421.352,NA,NA,NA,301.688
1973-08-17,418.789,NA,NA,NA,301.493
1973-08-18,416.193,NA,NA,NA,301.298
1973-08-19,413.608,NA,NA,NA,301.097
1973-08-20,410.992,NA,NA,NA,300.896
1973-08-21,408.382,NA,NA,NA,300.697
1973-08-22,405.782,NA,NA,NA,300.493
1973-08-23,403.149,NA,NA,NA,300.289
1973-08-24,400.527,NA,NA,NA,300.109
1973-08-25,398.537,NA,NA,NA,299.938
1973-08-26,396.162,NA,NA,NA,299.749
1973-08-27,393.638,NA,NA,NA,299.53
1973-08-28,391.086,NA,NA,NA,299.335
1973-08-29,388.503,NA,NA,NA,299.183
1973-08-30,386.964,NA,NA,NA,298.981
1973-08-31,383.246,NA,NA,NA,298.716
1973-09-01,380.726,NA,NA,NA,298.509
1973-09-02,378.139,NA,NA,NA,298.302
1973-09-03,375.523,NA,NA,NA,298.094
1973-09-04,372.992,NA,NA,NA,297.887
1973-09-05,370.433,NA,NA,NA,297.674
1973-09-06,367.731,NA,NA,NA,297.476
1973-09-07,365.696,NA,NA,NA,297.348
1973-09-08,363.735,NA,NA,NA,297.165
1973-09-09,361.653,NA,NA,NA,296.994
1973-09-10,359.686,NA,NA,NA,296.829
1973-09-11,357.709,NA,NA,NA,296.68
1973-09-12,356.546,NA,NA,NA,296.592
1973-09-13,355.441,NA,NA,NA,296.497
1973-09-14,354.19,NA,NA,NA,296.336
1973-09-15,351.476,NA,NA,NA,296.11
1973-09-16,348.736,NA,NA,NA,295.879
1973-09-17,345.933,NA,NA,NA,295.708
1973-09-18,344.735,NA,NA,NA,295.589
1973-09-19,343.179,NA,NA,NA,295.494
1973-09-20,342.456,NA,NA,NA,295.433
1973-09-21,341.95,NA,NA,NA,295.406
1973-09-22,341.95,NA,NA,NA,295.424
1973-09-23,341.987,NA,NA,NA,295.543
1973-09-24,344.772,NA,NA,NA,295.906
1973-09-25,351.623,NA,NA,NA,296.482
1973-09-26,356.767,NA,NA,NA,296.753
1973-09-27,359.059,NA,NA,NA,296.9
1973-09-28,360.465,NA,NA,NA,296.86
1973-09-29,358.208,NA,NA,NA,296.796
1973-09-30,358.467,NA,NA,NA,296.802
1973-10-01,358.208,NA,NA,NA,296.784
1973-10-02,358.208,NA,NA,NA,296.634
1973-10-03,354.264,NA,NA,NA,296.311
1973-10-04,350.233,NA,NA,NA,295.988
1973-10-05,346.583,NA,NA,NA,295.671
1973-10-06,342.377,NA,NA,NA,295.318
1973-10-07,338.344,NA,NA,NA,295.01
1973-10-08,334.31,NA,NA,NA,294.626
1973-10-09,330.104,NA,NA,NA,294.257
1973-10-10,325.811,NA,NA,NA,293.882
1973-10-11,321.42,NA,NA,NA,293.498
1973-10-12,317.104,NA,NA,NA,293.132
1973-10-13,325.087,NA,NA,NA,292.727
1973-10-14,308.37,NA,NA,NA,292.325
1973-10-15,303.891,NA,NA,NA,291.916
1973-10-16,299.29,NA,NA,NA,291.502
1973-10-17,294.833,NA,NA,NA,291.084
1973-10-18,290.255,NA,NA,NA,290.654
1973-10-19,285.658,NA,NA,NA,290.237
1973-10-20,281.204,NA,NA,NA,289.81
1973-10-21,276.953,NA,NA,NA,289.469
1973-10-22,274.811,NA,NA,NA,289.264
1973-10-23,271.805,NA,NA,NA,288.917
1973-10-24,267.891,NA,NA,NA,288.569
1973-10-25,264.902,NA,NA,NA,288.316
1973-10-26,262.423,NA,NA,NA,288.024
1973-10-27,259.139,NA,NA,NA,287.667
1973-10-28,255.371,NA,NA,NA,287.317
1973-10-29,252.322,NA,NA,NA,287.015
1973-10-30,249.265,NA,NA,NA,286.67
1973-10-31,246.696,NA,NA,NA,286.844
1973-11-01,259.29,NA,NA,NA,288.493
1973-11-02,270.807,NA,NA,NA,289.118
1973-11-03,272.523,NA,NA,NA,289.121
1973-11-04,271.366,NA,NA,NA,289.024
1973-11-05,270.216,NA,NA,NA,288.926
1973-11-06,231.783,NA,NA,NA,288.935
1973-11-07,271.182,NA,NA,NA,289.145
1973-11-08,273.274,NA,NA,NA,289.38
1973-11-09,278.44,NA,NA,NA,290.587
1973-11-10,295.539,NA,NA,NA,292.209
1973-11-11,311.593,NA,NA,NA,293.248
1973-11-12,322.745,NA,NA,NA,294.498
1973-11-13,339.467,NA,NA,NA,295.58
1973-11-14,346.588,NA,NA,NA,295.885
1973-11-15,347.679,NA,NA,NA,296.223
1973-11-16,360.28,NA,NA,NA,298.006
1973-11-17,382.597,NA,NA,NA,298.92
1973-11-18,382.712,NA,NA,NA,298.229
1973-11-19,370.044,NA,NA,NA,296.994
1973-11-20,353.089,NA,NA,NA,295.69
1973-11-21,338.247,NA,NA,NA,294.437
1973-11-22,323.279,NA,NA,NA,293.09
1973-11-23,307.479,NA,NA,NA,291.63
1973-11-24,291.851,NA,NA,NA,290.334
1973-11-25,280.28,NA,NA,NA,289.511
1973-11-26,274.716,NA,NA,NA,289.167
1973-11-27,271.366,NA,NA,NA,288.938
1973-11-28,271.898,NA,NA,NA,289.389
1973-11-29,279.55,NA,NA,NA,290.383
1973-11-30,289.442,NA,NA,NA,290.804
1973-12-01,289.312,NA,NA,NA,290.575
1973-12-02,285.786,NA,NA,NA,290.145
1973-12-03,280.28,NA,NA,NA,289.56
1973-12-04,273.807,NA,NA,NA,288.877
1973-12-05,266.224,NA,NA,NA,288.079
1973-12-06,257.628,NA,NA,NA,287.332
1973-12-07,253.813,NA,NA,NA,288.566
1973-12-08,281.652,NA,NA,NA,290.737
1973-12-09,292.178,NA,NA,NA,291.005
1973-12-10,291.885,NA,NA,NA,290.855
1973-12-11,289.312,NA,NA,NA,290.596
1973-12-12,286.916,NA,NA,NA,290.343
1973-12-13,282.994,NA,NA,NA,289.804
1973-12-14,276.006,NA,NA,NA,289.078
1973-12-15,268.293,NA,NA,NA,288.429
1973-12-16,262.973,NA,NA,NA,288.31
1973-12-17,268.51,NA,NA,NA,289.792
1973-12-18,288.76,NA,NA,NA,291.008
1973-12-19,291.982,NA,NA,NA,290.453
1973-12-20,280.886,NA,NA,NA,289.712
1973-12-21,283.09,NA,NA,NA,291.227
1973-12-22,300.952,NA,NA,NA,292.004
1973-12-23,304.16,NA,NA,NA,292.041
1973-12-24,302.922,NA,NA,NA,291.727
1973-12-25,299.424,NA,NA,NA,291.77
1973-12-26,301.186,NA,NA,NA,291.233
1973-12-27,293.093,NA,NA,NA,291.069
1973-12-28,297.832,NA,NA,NA,292.227
1973-12-29,309.69,NA,NA,NA,292.965
1973-12-30,319.97,NA,NA,NA,293.766
1973-12-31,322.815,NA,NA,NA,293.455
1974-01-01,314.291,NA,NA,NA,290.926
1974-01-02,283.377,NA,NA,NA,289.353
1974-01-03,268.048,NA,NA,NA,288.073
1974-01-04,380.704,NA,NA,NA,287.24
1974-01-05,250.242,NA,NA,NA,286.506
1974-01-06,243.165,NA,NA,NA,285.741
1974-01-07,235.595,NA,NA,NA,284.909
1974-01-08,227.599,NA,NA,NA,284.052
1974-01-09,219.701,NA,NA,NA,283.174
1974-01-10,211.896,NA,NA,NA,282.266
1974-01-11,204.602,NA,NA,NA,281.937
1974-01-12,204.576,NA,NA,NA,282.294
1974-01-13,211.87,NA,NA,NA,283.473
1974-01-14,226.066,NA,NA,NA,286.841
1974-01-15,279.423,NA,NA,NA,292.001
1974-01-16,321.98,NA,NA,NA,294.988
1974-01-17,347.133,NA,NA,NA,296.272
1974-01-18,356.73,NA,NA,NA,297.15
1974-01-19,365.824,NA,NA,NA,297.241
1974-01-20,300.439,NA,NA,NA,296.348
1974-01-21,298.289,NA,NA,NA,295.083
1974-01-22,330.458,NA,NA,NA,293.708
1974-01-23,314.565,NA,NA,NA,292.285
1974-01-24,298.395,NA,NA,NA,290.861
1974-01-25,285.24,NA,NA,NA,290.17
1974-01-26,281.906,NA,NA,NA,289.886
1974-01-27,279.106,NA,NA,NA,289.618
1974-01-28,276.196,NA,NA,NA,289.313
1974-01-29,272.836,NA,NA,NA,289.014
1974-01-30,270.216,NA,NA,NA,289.014
1974-01-31,274.559,NA,NA,NA,289.648
1974-02-01,279.899,NA,NA,NA,289.856
1974-02-02,279.74,NA,NA,NA,289.676
1974-02-03,276.7,NA,NA,NA,289.511
1974-02-04,276.953,NA,NA,NA,289.542
1974-02-05,275.377,NA,NA,NA,289.411
1974-02-06,274.622,NA,NA,NA,289.307
1974-02-07,273.055,NA,NA,NA,289.142
1974-02-08,271.366,NA,NA,NA,289.149
1974-02-09,274.057,NA,NA,NA,289.402
1974-02-10,276.385,NA,NA,NA,289.526
1974-02-11,276.731,NA,NA,NA,289.548
1974-02-12,276.826,NA,NA,NA,289.536
1974-02-13,276.385,NA,NA,NA,289.563
1974-02-14,280.759,NA,NA,NA,289.825
1974-02-15,282.321,NA,NA,NA,290.505
1974-02-16,291.069,NA,NA,NA,291.252
1974-02-17,298.218,NA,NA,NA,291.846
1974-02-18,307.288,NA,NA,NA,293.4
1974-02-19,323.896,NA,NA,NA,294.004
1974-02-20,326.167,NA,NA,NA,294.031
1974-02-21,325.327,NA,NA,NA,294.147
1974-02-22,328.202,NA,NA,NA,294.412
1974-02-23,331.695,NA,NA,NA,294.702
1974-02-24,334.961,NA,NA,NA,294.86
1974-02-25,334.891,NA,NA,NA,294.903
1974-02-26,335.71,NA,NA,NA,294.934
1974-02-27,335.959,NA,NA,NA,295.016
1974-02-28,337.818,NA,NA,NA,295.171
1974-03-01,339.431,NA,NA,NA,295.336
1974-03-02,341.662,NA,NA,NA,295.482
1974-03-03,342.926,NA,NA,NA,295.558
1974-03-04,343.757,NA,NA,NA,295.857
1974-03-05,352.062,NA,NA,NA,296.634
1974-03-06,359.17,NA,NA,NA,296.851
1974-03-07,357.948,NA,NA,NA,296.659
1974-03-08,354.925,NA,NA,NA,296.613
1974-03-09,357.321,NA,NA,NA,296.814
1974-03-10,359.762,NA,NA,NA,296.961
1974-03-11,360.502,NA,NA,NA,297.055
1974-03-12,361.95,NA,NA,NA,297.143
1974-03-13,362.731,NA,NA,NA,297.271
1974-03-14,366.571,NA,NA,NA,298.04
1974-03-15,379.316,NA,NA,NA,298.786
1974-03-16,386.925,NA,NA,NA,299.49
1974-03-17,395.307,NA,NA,NA,299.871
1974-03-18,397.639,NA,NA,NA,300.012
1974-03-19,398.497,NA,NA,NA,300.015
1974-03-20,397.912,NA,NA,NA,299.917
1974-03-21,396.006,NA,NA,NA,299.768
1974-03-22,394.027,NA,NA,NA,299.716
1974-03-23,394.298,NA,NA,NA,299.722
1974-03-24,394.22,NA,NA,NA,299.722
1974-03-25,394.714,NA,NA,NA,299.81
1974-03-26,396.122,NA,NA,NA,299.954
1974-03-27,398.652,NA,NA,NA,300.31
1974-03-28,405.978,NA,NA,NA,300.941
1974-03-29,413.529,NA,NA,NA,301.487
1974-03-30,423.359,NA,NA,NA,302.227
1974-03-31,429.531,NA,NA,NA,302.566
1974-04-01,434.201,NA,NA,NA,302.855
1974-04-02,437.057,NA,NA,NA,302.913
1974-04-03,435.832,NA,NA,NA,302.74
1974-04-04,430.747,NA,NA,NA,302.133
1974-04-05,424.405,NA,NA,NA,301.95
1974-04-06,423.319,NA,NA,NA,301.856
1974-04-07,421.673,NA,NA,NA,301.691
1974-04-08,419.383,NA,NA,NA,301.694
1974-04-09,420.308,NA,NA,NA,301.84
1974-04-10,424.13,NA,NA,NA,302.179
1974-04-11,430.666,NA,NA,NA,302.767
1974-04-12,437.505,NA,NA,NA,303.178
1974-04-13,441.809,NA,NA,NA,303.441
1974-04-14,444.895,NA,NA,NA,303.654
1974-04-15,447.581,NA,NA,NA,303.767
1974-04-16,447.415,NA,NA,NA,303.779
1974-04-17,448.491,NA,NA,NA,303.886
1974-04-18,449.817,NA,NA,NA,303.983
1974-04-19,452.225,NA,NA,NA,304.139
1974-04-20,454.014,NA,NA,NA,304.248
1974-04-21,455.433,NA,NA,NA,304.376
1974-04-22,457.522,NA,NA,NA,304.51
1974-04-23,458.065,NA,NA,NA,304.495
1974-04-24,456.602,NA,NA,NA,304.248
1974-04-25,452.766,NA,NA,NA,304.117
1974-04-26,451.85,NA,NA,NA,304.117
1974-04-27,453.599,NA,NA,NA,304.251
1974-04-28,455.894,NA,NA,NA,304.416
1974-04-29,458.317,NA,NA,NA,304.608
1974-04-30,461.17,NA,NA,NA,304.846
1974-05-01,464.452,NA,NA,NA,305.013
1974-05-02,465.129,NA,NA,NA,305.062
1974-05-03,467.073,NA,NA,NA,305.172
1974-05-04,468.345,NA,NA,NA,305.33
1974-05-05,471.062,NA,NA,NA,305.596
1974-05-06,474.987,NA,NA,NA,305.879
1974-05-07,479.063,NA,NA,NA,306.12
1974-05-08,481.647,NA,NA,NA,306.248
1974-05-09,483.159,NA,NA,NA,306.318
1974-05-10,483.677,NA,NA,NA,306.443
1974-05-11,486.972,NA,NA,NA,306.769
1974-05-12,491.766,NA,NA,NA,307.022
1974-05-13,494.086,NA,NA,NA,307.095
1974-05-14,494.963,NA,NA,NA,307.129
1974-05-15,495.271,NA,NA,NA,307.156
1974-05-16,495.578,NA,NA,NA,307.162
1974-05-17,495.447,NA,NA,NA,307.202
1974-05-18,495.885,NA,NA,NA,307.232
1974-05-19,496.149,NA,NA,NA,307.251
1974-05-20,496.677,NA,NA,NA,307.269
1974-05-21,496.852,NA,NA,NA,307.251
1974-05-22,496.457,NA,NA,NA,307.26
1974-05-23,496.72,NA,NA,NA,307.287
1974-05-24,497.337,NA,NA,NA,307.345
1974-05-25,498.526,NA,NA,NA,307.497
1974-05-26,501.396,NA,NA,NA,307.68
1974-05-27,504.011,NA,NA,NA,307.805
1974-05-28,504.322,NA,NA,NA,307.647
1974-05-29,501.086,NA,NA,NA,307.437
1974-05-30,498.703,NA,NA,NA,307.351
1974-05-31,497.997,NA,NA,NA,307.348
1974-06-01,497.645,NA,NA,NA,307.351
1974-06-02,498.085,NA,NA,NA,307.376
1974-06-03,498.217,NA,NA,NA,307.455
1974-06-04,501.396,NA,NA,NA,307.717
1974-06-05,504.189,NA,NA,NA,307.671
1974-06-06,501.44,NA,NA,NA,307.44
1974-06-07,498.13,NA,NA,NA,307.269
1974-06-08,497.028,NA,NA,NA,307.278
1974-06-09,497.337,NA,NA,NA,307.333
1974-06-10,498.13,NA,NA,NA,307.388
1974-06-11,498.703,NA,NA,NA,307.427
1974-06-12,499.63,NA,NA,NA,307.491
1974-06-13,500.424,NA,NA,NA,307.543
1974-06-14,501.396,NA,NA,NA,307.635
1974-06-15,502.947,NA,NA,NA,307.729
1974-06-16,504.455,NA,NA,NA,307.793
1974-06-17,505.166,NA,NA,NA,307.848
1974-06-18,505.21,NA,NA,NA,307.808
1974-06-19,503.611,NA,NA,NA,307.723
1974-06-20,503.345,NA,NA,NA,307.705
1974-06-21,503.567,NA,NA,NA,307.754
1974-06-22,504.1,NA,NA,NA,307.808
1974-06-23,505.21,NA,NA,NA,307.848
1974-06-24,505.744,NA,NA,NA,307.848
1974-06-25,504.544,NA,NA,NA,307.793
1974-06-26,504.766,NA,NA,NA,307.79
1974-06-27,504.855,NA,NA,NA,307.805
1974-06-28,504.899,NA,NA,NA,307.818
1974-06-29,505.121,NA,NA,NA,307.848
1974-06-30,505.433,NA,NA,NA,307.848
1974-07-01,505.433,NA,NA,NA,307.848
1974-07-02,505.344,NA,NA,NA,307.848
1974-07-03,505.299,NA,NA,NA,307.848
1974-07-04,505.299,NA,NA,NA,307.848
1974-07-05,505.727,NA,NA,NA,307.857
1974-07-06,505.727,NA,NA,NA,307.857
1974-07-07,505.489,NA,NA,NA,307.875
1974-07-08,505.79,NA,NA,NA,307.885
1974-07-09,505.79,NA,NA,NA,307.885
1974-07-10,505.967,NA,NA,NA,307.903
1974-07-11,506.101,NA,NA,NA,307.9
1974-07-12,505.879,NA,NA,NA,307.885
1974-07-13,505.727,NA,NA,NA,307.866
1974-07-14,505.344,NA,NA,NA,307.848
1974-07-15,504.944,NA,NA,NA,307.848
1974-07-16,505.389,NA,NA,NA,307.866
1974-07-17,505.834,NA,NA,NA,307.872
1974-07-18,505.879,NA,NA,NA,307.894
1974-07-19,506.056,NA,NA,NA,307.878
1974-07-20,505.967,NA,NA,NA,307.875
1974-07-21,505.879,NA,NA,NA,307.866
1974-07-22,505.727,NA,NA,NA,307.854
1974-07-23,505.566,NA,NA,NA,307.848
1974-07-24,505.389,NA,NA,NA,307.848
1974-07-25,505.256,NA,NA,NA,307.811
1974-07-26,504.855,NA,NA,NA,307.781
1974-07-27,504.277,NA,NA,NA,307.735
1974-07-28,503.611,NA,NA,NA,307.693
1974-07-29,502.902,NA,NA,NA,307.644
1974-07-30,502.237,NA,NA,NA,307.595
1974-07-31,501.529,NA,NA,NA,307.543
1974-08-01,500.734,NA,NA,NA,307.488
1974-08-02,499.938,NA,NA,NA,307.44
1974-08-03,499.32,NA,NA,NA,307.397
1974-08-04,498.659,NA,NA,NA,307.342
1974-08-05,497.777,NA,NA,NA,307.29
1974-08-06,497.117,NA,NA,NA,307.251
1974-08-07,496.677,NA,NA,NA,307.226
1974-08-08,496.325,NA,NA,NA,307.202
1974-08-09,495.972,NA,NA,NA,307.177
1974-08-10,495.578,NA,NA,NA,307.147
1974-08-11,495.183,NA,NA,NA,307.113
1974-08-12,494.568,NA,NA,NA,307.059
1974-08-13,493.867,NA,NA,NA,307.013
1974-08-14,493.392,NA,NA,NA,306.961
1974-08-15,493.392,NA,NA,NA,306.909
1974-08-16,491.591,NA,NA,NA,306.857
1974-08-17,490.805,NA,NA,NA,306.799
1974-08-18,490.02,NA,NA,NA,306.76
1974-08-19,489.54,NA,NA,NA,306.717
1974-08-20,488.887,NA,NA,NA,306.671
1974-08-21,488.146,NA,NA,NA,306.62
1974-08-22,487.407,NA,NA,NA,306.565
1974-08-23,486.713,NA,NA,NA,306.516
1974-08-24,485.931,NA,NA,NA,306.464
1974-08-25,485.236,NA,NA,NA,306.412
1974-08-26,484.501,NA,NA,NA,306.358
1974-08-27,483.72,NA,NA,NA,306.303
1974-08-28,482.943,NA,NA,NA,306.223
1974-08-29,480.877,NA,NA,NA,306.083
1974-08-30,479.019,NA,NA,NA,305.943
1974-08-31,476.958,NA,NA,NA,305.797
1974-09-01,474.987,NA,NA,NA,305.656
1974-09-02,472.98,NA,NA,NA,305.51
1974-09-03,471.02,NA,NA,NA,305.397
1974-09-04,469.065,NA,NA,NA,305.233
1974-09-05,467.073,NA,NA,NA,305.08
1974-09-06,465.086,NA,NA,NA,304.934
1974-09-07,463.02,NA,NA,NA,304.788
1974-09-08,461.044,NA,NA,NA,304.651
1974-09-09,459.154,NA,NA,NA,304.51
1974-09-10,457.229,NA,NA,NA,304.364
1974-09-11,455.224,NA,NA,NA,304.212
1974-09-12,452.058,NA,NA,NA,303.959
1974-09-13,447.869,NA,NA,NA,303.691
1974-09-14,445.844,NA,NA,NA,303.541
1974-09-15,443.825,NA,NA,NA,303.392
1974-09-16,441.767,NA,NA,NA,303.206
1974-09-17,438.774,NA,NA,NA,302.98
1974-09-18,435.791,NA,NA,NA,302.758
1974-09-19,432.737,NA,NA,NA,302.532
1974-09-20,429.735,NA,NA,NA,302.337
1974-09-21,427.63,NA,NA,NA,302.182
1974-09-22,425.614,NA,NA,NA,301.99
1974-09-23,422.515,NA,NA,NA,301.74
1974-09-24,419.188,NA,NA,NA,301.487
1974-09-25,415.875,NA,NA,NA,301.228
1974-09-26,412.536,NA,NA,NA,300.972
1974-09-27,409.172,NA,NA,NA,300.746
1974-09-28,406.608,NA,NA,NA,300.554
1974-09-29,403.973,NA,NA,NA,300.31
1974-09-30,400.605,NA,NA,NA,300.048
1974-10-01,397.6,NA,NA,NA,299.817
1974-10-02,394.714,NA,NA,NA,299.567
1974-10-03,390.931,NA,NA,NA,299.271
1974-10-04,387.283,NA,NA,NA,299
1974-10-05,383.706,NA,NA,NA,298.71
1974-10-06,379.965,NA,NA,NA,298.411
1974-10-07,376.28,NA,NA,NA,298.104
1974-10-08,372.125,NA,NA,NA,297.771
1974-10-09,368.217,NA,NA,NA,297.451
1974-10-10,364.257,NA,NA,NA,297.131
1974-10-11,360.391,NA,NA,NA,296.811
1974-10-12,356.436,NA,NA,NA,296.485
1974-10-13,352.501,NA,NA,NA,296.153
1974-10-14,348.48,NA,NA,NA,295.821
1974-10-15,344.481,NA,NA,NA,295.482
1974-10-16,340.44,NA,NA,NA,295.138
1974-10-17,336.353,NA,NA,NA,294.787
1974-10-18,332.227,NA,NA,NA,294.434
1974-10-19,328.027,NA,NA,NA,294.083
1974-10-20,324.104,NA,NA,NA,293.733
1974-10-21,320.108,NA,NA,NA,293.373
1974-10-22,316.004,NA,NA,NA,293.007
1974-10-23,311.866,NA,NA,NA,292.645
1974-10-24,307.93,NA,NA,NA,292.294
1974-10-25,304.026,NA,NA,NA,291.94
1974-10-26,300.454,NA,NA,NA,291.617
1974-10-27,297.172,NA,NA,NA,291.334
1974-10-28,294.143,NA,NA,NA,290.986
1974-10-29,288.274,NA,NA,NA,290.404
1974-10-30,281.938,NA,NA,NA,289.886
1974-10-31,NA,NA,NA,NA,NA
1974-11-01,276.385,NA,NA,NA,289.563
1974-11-02,275.219,NA,NA,NA,289.231
1974-11-03,271.711,NA,NA,NA,288.886
1974-11-04,268.17,NA,NA,NA,288.536
1974-11-05,264.32,NA,NA,NA,288.194
1974-11-06,260.9,NA,NA,NA,287.862
1974-11-07,258.05,NA,NA,NA,287.716
1974-11-08,257.778,NA,NA,NA,287.585
1974-11-09,254.082,NA,NA,NA,287.167
1974-11-10,251.072,NA,NA,NA,286.875
1974-11-11,248.202,NA,NA,NA,286.561
1974-11-12,245.032,NA,NA,NA,286.219
1974-11-13,241.712,NA,NA,NA,285.86
1974-11-14,238.163,NA,NA,NA,285.5
1974-11-15,234.646,NA,NA,NA,285.119
1974-11-16,231.19,NA,NA,NA,284.802
1974-11-17,229.362,NA,NA,NA,284.616
1974-11-18,228.017,NA,NA,NA,284.647
1974-11-19,229.699,NA,NA,NA,284.848
1974-11-20,231.218,NA,NA,NA,285.009
1974-11-21,232.744,NA,NA,NA,285.104
1974-11-22,233.367,NA,NA,NA,285.183
1974-11-23,234.077,NA,NA,NA,285.57
1974-11-24,241.683,NA,NA,NA,286.262
1974-11-25,244.74,NA,NA,NA,286.469
1974-11-26,246.696,NA,NA,NA,286.463
1974-11-27,243.543,NA,NA,NA,286.015
1974-11-28,241.741,NA,NA,NA,285.869
1974-11-29,238.076,NA,NA,NA,285.46
1974-11-30,234.077,NA,NA,NA,284.997
1974-12-01,229.558,NA,NA,NA,284.494
1974-12-02,224.873,NA,NA,NA,283.976
1974-12-03,220.085,NA,NA,NA,283.443
1974-12-04,215.359,NA,NA,NA,282.952
1974-12-05,211.443,NA,NA,NA,282.528
1974-12-06,207.834,NA,NA,NA,282.358
1974-12-07,209.209,NA,NA,NA,282.586
1974-12-08,210.697,NA,NA,NA,282.69
1974-12-09,211.283,NA,NA,NA,282.726
1974-12-10,211.443,NA,NA,NA,282.736
1974-12-11,212.457,NA,NA,NA,283.424
1974-12-12,219.483,NA,NA,NA,283.51
1974-12-13,218.692,NA,NA,NA,283.479
1974-12-14,217.74,NA,NA,NA,283.555
1974-12-15,222.026,NA,NA,NA,284.263
1974-12-16,229.952,NA,NA,NA,285.107
1974-12-17,235.473,NA,NA,NA,285.564
1974-12-18,238.651,NA,NA,NA,285.677
1974-12-19,238.479,NA,NA,NA,285.649
1974-12-20,261.448,NA,NA,NA,287.966
1974-12-21,282.865,NA,NA,NA,291.334
1974-12-22,302.621,NA,NA,NA,292.069
1974-12-23,302.052,NA,NA,NA,291.441
1974-12-24,291.363,NA,NA,NA,290.609
1974-12-25,277.237,NA,NA,NA,288.761
1974-12-26,260.991,NA,NA,NA,287.119
1974-12-27,246.696,NA,NA,NA,287.192
1974-12-28,257.658,NA,NA,NA,287.682
1974-12-29,257.568,NA,NA,NA,287.475
1974-12-30,254.321,NA,NA,NA,287.067
1974-12-31,249.533,NA,NA,NA,286.506
1975-01-01,243.573,NA,NA,NA,285.869
1975-01-02,237.388,NA,NA,NA,285.171
1975-01-03,230.571,NA,NA,NA,284.452
1975-01-04,225.011,NA,NA,NA,284.54
1975-01-05,227.851,NA,NA,NA,287.454
1975-01-06,254.472,NA,NA,NA,285.86
1975-01-07,240.236,NA,NA,NA,285.479
1975-01-08,234.219,NA,NA,NA,285.29
1975-01-09,233.964,NA,NA,NA,284.799
1975-01-10,227.487,NA,NA,NA,284.138
1975-01-11,221.235,NA,NA,NA,283.339
1975-01-12,213.234,NA,NA,NA,282.531
1975-01-13,209.713,NA,NA,NA,282.97
1975-01-14,216.386,NA,NA,NA,283.406
1975-01-15,218.067,NA,NA,NA,283.202
1975-01-16,213.314,NA,NA,NA,282.614
1975-01-17,208.389,NA,NA,NA,282.355
1975-01-18,210.165,NA,NA,NA,283.187
1975-01-19,219.456,NA,NA,NA,284.034
1975-01-20,225.817,NA,NA,NA,284.491
1975-01-21,227.042,NA,NA,NA,284.256
1975-01-22,223.711,NA,NA,NA,283.811
1975-01-23,219.21,NA,NA,NA,283.4
1975-01-24,218.067,NA,NA,NA,284.019
1975-01-25,232.377,NA,NA,NA,286.826
1975-01-26,266.78,NA,NA,NA,289.402
1975-01-27,279.645,NA,NA,NA,289.92
1975-01-28,280.759,NA,NA,NA,289.706
1975-01-29,275.817,NA,NA,NA,289.118
1975-01-30,269.813,NA,NA,NA,288.588
1975-01-31,264.38,NA,NA,NA,288.002
1975-02-01,258.262,NA,NA,NA,287.667
1975-02-02,256.242,NA,NA,NA,287.454
1975-02-03,254.023,NA,NA,NA,287.375
1975-02-04,255.641,NA,NA,NA,287.484
1975-02-05,256.194,NA,NA,NA,287.454
1975-02-06,254.472,NA,NA,NA,287.201
1975-02-07,250.836,NA,NA,NA,286.881
1975-02-08,248.38,NA,NA,NA,286.805
1975-02-09,250.153,NA,NA,NA,287.076
1975-02-10,253.605,NA,NA,NA,287.481
1975-02-11,258.081,NA,NA,NA,287.841
1975-02-12,262.087,NA,NA,NA,288.612
1975-02-13,273.9,NA,NA,NA,290.002
1975-02-14,287.369,NA,NA,NA,290.956
1975-02-15,294.669,NA,NA,NA,291.474
1975-02-16,299.224,NA,NA,NA,291.846
1975-02-17,302.955,NA,NA,NA,292.114
1975-02-18,304.966,NA,NA,NA,292.285
1975-02-19,307.22,NA,NA,NA,292.818
1975-02-20,319.519,NA,NA,NA,293.894
1975-02-21,325.607,NA,NA,NA,294.284
1975-02-22,330.917,NA,NA,NA,294.684
1975-02-23,334.427,NA,NA,NA,294.918
1975-02-24,336.709,NA,NA,NA,295.101
1975-02-25,339.36,NA,NA,NA,295.318
1975-02-26,341.59,NA,NA,NA,295.528
1975-02-27,344.844,NA,NA,NA,295.784
1975-02-28,349.075,NA,NA,NA,296.738
1975-03-01,364.257,NA,NA,NA,297.448
1975-03-02,368.255,NA,NA,NA,297.701
1975-03-03,370.62,NA,NA,NA,297.988
1975-03-04,374.502,NA,NA,NA,298.235
1975-03-05,376.28,NA,NA,NA,298.338
1975-03-06,376.926,NA,NA,NA,298.35
1975-03-07,377.303,NA,NA,NA,298.341
1975-03-08,376.773,NA,NA,NA,298.335
1975-03-09,377.493,NA,NA,NA,298.442
1975-03-10,378.784,NA,NA,NA,298.494
1975-03-11,379.013,NA,NA,NA,298.466
1975-03-12,378.329,NA,NA,NA,298.475
1975-03-13,380.078,NA,NA,NA,298.613
1975-03-14,381.756,NA,NA,NA,298.716
1975-03-15,382.903,NA,NA,NA,298.811
1975-03-16,384.278,NA,NA,NA,298.969
1975-03-17,386.042,NA,NA,NA,299.097
1975-03-18,389.196,NA,NA,NA,299.658
1975-03-19,399.824,NA,NA,NA,300.466
1975-03-20,407.908,NA,NA,NA,300.88
1975-03-21,410.278,NA,NA,NA,301.002
1975-03-22,411.664,NA,NA,NA,301.075
1975-03-23,411.942,NA,NA,NA,301.118
1975-03-24,412.854,NA,NA,NA,301.286
1975-03-25,416.713,NA,NA,NA,301.529
1975-03-26,418.468,NA,NA,NA,301.517
1975-03-27,417.032,NA,NA,NA,301.331
1975-03-28,413.807,NA,NA,NA,301.182
1975-03-29,412.497,NA,NA,NA,301.167
1975-03-30,413.529,NA,NA,NA,301.252
1975-03-31,414.602,NA,NA,NA,301.28
1975-04-01,415.278,NA,NA,NA,301.38
1975-04-02,417.311,NA,NA,NA,301.533
1975-04-03,419.508,NA,NA,NA,301.685
1975-04-04,421.512,NA,NA,NA,301.84
1975-04-05,423.238,NA,NA,NA,301.956
1975-04-06,424.606,NA,NA,NA,302.042
1975-04-07,425.815,NA,NA,NA,302.139
1975-04-08,426.904,NA,NA,NA,302.209
1975-04-09,427.63,NA,NA,NA,302.267
1975-04-10,428.438,NA,NA,NA,302.331
1975-04-11,429.329,NA,NA,NA,302.395
1975-04-12,430.221,NA,NA,NA,302.468
1975-04-13,431.355,NA,NA,NA,302.615
1975-04-14,433.55,NA,NA,NA,302.746
1975-04-15,435.179,NA,NA,NA,302.852
1975-04-16,436.443,NA,NA,NA,302.944
1975-04-17,437.546,NA,NA,NA,303.02
1975-04-18,438.284,NA,NA,NA,303.093
1975-04-19,439.593,NA,NA,NA,303.239
1975-04-20,442.343,NA,NA,NA,303.45
1975-04-21,445.185,NA,NA,NA,303.654
1975-04-22,447.869,NA,NA,NA,303.873
1975-04-23,451.228,NA,NA,NA,304.142
1975-04-24,455.015,NA,NA,NA,304.553
1975-04-25,463.821,NA,NA,NA,305.144
1975-04-26,467.031,NA,NA,NA,305.236
1975-04-27,467.75,NA,NA,NA,305.242
1975-04-28,467.454,NA,NA,NA,305.211
1975-04-29,468.514,NA,NA,NA,305.388
1975-04-30,472.17,NA,NA,NA,305.641
1975-05-01,475.63,NA,NA,NA,305.903
1975-05-02,479.492,NA,NA,NA,306.208
1975-05-03,484.76,NA,NA,NA,306.809
1975-05-04,495.535,NA,NA,NA,307.391
1975-05-05,500.689,NA,NA,NA,307.543
1975-05-06,500.513,NA,NA,NA,307.555
1975-05-07,500.645,NA,NA,NA,307.561
1975-05-08,499.938,NA,NA,NA,307.528
1975-05-09,501.22,NA,NA,NA,307.616
1975-05-10,502.68,NA,NA,NA,307.76
1975-05-11,504.1,NA,NA,NA,307.757
1975-05-12,504.277,NA,NA,NA,307.72
1975-05-13,502.902,NA,NA,NA,307.604
1975-05-14,501.396,NA,NA,NA,307.647
1975-05-15,502.459,NA,NA,NA,307.592
1975-05-16,500.91,NA,NA,NA,307.427
1975-05-17,497.865,NA,NA,NA,307.318
1975-05-18,496.72,NA,NA,NA,307.232
1975-05-19,495.051,NA,NA,NA,307.107
1975-05-20,493.472,NA,NA,NA,306.958
1975-05-21,491.285,NA,NA,NA,306.848
1975-05-22,490.106,NA,NA,NA,306.76
1975-05-23,488.931,NA,NA,NA,306.769
1975-05-24,491.242,NA,NA,NA,306.982
1975-05-25,494.13,NA,NA,NA,307.165
1975-05-26,496.545,NA,NA,NA,307.33
1975-05-27,498.791,NA,NA,NA,307.452
1975-05-28,500.38,NA,NA,NA,307.546
1975-05-29,502.105,NA,NA,NA,307.674
1975-05-30,504.1,NA,NA,NA,307.79
1975-05-31,504.233,NA,NA,NA,307.775
1975-06-01,503.656,NA,NA,NA,307.729
1975-06-02,502.769,NA,NA,NA,307.668
1975-06-03,501.707,NA,NA,NA,307.622
1975-06-04,503.124,NA,NA,NA,307.717
1975-06-05,504.322,NA,NA,NA,307.818
1975-06-06,505.879,NA,NA,NA,307.958
1975-06-07,508.106,NA,NA,NA,308.098
1975-06-08,510.025,NA,NA,NA,308.217
1975-06-09,511.682,NA,NA,NA,308.323
1975-06-10,513.298,NA,NA,NA,308.409
1975-06-11,514.286,NA,NA,NA,308.445
1975-06-12,514.061,NA,NA,NA,308.412
1975-06-13,513.791,NA,NA,NA,308.384
1975-06-14,513.298,NA,NA,NA,308.363
1975-06-15,513.028,NA,NA,NA,308.342
1975-06-16,512.759,NA,NA,NA,308.32
1975-06-17,512.354,NA,NA,NA,308.33
1975-06-18,512.939,NA,NA,NA,308.345
1975-06-19,512.849,NA,NA,NA,308.333
1975-06-20,512.579,NA,NA,NA,308.317
1975-06-21,512.354,NA,NA,NA,308.302
1975-06-22,512.087,NA,NA,NA,308.281
1975-06-23,511.682,NA,NA,NA,308.263
1975-06-24,511.503,NA,NA,NA,308.25
1975-06-25,511.593,NA,NA,NA,308.259
1975-06-26,511.682,NA,NA,NA,308.275
1975-06-27,512.087,NA,NA,NA,308.33
1975-06-28,513.128,NA,NA,NA,308.394
1975-06-29,513.837,NA,NA,NA,308.43
1975-06-30,514.243,NA,NA,NA,308.448
1975-07-01,514.51,NA,NA,NA,308.479
1975-07-02,515.005,NA,NA,NA,308.494
1975-07-03,515.051,NA,NA,NA,308.488
1975-07-04,514.916,NA,NA,NA,308.476
1975-07-05,514.69,NA,NA,NA,308.458
1975-07-06,514.286,NA,NA,NA,308.156
1975-07-07,513.926,NA,NA,NA,308.4
1975-07-08,513.387,NA,NA,NA,308.36
1975-07-09,512.805,NA,NA,NA,308.323
1975-07-10,512.22,NA,NA,NA,308.293
1975-07-11,512.215,NA,NA,NA,308.29
1975-07-12,511.862,NA,NA,NA,308.263
1975-07-13,511.324,NA,NA,NA,308.226
1975-07-14,510.742,NA,NA,NA,308.186
1975-07-15,510.116,NA,NA,NA,308.153
1975-07-16,509.848,NA,NA,NA,308.144
1975-07-17,509.892,NA,NA,NA,308.147
1975-07-18,509.892,NA,NA,NA,308.138
1975-07-19,509.625,NA,NA,NA,308.119
1975-07-20,509.311,NA,NA,NA,308.095
1975-07-21,508.908,NA,NA,NA,308.067
1975-07-22,508.507,NA,NA,NA,308.028
1975-07-23,507.66,NA,NA,NA,307.964
1975-07-24,506.723,NA,NA,NA,307.897
1975-07-25,505.727,NA,NA,NA,307.848
1975-07-26,504.766,NA,NA,NA,307.775
1975-07-27,504.1,NA,NA,NA,307.732
1975-07-28,503.478,NA,NA,NA,307.683
1975-07-29,502.858,NA,NA,NA,307.638
1975-07-30,502.105,NA,NA,NA,307.595
1975-07-31,NA,NA,NA,NA,NA
1975-08-01,500.866,NA,NA,NA,307.525
1975-08-02,500.556,NA,NA,NA,307.485
1975-08-03,500.026,NA,NA,NA,307.452
1975-08-04,499.496,NA,NA,NA,307.412
1975-08-05,498.922,NA,NA,NA,307.373
1975-08-06,498.173,NA,NA,NA,307.318
1975-08-07,497.381,NA,NA,NA,307.269
1975-08-08,496.809,NA,NA,NA,307.229
1975-08-09,496.281,NA,NA,NA,307.184
1975-08-10,495.49,NA,NA,NA,307.135
1975-08-11,494.831,NA,NA,NA,307.086
1975-08-12,494.13,NA,NA,NA,307.037
1975-08-13,493.472,NA,NA,NA,306.988
1975-08-14,493.392,NA,NA,NA,306.934
1975-08-15,491.854,NA,NA,NA,306.876
1975-08-16,491.067,NA,NA,NA,306.83
1975-08-17,490.412,NA,NA,NA,306.803
1975-08-18,490.324,NA,NA,NA,306.787
1975-08-19,489.976,NA,NA,NA,306.76
1975-08-20,489.54,NA,NA,NA,306.726
1975-08-21,488.974,NA,NA,NA,306.687
1975-08-22,488.408,NA,NA,NA,306.647
1975-08-23,488.015,NA,NA,NA,306.653
1975-08-24,488.408,NA,NA,NA,306.684
1975-08-25,488.712,NA,NA,NA,306.675
1975-08-26,488.364,NA,NA,NA,306.614
1975-08-27,486.67,NA,NA,NA,306.452
1975-08-28,483.72,NA,NA,NA,306.278
1975-08-29,481.776,NA,NA,NA,306.172
1975-08-30,480.914,NA,NA,NA,306.108
1975-08-31,479.364,NA,NA,NA,306.034
1975-09-01,478.59,NA,NA,NA,305.973
1975-09-02,478.289,NA,NA,NA,305.909
1975-09-03,476.873,NA,NA,NA,305.778
1975-09-04,474.432,NA,NA,NA,305.611
1975-09-05,472.597,NA,NA,NA,305.504
1975-09-06,471.489,NA,NA,NA,305.413
1975-09-07,469.192,NA,NA,NA,305.254
1975-09-08,467.115,NA,NA,NA,305.12
1975-09-09,466.269,NA,NA,NA,305.019
1975-09-10,463.737,NA,NA,NA,304.763
1975-09-11,458.401,NA,NA,NA,304.37
1975-09-12,452.973,NA,NA,NA,303.998
1975-09-13,449.111,NA,NA,NA,303.745
1975-09-14,446.051,NA,NA,NA,303.523
1975-09-15,443.043,NA,NA,NA,303.306
1975-09-16,440.003,NA,NA,NA,302.986
1975-09-17,435.342,NA,NA,NA,302.602
1975-09-18,429.735,NA,NA,NA,302.203
1975-09-19,424.687,NA,NA,NA,301.795
1975-09-20,418.908,NA,NA,NA,301.35
1975-09-21,413.132,NA,NA,NA,300.908
1975-09-22,407.434,NA,NA,NA,300.46
1975-09-23,401.661,NA,NA,NA,300.018
1975-09-24,396.006,NA,NA,NA,299.57
1975-09-25,390.236,NA,NA,NA,299.091
1975-09-26,384.471,NA,NA,NA,298.658
1975-09-27,378.784,NA,NA,NA,298.232
1975-09-28,372.842,NA,NA,NA,297.765
1975-09-29,367.095,NA,NA,NA,297.259
1975-09-30,361.355,NA,NA,NA,296.833
1975-10-01,355.663,NA,NA,NA,296.397
1975-10-02,350.488,NA,NA,NA,295.967
1975-10-03,345.389,NA,NA,NA,295.543
1975-10-04,340.51,NA,NA,NA,295.177
1975-10-05,336.495,NA,NA,NA,294.818
1975-10-06,332.191,NA,NA,NA,294.479
1975-10-07,329.187,NA,NA,NA,294.26
1975-10-08,327.394,NA,NA,NA,294.132
1975-10-09,326.062,NA,NA,NA,293.974
1975-10-10,323.93,NA,NA,NA,293.772
1975-10-11,321.53,NA,NA,NA,293.556
1975-10-12,319.001,NA,NA,NA,293.352
1975-10-13,316.486,NA,NA,NA,293.108
1975-10-14,313.914,NA,NA,NA,292.876
1975-10-15,311.253,NA,NA,NA,292.645
1975-10-16,308.741,NA,NA,NA,292.407
1975-10-17,306.277,NA,NA,NA,292.178
1975-10-18,303.825,NA,NA,NA,291.983
1975-10-19,301.686,NA,NA,NA,291.785
1975-10-20,299.457,NA,NA,NA,291.59
1975-10-21,297.37,NA,NA,NA,291.63
1975-10-22,302.087,NA,NA,NA,292.001
1975-10-23,302.52,NA,NA,NA,291.928
1975-10-24,301.286,NA,NA,NA,291.773
1975-10-25,299.357,NA,NA,NA,291.886
1975-10-26,308.37,NA,NA,NA,293.038
1975-10-27,317.69,NA,NA,NA,293.522
1975-10-28,321.251,NA,NA,NA,293.714
1975-10-29,320.974,NA,NA,NA,293.404
1975-10-30,316.521,NA,NA,NA,293.093
1975-10-31,314.187,NA,NA,NA,292.98
1975-11-01,312.309,NA,NA,NA,292.757
1975-11-02,309.011,NA,NA,NA,292.422
1975-11-03,305.907,NA,NA,NA,292.2
1975-11-04,303.456,NA,NA,NA,291.913
1975-11-05,299.556,NA,NA,NA,291.517
1975-11-06,295.161,NA,NA,NA,291.124
1975-11-07,291.786,NA,NA,NA,290.855
1975-11-08,289.312,NA,NA,NA,290.541
1975-11-09,285.24,NA,NA,NA,290.09
1975-11-10,279.899,NA,NA,NA,289.572
1975-11-11,274.528,NA,NA,NA,289.021
1975-11-12,268.51,NA,NA,NA,288.402
1975-11-13,262.057,NA,NA,NA,287.942
1975-11-14,257.778,NA,NA,NA,287.771
1975-11-15,259.321,NA,NA,NA,288.323
1975-11-16,269.068,NA,NA,NA,288.92
1975-11-17,270.87,NA,NA,NA,288.88
1975-11-18,268.758,NA,NA,NA,288.734
1975-11-19,270.434,NA,NA,NA,289.088
1975-11-20,271.462,NA,NA,NA,288.7
1975-11-21,265.118,NA,NA,NA,288.051
1975-11-22,258.383,NA,NA,NA,287.573
1975-11-23,254.711,NA,NA,NA,287.283
1975-11-24,252.59,NA,NA,NA,287.039
1975-11-25,249.68,NA,NA,NA,286.789
1975-11-26,248.055,NA,NA,NA,286.856
1975-11-27,252.113,NA,NA,NA,287.304
1975-11-28,255.071,NA,NA,NA,287.457
1975-11-29,501.086,NA,NA,NA,287.426
1975-11-30,254.682,NA,NA,NA,287.591
1975-12-01,263.889,NA,NA,NA,290.356
1975-12-02,305.637,NA,NA,NA,293.367
1975-12-03,325.431,NA,NA,NA,294.077
1975-12-04,324.209,NA,NA,NA,295.345
1975-12-05,358.687,NA,NA,NA,297.317
1975-12-06,364.107,NA,NA,NA,296.851
1975-12-07,356.214,NA,NA,NA,296.954
1975-12-08,362.991,NA,NA,NA,296.833
1975-12-09,353.676,NA,NA,NA,295.763
1975-12-10,338.212,NA,NA,NA,294.275
1975-12-11,319.589,NA,NA,NA,292.55
1975-12-12,299.424,NA,NA,NA,290.676
1975-12-13,279.804,NA,NA,NA,288.886
1975-12-14,261.112,NA,NA,NA,287.094
1975-12-15,246.696,NA,NA,NA,285.866
1975-12-16,237.072,NA,NA,NA,285.278
1975-12-17,232.941,NA,NA,NA,284.756
1975-12-18,227.319,NA,NA,NA,284.391
1975-12-19,224.154,NA,NA,NA,284.037
1975-12-20,221.838,NA,NA,NA,283.842
1975-12-21,220.358,NA,NA,NA,283.653
1975-12-22,218.502,NA,NA,NA,283.44
1975-12-23,216.873,NA,NA,NA,283.434
1975-12-24,219.183,NA,NA,NA,283.607
1975-12-25,220.112,NA,NA,NA,283.869
1975-12-26,222.388,NA,NA,NA,284.604
1975-12-27,233.51,NA,NA,NA,285.406
1975-12-28,237.215,NA,NA,NA,285.506
1975-12-29,236.472,NA,NA,NA,285.345
1975-12-30,234.846,NA,NA,NA,285.232
1975-12-31,233.651,NA,NA,NA,284.976
1976-01-01,230.317,NA,NA,NA,284.528
1976-01-02,225.566,NA,NA,NA,284.01
1976-01-03,220.795,NA,NA,NA,283.403
1976-01-04,215.062,NA,NA,NA,283.089
1976-01-05,219.374,NA,NA,NA,284.65
1976-01-06,234.361,NA,NA,NA,285.381
1976-01-07,236.329,NA,NA,NA,285.744
1976-01-08,249.976,NA,NA,NA,289.414
1976-01-09,293.586,NA,NA,NA,292.035
1976-01-10,307.22,NA,NA,NA,292.096
1976-01-11,299.689,NA,NA,NA,291.474
1976-01-12,296.115,NA,NA,NA,291.02
1976-01-13,287.497,NA,NA,NA,289.911
1976-01-14,275.377,NA,NA,NA,289.484
1976-01-15,282.577,NA,NA,NA,290.444
1976-01-16,288.338,NA,NA,NA,290.572
1976-01-17,285.304,NA,NA,NA,289.907
1976-01-18,275.817,NA,NA,NA,288.798
1976-01-19,262.851,NA,NA,NA,287.512
1976-01-20,251.245,NA,NA,NA,286.414
1976-01-21,241.191,NA,NA,NA,285.512
1976-01-22,234.219,NA,NA,NA,284.909
1976-01-23,228.886,NA,NA,NA,284.522
1976-01-24,225.678,NA,NA,NA,284.162
1976-01-25,222.388,NA,NA,NA,283.863
1976-01-26,220.905,NA,NA,NA,283.549
1976-01-27,216.44,NA,NA,NA,283.113
1976-01-28,212.939,NA,NA,NA,282.754
1976-01-29,209.819,NA,NA,NA,282.373
1976-01-30,206.333,NA,NA,NA,282.083
1976-01-31,205.414,NA,NA,NA,282.077
1976-02-01,206.175,NA,NA,NA,282.166
1976-02-02,206.911,NA,NA,NA,282.236
1976-02-03,207.544,NA,NA,NA,282.294
1976-02-04,208.019,NA,NA,NA,282.406
1976-02-05,209.581,NA,NA,NA,282.553
1976-02-06,210.75,NA,NA,NA,282.684
1976-02-07,211.87,NA,NA,NA,282.815
1976-02-08,212.833,NA,NA,NA,282.915
1976-02-09,213.636,NA,NA,NA,282.985
1976-02-10,214.309,NA,NA,NA,283.059
1976-02-11,214.739,NA,NA,NA,283.098
1976-02-12,215.197,NA,NA,NA,283.19
1976-02-13,216.17,NA,NA,NA,283.357
1976-02-14,218.692,NA,NA,NA,283.732
1976-02-15,222.224,NA,NA,NA,284.119
1976-02-16,225.622,NA,NA,NA,285.226
1976-02-17,243.573,NA,NA,NA,286.948
1976-02-18,259.048,NA,NA,NA,288.475
1976-02-19,271.182,NA,NA,NA,289.383
1976-02-20,278.375,NA,NA,NA,289.968
1976-02-21,283.7,NA,NA,NA,290.407
1976-02-22,287.692,NA,NA,NA,290.758
1976-02-23,291.232,NA,NA,NA,291.093
1976-02-24,294.931,NA,NA,NA,291.45
1976-02-25,299.224,NA,NA,NA,291.922
1976-02-26,305.066,NA,NA,NA,292.532
1976-02-27,312.479,NA,NA,NA,293.181
1976-02-28,320.315,NA,NA,NA,293.903
1976-02-29,327.43,NA,NA,NA,294.403
1976-03-01,332.227,NA,NA,NA,294.62
1976-03-02,331.765,NA,NA,NA,294.632
1976-03-03,333.218,NA,NA,NA,294.766
1976-03-04,335.211,NA,NA,NA,294.931
1976-03-05,336.96,NA,NA,NA,295.01
1976-03-06,337.103,NA,NA,NA,295.04
1976-03-07,338.176,NA,NA,NA,295.159
1976-03-08,339.467,NA,NA,NA,295.257
1976-03-09,340.114,NA,NA,NA,295.318
1976-03-10,341.554,NA,NA,NA,295.476
1976-03-11,343.142,NA,NA,NA,295.58
1976-03-12,344.844,NA,NA,NA,295.717
1976-03-13,346.406,NA,NA,NA,295.851
1976-03-14,348.153,NA,NA,NA,296.067
1976-03-15,350.891,NA,NA,NA,296.275
1976-03-16,353.64,NA,NA,NA,296.534
1976-03-17,357.1,NA,NA,NA,296.875
1976-03-18,361.764,NA,NA,NA,297.247
1976-03-19,366.309,NA,NA,NA,297.564
1976-03-20,370.044,NA,NA,NA,297.817
1976-03-21,372.576,NA,NA,NA,298.061
1976-03-22,375.523,NA,NA,NA,298.329
1976-03-23,379.431,NA,NA,NA,298.597
1976-03-24,380.917,NA,NA,NA,298.783
1976-03-25,384.356,NA,NA,NA,299.027
1976-03-26,386.004,NA,NA,NA,299.076
1976-03-27,386.004,NA,NA,NA,299.161
1976-03-28,389.812,NA,NA,NA,299.472
1976-03-29,393.6,NA,NA,NA,299.725
1976-03-30,395.734,NA,NA,NA,299.871
1976-03-31,397.446,NA,NA,NA,300.033
1976-04-01,399.667,NA,NA,NA,300.204
1976-04-02,401.779,NA,NA,NA,300.335
1976-04-03,403.228,NA,NA,NA,300.451
1976-04-04,405.387,NA,NA,NA,300.655
1976-04-05,408.54,NA,NA,NA,300.96
1976-04-06,413.014,NA,NA,NA,301.206
1976-04-07,415.198,NA,NA,NA,301.377
1976-04-08,417.591,NA,NA,NA,301.584
1976-04-09,419.508,NA,NA,NA,301.734
1976-04-10,421.19,NA,NA,NA,301.889
1976-04-11,423.882,NA,NA,NA,302.072
1976-04-12,426.097,NA,NA,NA,302.17
1976-04-13,425.896,NA,NA,NA,302.243
1976-04-14,428.906,NA,NA,NA,302.435
1976-04-15,431.718,NA,NA,NA,302.654
1976-04-16,434.486,NA,NA,NA,302.843
1976-04-17,436.811,NA,NA,NA,303.005
1976-04-18,438.978,NA,NA,NA,303.2
1976-04-19,441.44,NA,NA,NA,303.352
1976-04-20,444.237,NA,NA,NA,303.91
1976-04-21,453.681,NA,NA,NA,304.227
1976-04-22,454.473,NA,NA,NA,304.23
1976-04-23,454.181,NA,NA,NA,304.102
1976-04-24,451.519,NA,NA,NA,304.181
1976-04-25,454.932,NA,NA,NA,304.395
1976-04-26,457.271,NA,NA,NA,304.48
1976-04-27,457.606,NA,NA,NA,304.526
1976-04-28,457.982,NA,NA,NA,304.581
1976-04-29,459.575,NA,NA,NA,304.715
1976-04-30,461.8,NA,NA,NA,304.916
1976-05-01,465.382,NA,NA,NA,305.236
1976-05-02,470.638,NA,NA,NA,305.647
1976-05-03,476.401,NA,NA,NA,305.989
1976-05-04,479.364,NA,NA,NA,306.156
1976-05-05,480.526,NA,NA,NA,306.141
1976-05-06,480.269,NA,NA,NA,306.108
1976-05-07,479.666,NA,NA,NA,306.095
1976-05-08,480.482,NA,NA,NA,306.208
1976-05-09,483.677,NA,NA,NA,306.458
1976-05-10,487.452,NA,NA,NA,306.714
1976-05-11,489.976,NA,NA,NA,306.839
1976-05-12,490.893,NA,NA,NA,306.87
1976-05-13,491.117,NA,NA,NA,306.934
1976-05-14,493.392,NA,NA,NA,307.068
1976-05-15,494.876,NA,NA,NA,307.156
1976-05-16,496.193,NA,NA,NA,307.238
1976-05-17,497.337,NA,NA,NA,307.302
1976-05-18,497.952,NA,NA,NA,307.36
1976-05-19,498.262,NA,NA,NA,307.318
1976-05-20,497.712,NA,NA,NA,307.293
1976-05-21,496.896,NA,NA,NA,307.214
1976-05-22,495.622,NA,NA,NA,307.135
1976-05-23,493.954,NA,NA,NA,307.016
1976-05-24,493.392,NA,NA,NA,306.86
1976-05-25,489.933,NA,NA,NA,306.772
1976-05-26,489.54,NA,NA,NA,306.766
1976-05-27,490.499,NA,NA,NA,306.873
1976-05-28,491.941,NA,NA,NA,306.952
1976-05-29,493.392,NA,NA,NA,307.025
1976-05-30,494.349,NA,NA,NA,307.15
1976-05-31,496.589,NA,NA,NA,307.348
1976-06-01,500.07,NA,NA,NA,307.589
1976-06-02,503.389,NA,NA,NA,307.781
1976-06-03,505.744,NA,NA,NA,307.906
1976-06-04,507.126,NA,NA,NA,307.985
1976-06-05,508.106,NA,NA,NA,308.067
1976-06-06,509.445,NA,NA,NA,308.153
1976-06-07,510.563,NA,NA,NA,308.232
1976-06-08,511.816,NA,NA,NA,308.302
1976-06-09,512.759,NA,NA,NA,308.314
1976-06-10,512.041,NA,NA,NA,308.314
1976-06-11,511.772,NA,NA,NA,308.259
1976-06-12,511.548,NA,NA,NA,308.232
1976-06-13,510.832,NA,NA,NA,308.186
1976-06-14,509.892,NA,NA,NA,308.098
1976-06-15,508.642,NA,NA,NA,308.019
1976-06-16,507.214,NA,NA,NA,307.924
1976-06-17,506.012,NA,NA,NA,307.891
1976-06-18,505.923,NA,NA,NA,307.897
1976-06-19,505.433,NA,NA,NA,307.848
1976-06-20,504.988,NA,NA,NA,307.799
1976-06-21,504.499,NA,NA,NA,307.747
1976-06-22,503.789,NA,NA,NA,307.714
1976-06-23,503.567,NA,NA,NA,307.699
1976-06-24,503.345,NA,NA,NA,307.69
1976-06-25,503.26,NA,NA,NA,307.69
1976-06-26,503.345,NA,NA,NA,307.696
1976-06-27,503.301,NA,NA,NA,307.696
1976-06-28,503.213,NA,NA,NA,307.686
1976-06-29,503.169,NA,NA,NA,307.683
1976-06-30,503.08,NA,NA,NA,307.677
1976-07-01,503.08,NA,NA,NA,307.677
1976-07-02,503.035,NA,NA,NA,307.674
1976-07-03,502.947,NA,NA,NA,307.671
1976-07-04,502.902,NA,NA,NA,307.665
1976-07-05,502.858,NA,NA,NA,307.659
1976-07-06,502.68,NA,NA,NA,307.647
1976-07-07,502.548,NA,NA,NA,307.638
1976-07-08,502.504,NA,NA,NA,307.659
1976-07-09,502.991,NA,NA,NA,307.674
1976-07-10,503.035,NA,NA,NA,307.677
1976-07-11,502.991,NA,NA,NA,307.674
1976-07-12,502.947,NA,NA,NA,307.671
1976-07-13,502.947,NA,NA,NA,307.668
1976-07-14,502.813,NA,NA,NA,307.659
1976-07-15,502.68,NA,NA,NA,307.647
1976-07-16,502.459,NA,NA,NA,307.635
1976-07-17,502.326,NA,NA,NA,307.625
1976-07-18,502.193,NA,NA,NA,307.616
1976-07-19,502.061,NA,NA,NA,307.607
1976-07-20,501.883,NA,NA,NA,307.595
1976-07-21,501.707,NA,NA,NA,307.574
1976-07-22,501.307,NA,NA,NA,307.546
1976-07-23,500.954,NA,NA,NA,307.522
1976-07-24,500.6,NA,NA,NA,307.497
1976-07-25,500.246,NA,NA,NA,307.47
1976-07-26,499.806,NA,NA,NA,307.44
1976-07-27,499.365,NA,NA,NA,307.403
1976-07-28,498.57,NA,NA,NA,307.342
1976-07-29,497.865,NA,NA,NA,307.302
1976-07-30,497.337,NA,NA,NA,307.266
1976-07-31,496.852,NA,NA,NA,307.232
1976-08-01,496.37,NA,NA,NA,307.202
1976-08-02,495.929,NA,NA,NA,307.165
1976-08-03,495.403,NA,NA,NA,307.123
1976-08-04,494.699,NA,NA,NA,307.077
1976-08-05,493.999,NA,NA,NA,307.028
1976-08-06,493.392,NA,NA,NA,306.97
1976-08-07,492.029,NA,NA,NA,306.921
1976-08-08,491.811,NA,NA,NA,306.894
1976-08-09,491.198,NA,NA,NA,306.827
1976-08-10,489.976,NA,NA,NA,306.757
1976-08-11,489.54,NA,NA,NA,306.714
1976-08-12,488.538,NA,NA,NA,306.635
1976-08-13,487.321,NA,NA,NA,306.556
1976-08-14,486.105,NA,NA,NA,306.479
1976-08-15,485.281,NA,NA,NA,306.44
1976-08-16,484.977,NA,NA,NA,306.425
1976-08-17,484.89,NA,NA,NA,306.345
1976-08-18,482.468,NA,NA,NA,306.248
1976-08-19,482.51,NA,NA,NA,306.236
1976-08-20,482.123,NA,NA,NA,306.196
1976-08-21,481.304,NA,NA,NA,306.126
1976-08-22,480.396,NA,NA,NA,306.062
1976-08-23,479.492,NA,NA,NA,305.998
1976-08-24,478.547,NA,NA,NA,305.934
1976-08-25,477.431,NA,NA,NA,305.852
1976-08-26,476.273,NA,NA,NA,305.778
1976-08-27,475.03,NA,NA,NA,305.672
1976-08-28,473.492,NA,NA,NA,305.556
1976-08-29,471.915,NA,NA,NA,305.458
1976-08-30,470.722,NA,NA,NA,305.361
1976-08-31,469.15,NA,NA,NA,305.205
1976-09-01,465.889,NA,NA,NA,304.958
1976-09-02,463.147,NA,NA,NA,304.76
1976-09-03,460.414,NA,NA,NA,304.562
1976-09-04,457.69,NA,NA,NA,304.392
1976-09-05,455.099,NA,NA,NA,304.193
1976-09-06,452.973,NA,NA,NA,304.099
1976-09-07,451.644,NA,NA,NA,303.94
1976-09-08,448.779,NA,NA,NA,303.73
1976-09-09,445.968,NA,NA,NA,303.492
1976-09-10,442.507,NA,NA,NA,303.258
1976-09-11,439.716,NA,NA,NA,303.05
1976-09-12,436.892,NA,NA,NA,302.849
1976-09-13,434.079,NA,NA,NA,302.636
1976-09-14,431.274,NA,NA,NA,302.435
1976-09-15,428.883,NA,NA,NA,302.243
1976-09-16,426.218,NA,NA,NA,302.039
1976-09-17,423.48,NA,NA,NA,301.825
1976-09-18,420.75,NA,NA,NA,301.627
1976-09-19,417.95,NA,NA,NA,301.414
1976-09-20,415.16,NA,NA,NA,301.182
1976-09-21,412.378,NA,NA,NA,300.984
1976-09-22,409.607,NA,NA,NA,300.767
1976-09-23,406.765,NA,NA,NA,300.548
1976-09-24,403.856,NA,NA,NA,300.31
1976-09-25,400.996,NA,NA,NA,300.1
1976-09-26,398.108,NA,NA,NA,299.871
1976-09-27,395.151,NA,NA,NA,299.643
1976-09-28,392.207,NA,NA,NA,299.414
1976-09-29,389.35,NA,NA,NA,299.183
1976-09-30,386.427,NA,NA,NA,298.951
1976-10-01,383.515,NA,NA,NA,298.713
1976-10-02,380.535,NA,NA,NA,298.478
1976-10-03,377.683,NA,NA,NA,298.25
1976-10-04,374.805,NA,NA,NA,298.012
1976-10-05,371.861,NA,NA,NA,297.771
1976-10-06,370.044,NA,NA,NA,297.527
1976-10-07,365.937,NA,NA,NA,297.287
1976-10-08,362.917,NA,NA,NA,297.043
1976-10-09,359.91,NA,NA,NA,296.799
1976-10-10,356.878,NA,NA,NA,296.552
1976-10-11,353.897,NA,NA,NA,296.296
1976-10-12,350.891,NA,NA,NA,296.043
1976-10-13,347.861,NA,NA,NA,295.79
1976-10-14,344.808,NA,NA,NA,295.534
1976-10-15,341.734,NA,NA,NA,295.275
1976-10-16,338.678,NA,NA,NA,295.019
1976-10-17,335.567,NA,NA,NA,294.76
1976-10-18,332.546,NA,NA,NA,294.483
1976-10-19,329.4,NA,NA,NA,294.202
1976-10-20,326.271,NA,NA,NA,293.94
1976-10-21,323.129,NA,NA,NA,293.666
1976-10-22,320.004,NA,NA,NA,293.394
1976-10-23,316.898,NA,NA,NA,293.16
1976-10-24,314.565,NA,NA,NA,292.965
1976-10-25,312.616,NA,NA,NA,292.84
1976-10-26,311.628,NA,NA,NA,292.733
1976-10-27,310.166,NA,NA,NA,292.529
1976-10-28,307.491,NA,NA,NA,292.279
1976-10-29,304.797,NA,NA,NA,291.974
1976-10-30,300.619,NA,NA,NA,291.648
1976-10-31,297.866,NA,NA,NA,291.422
1976-11-01,296.035,NA,NA,NA,291.337
1976-11-02,295.391,NA,NA,NA,291.154
1976-11-03,291.885,NA,NA,NA,290.801
1976-11-04,287.918,NA,NA,NA,290.511
1976-11-05,285.755,NA,NA,NA,290.279
1976-11-06,283.377,NA,NA,NA,290.103
1976-11-07,281.395,NA,NA,NA,289.901
1976-11-08,279.264,NA,NA,NA,289.661
1976-11-09,277.142,NA,NA,NA,289.469
1976-11-10,275.189,NA,NA,NA,289.28
1976-11-11,273.211,NA,NA,NA,289.054
1976-11-12,269.377,NA,NA,NA,288.761
1976-11-13,267.15,NA,NA,NA,288.508
1976-11-14,265.056,NA,NA,NA,288.307
1976-11-15,263.125,NA,NA,NA,288.194
1976-11-16,262.973,NA,NA,NA,288.216
1976-11-17,262.973,NA,NA,NA,288.082
1976-11-18,260.443,NA,NA,NA,287.835
1976-11-19,257.959,NA,NA,NA,287.561
1976-11-20,255.04,NA,NA,NA,287.274
1976-11-21,252.202,NA,NA,NA,286.969
1976-11-22,248.763,NA,NA,NA,286.588
1976-11-23,245.236,NA,NA,NA,286.198
1976-11-24,241.567,NA,NA,NA,285.826
1976-11-25,237.846,NA,NA,NA,285.531
1976-11-26,236.042,NA,NA,NA,285.335
1976-11-27,234.191,NA,NA,NA,285.134
1976-11-28,232.32,NA,NA,NA,284.927
1976-11-29,230.345,NA,NA,NA,284.705
1976-11-30,228.41,NA,NA,NA,284.491
1976-12-01,226.484,NA,NA,NA,284.272
1976-12-02,224.458,NA,NA,NA,284.061
1976-12-03,222.498,NA,NA,NA,283.854
1976-12-04,221.069,NA,NA,NA,283.687
1976-12-05,219.101,NA,NA,NA,283.464
1976-12-06,217.143,NA,NA,NA,283.238
1976-12-07,215.144,NA,NA,NA,283.016
1976-12-08,213.154,NA,NA,NA,282.8
1976-12-09,211.469,NA,NA,NA,282.723
1976-12-10,209.952,NA,NA,NA,282.443
1976-12-11,208.256,NA,NA,NA,282.236
1976-12-12,206.412,NA,NA,NA,282.022
1976-12-13,204.576,NA,NA,NA,281.806
1976-12-14,202.7,NA,NA,NA,281.586
1976-12-15,200.808,NA,NA,NA,281.364
1976-12-16,198.978,NA,NA,NA,281.144
1976-12-17,197.082,NA,NA,NA,280.916
1976-12-18,195.17,NA,NA,NA,280.693
1976-12-19,193.321,NA,NA,NA,280.462
1976-12-20,191.356,NA,NA,NA,280.224
1976-12-21,189.406,NA,NA,NA,279.98
1976-12-22,187.665,NA,NA,NA,279.767
1976-12-23,185.91,NA,NA,NA,279.569
1976-12-24,184.559,NA,NA,NA,279.407
1976-12-25,183.19,NA,NA,NA,279.239
1976-12-26,181.996,NA,NA,NA,279.16
1976-12-27,181.996,NA,NA,NA,279.27
1976-12-28,183.507,NA,NA,NA,279.374
1976-12-29,183.898,NA,NA,NA,279.374
1976-12-30,183.361,NA,NA,NA,279.297
1976-12-31,182.776,NA,NA,NA,279.243
1977-01-01,182.166,NA,NA,NA,279.157
1977-01-02,181.487,NA,NA,NA,279.093
1977-01-03,181.1,NA,NA,NA,279.041
1977-01-04,180.615,NA,NA,NA,278.983
1977-01-05,180.374,NA,NA,NA,278.956
1977-01-06,180.108,NA,NA,NA,278.91
1977-01-07,179.723,NA,NA,NA,278.865
1977-01-08,179.362,NA,NA,NA,278.813
1977-01-09,178.904,NA,NA,NA,278.752
1977-01-10,178.424,NA,NA,NA,278.694
1977-01-11,177.969,NA,NA,NA,278.636
1977-01-12,177.514,NA,NA,NA,278.587
1977-01-13,177.228,NA,NA,NA,278.648
1977-01-14,178.615,NA,NA,NA,278.88
1977-01-15,180.205,NA,NA,NA,278.986
1977-01-16,180.833,NA,NA,NA,279.057
1977-01-17,181.293,NA,NA,NA,279.105
1977-01-18,181.632,NA,NA,NA,279.142
1977-01-19,181.923,NA,NA,NA,279.172
1977-01-20,181.948,NA,NA,NA,279.169
1977-01-21,182.021,NA,NA,NA,279.179
1977-01-22,182.094,NA,NA,NA,279.215
1977-01-23,182.143,NA,NA,NA,279.2
1977-01-24,181.875,NA,NA,NA,279.172
1977-01-25,181.753,NA,NA,NA,279.157
1977-01-26,181.778,NA,NA,NA,279.154
1977-01-27,181.56,NA,NA,NA,279.121
1977-01-28,181.293,NA,NA,NA,279.075
1977-01-29,180.808,NA,NA,NA,279.032
1977-01-30,180.712,NA,NA,NA,279.005
1977-01-31,180.398,NA,NA,NA,278.935
1977-02-01,179.965,NA,NA,NA,278.895
1977-02-02,179.771,NA,NA,NA,278.855
1977-02-03,179.433,NA,NA,NA,278.816
1977-02-04,179.048,NA,NA,NA,278.779
1977-02-05,178.688,NA,NA,NA,278.721
1977-02-06,178.304,NA,NA,NA,278.673
1977-02-07,177.946,NA,NA,NA,278.621
1977-02-08,177.49,NA,NA,NA,278.569
1977-02-09,177.108,NA,NA,NA,278.505
1977-02-10,176.655,NA,NA,NA,278.456
1977-02-11,176.06,NA,NA,NA,278.389
1977-02-12,175.68,NA,NA,NA,278.34
1977-02-13,175.371,NA,NA,NA,278.307
1977-02-14,175.205,NA,NA,NA,278.279
1977-02-15,174.921,NA,NA,NA,278.246
1977-02-16,174.637,NA,NA,NA,278.2
1977-02-17,174.259,NA,NA,NA,278.154
1977-02-18,173.905,NA,NA,NA,278.096
1977-02-19,173.34,NA,NA,NA,278.029
1977-02-20,172.94,NA,NA,NA,277.978
1977-02-21,172.54,NA,NA,NA,277.944
1977-02-22,172.54,NA,NA,NA,277.999
1977-02-23,173.198,NA,NA,NA,278.066
1977-02-24,173.622,NA,NA,NA,278.121
1977-02-25,174.07,NA,NA,NA,278.206
1977-02-26,174.993,NA,NA,NA,278.359
1977-02-27,176.203,NA,NA,NA,278.639
1977-02-28,180.229,NA,NA,NA,279.706
1977-03-01,191.156,NA,NA,NA,280.739
1977-03-02,197.618,NA,NA,NA,281.355
1977-03-03,202.128,NA,NA,NA,281.885
1977-03-04,206.438,NA,NA,NA,282.324
1977-03-05,209.819,NA,NA,NA,282.684
1977-03-06,212.859,NA,NA,NA,283.053
1977-03-07,216.44,NA,NA,NA,283.647
1977-03-08,224.181,NA,NA,NA,284.805
1977-03-09,235.329,NA,NA,NA,285.89
1977-03-10,244.827,NA,NA,NA,286.683
1977-03-11,250.924,NA,NA,NA,287.219
1977-03-12,255.581,NA,NA,NA,287.725
1977-03-13,260.9,NA,NA,NA,288.201
1977-03-14,265.148,NA,NA,NA,288.582
1977-03-15,268.633,NA,NA,NA,288.896
1977-03-16,271.523,NA,NA,NA,289.167
1977-03-17,274.111,NA,NA,NA,289.411
1977-03-18,276.636,NA,NA,NA,289.661
1977-03-19,279.296,NA,NA,NA,289.944
1977-03-20,282.705,NA,NA,NA,290.282
1977-03-21,286.174,NA,NA,NA,290.581
1977-03-22,289.117,NA,NA,NA,290.871
1977-03-23,292.472,NA,NA,NA,291.255
1977-03-24,297.172,NA,NA,NA,291.651
1977-03-25,301.018,NA,NA,NA,291.98
1977-03-26,304.394,NA,NA,NA,292.27
1977-03-27,307.558,NA,NA,NA,292.736
1977-03-28,314.804,NA,NA,NA,293.333
1977-03-29,320.42,NA,NA,NA,293.769
1977-03-30,324.943,NA,NA,NA,294.126
1977-03-31,328.731,NA,NA,NA,294.446
1977-04-01,332.439,NA,NA,NA,294.827
1977-04-02,337.496,NA,NA,NA,295.235
1977-04-03,341.987,NA,NA,NA,295.589
1977-04-04,346.006,NA,NA,NA,295.949
1977-04-05,350.745,NA,NA,NA,296.418
1977-04-06,357.174,NA,NA,NA,297.025
1977-04-07,365.3,NA,NA,NA,297.723
1977-04-08,374.201,NA,NA,NA,298.478
1977-04-09,383.551,NA,NA,NA,299.122
1977-04-10,390.468,NA,NA,NA,299.591
1977-04-11,395.617,NA,NA,NA,299.948
1977-04-12,400.019,NA,NA,NA,300.295
1977-04-13,404.326,NA,NA,NA,300.652
1977-04-14,409.172,NA,NA,NA,301.008
1977-04-15,413.37,NA,NA,NA,301.316
1977-04-16,417.231,NA,NA,NA,301.606
1977-04-17,421.03,NA,NA,NA,301.874
1977-04-18,424.405,NA,NA,NA,302.112
1977-04-19,427.307,NA,NA,NA,302.322
1977-04-20,429.978,NA,NA,NA,302.514
1977-04-21,432.452,NA,NA,NA,302.703
1977-04-22,435.016,NA,NA,NA,302.898
1977-04-23,437.67,NA,NA,NA,303.118
1977-04-24,440.988,NA,NA,NA,303.383
1977-04-25,444.855,NA,NA,NA,303.694
1977-04-26,449.443,NA,NA,NA,304.026
1977-04-27,453.515,NA,NA,NA,304.297
1977-04-28,457.103,NA,NA,NA,304.541
1977-04-29,460.288,NA,NA,NA,304.776
1977-04-30,463.526,NA,NA,NA,305.023
1977-05-01,467.073,NA,NA,NA,305.291
1977-05-02,470.977,NA,NA,NA,305.635
1977-05-03,476.702,NA,NA,NA,306.144
1977-05-04,485.367,NA,NA,NA,306.678
1977-05-05,490.412,NA,NA,NA,306.912
1977-05-06,491.897,NA,NA,NA,306.946
1977-05-07,491.723,NA,NA,NA,306.906
1977-05-08,490.762,NA,NA,NA,306.821
1977-05-09,489.322,NA,NA,NA,306.763
1977-05-10,489.758,NA,NA,NA,306.857
1977-05-11,492.029,NA,NA,NA,307.031
1977-05-12,494.174,NA,NA,NA,307.141
1977-05-13,496.061,NA,NA,NA,307.272
1977-05-14,498.306,NA,NA,NA,307.482
1977-05-15,501.883,NA,NA,NA,307.729
1977-05-16,505.566,NA,NA,NA,307.851
1977-05-17,505.727,NA,NA,NA,307.93
1977-05-18,506.546,NA,NA,NA,307.964
1977-05-19,506.368,NA,NA,NA,307.912
1977-05-20,505.256,NA,NA,NA,307.848
1977-05-21,503.567,NA,NA,NA,307.711
1977-05-22,503.26,NA,NA,NA,307.69
1977-05-23,502.813,NA,NA,NA,307.668
1977-05-24,502.414,NA,NA,NA,307.622
1977-05-25,501.883,NA,NA,NA,307.638
1977-05-26,503.301,NA,NA,NA,307.781
1977-05-27,506.012,NA,NA,NA,307.927
1977-05-28,507.482,NA,NA,NA,308.037
1977-05-29,509.087,NA,NA,NA,308.113
1977-05-30,509.445,NA,NA,NA,308.131
1977-05-31,509.938,NA,NA,NA,308.153
1977-06-01,510.204,NA,NA,NA,308.183
1977-06-02,510.698,NA,NA,NA,308.208
1977-06-03,511.011,NA,NA,NA,308.244
1977-06-04,512.22,NA,NA,NA,308.354
1977-06-05,512.624,NA,NA,NA,308.366
1977-06-06,512.624,NA,NA,NA,308.378
1977-06-07,513.881,NA,NA,NA,308.448
1977-06-08,514.376,NA,NA,NA,308.461
1977-06-09,514.387,NA,NA,NA,308.458
1977-06-10,514.376,NA,NA,NA,308.452
1977-06-11,514.151,NA,NA,NA,308.43
1977-06-12,513.791,NA,NA,NA,308.418
1977-06-13,513.971,NA,NA,NA,308.436
1977-06-14,514.376,NA,NA,NA,308.445
1977-06-15,514.286,NA,NA,NA,308.448
1977-06-16,514.465,NA,NA,NA,308.461
1977-06-17,514.6,NA,NA,NA,308.467
1977-06-18,514.645,NA,NA,NA,308.467
1977-06-19,514.6,NA,NA,NA,308.461
1977-06-20,514.51,NA,NA,NA,308.458
1977-06-21,514.465,NA,NA,NA,308.442
1977-06-22,514.151,NA,NA,NA,308.409
1977-06-23,513.837,NA,NA,NA,308.394
1977-06-24,513.432,NA,NA,NA,308.357
1977-06-25,512.713,NA,NA,NA,308.29
1977-06-26,511.369,NA,NA,NA,308.214
1977-06-27,510.563,NA,NA,NA,308.165
1977-06-28,509.803,NA,NA,NA,308.107
1977-06-29,508.998,NA,NA,NA,308.049
1977-06-30,508.106,NA,NA,NA,307.988
1977-07-01,507.259,NA,NA,NA,307.927
1977-07-02,506.278,NA,NA,NA,307.851
1977-07-03,505.032,NA,NA,NA,307.775
1977-07-04,504.055,NA,NA,NA,307.711
1977-07-05,503.124,NA,NA,NA,307.647
1977-07-06,502.193,NA,NA,NA,307.574
1977-07-07,501.043,NA,NA,NA,307.494
1977-07-08,499.894,NA,NA,NA,307.412
1977-07-09,498.659,NA,NA,NA,307.327
1977-07-10,497.469,NA,NA,NA,307.244
1977-07-11,496.281,NA,NA,NA,307.159
1977-07-12,495.007,NA,NA,NA,307.074
1977-07-13,493.779,NA,NA,NA,306.995
1977-07-14,493.392,NA,NA,NA,306.903
1977-07-15,490.981,NA,NA,NA,306.781
1977-07-16,489.497,NA,NA,NA,306.693
1977-07-17,488.015,NA,NA,NA,306.586
1977-07-18,486.496,NA,NA,NA,306.486
1977-07-19,485.064,NA,NA,NA,306.394
1977-07-20,483.72,NA,NA,NA,306.284
1977-07-21,482.252,NA,NA,NA,306.162
1977-07-22,467.285,NA,NA,NA,306.053
1977-07-23,479.149,NA,NA,NA,305.952
1977-07-24,477.603,NA,NA,NA,305.833
1977-07-25,476.058,NA,NA,NA,305.72
1977-07-26,474.475,NA,NA,NA,305.614
1977-07-27,473.065,NA,NA,NA,305.519
1977-07-28,471.828,NA,NA,NA,305.422
1977-07-29,470.254,NA,NA,NA,305.303
1977-07-30,468.722,NA,NA,NA,305.187
1977-07-31,466.988,NA,NA,NA,305.08
1977-08-01,465.382,NA,NA,NA,304.968
1977-08-02,464.073,NA,NA,NA,304.888
1977-08-03,463.147,NA,NA,NA,304.803
1977-08-04,461.8,NA,NA,NA,304.693
1977-08-05,460.12,NA,NA,NA,304.568
1977-08-06,458.401,NA,NA,NA,304.456
1977-08-07,456.686,NA,NA,NA,304.328
1977-08-08,455.015,NA,NA,NA,304.209
1977-08-09,453.599,NA,NA,NA,304.105
1977-08-10,452.225,NA,NA,NA,303.989
1977-08-11,450.48,NA,NA,NA,303.858
1977-08-12,448.697,NA,NA,NA,303.73
1977-08-13,446.96,NA,NA,NA,303.602
1977-08-14,445.226,NA,NA,NA,303.468
1977-08-15,443.372,NA,NA,NA,303.337
1977-08-16,441.603,NA,NA,NA,303.206
1977-08-17,439.839,NA,NA,NA,303.075
1977-08-18,438.079,NA,NA,NA,302.938
1977-08-19,436.199,NA,NA,NA,302.797
1977-08-20,434.364,NA,NA,NA,302.694
1977-08-21,432.574,NA,NA,NA,302.563
1977-08-22,430.869,NA,NA,NA,302.398
1977-08-23,429.046,NA,NA,NA,302.279
1977-08-24,427.388,NA,NA,NA,302.255
1977-08-25,428.035,NA,NA,NA,302.224
1977-08-26,426.661,NA,NA,NA,302.136
1977-08-27,425.452,NA,NA,NA,302.042
1977-08-28,424.083,NA,NA,NA,301.938
1977-08-29,422.917,NA,NA,NA,301.88
1977-08-30,422.675,NA,NA,NA,301.914
1977-08-31,423.681,NA,NA,NA,301.935
1977-09-01,422.917,NA,NA,NA,301.859
1977-09-02,422.034,NA,NA,NA,301.801
1977-09-03,421.231,NA,NA,NA,301.734
1977-09-04,420.349,NA,NA,NA,301.658
1977-09-05,419.149,NA,NA,NA,301.56
1977-09-06,417.989,NA,NA,NA,301.465
1977-09-07,416.513,NA,NA,NA,301.334
1977-09-08,415.001,NA,NA,NA,301.213
1977-09-09,413.37,NA,NA,NA,301.091
1977-09-10,411.823,NA,NA,NA,300.966
1977-09-11,410.16,NA,NA,NA,300.841
1977-09-12,408.54,NA,NA,NA,300.713
1977-09-13,406.844,NA,NA,NA,300.579
1977-09-14,405.034,NA,NA,NA,300.447
1977-09-15,403.542,NA,NA,NA,300.326
1977-09-16,402.013,NA,NA,NA,300.17
1977-09-17,399.004,NA,NA,NA,300.021
1977-09-18,398.457,NA,NA,NA,299.972
1977-09-19,397.6,NA,NA,NA,299.871
1977-09-20,396.2,NA,NA,NA,299.78
1977-09-21,395.19,NA,NA,NA,299.74
1977-09-22,395.19,NA,NA,NA,299.725
1977-09-23,394.725,NA,NA,NA,299.695
1977-09-24,395.19,NA,NA,NA,299.859
1977-09-25,397.446,NA,NA,NA,299.963
1977-09-26,398.381,NA,NA,NA,299.966
1977-09-27,397.757,NA,NA,NA,299.874
1977-09-28,395.967,NA,NA,NA,299.704
1977-09-29,393.212,NA,NA,NA,299.487
1977-09-30,390.584,NA,NA,NA,299.329
1977-10-01,388.772,NA,NA,NA,299.158
1977-10-02,386.273,NA,NA,NA,298.945
1977-10-03,383.475,NA,NA,NA,298.704
1977-10-04,380.307,NA,NA,NA,298.475
1977-10-05,377.039,NA,NA,NA,298.204
1977-10-06,373.557,NA,NA,NA,297.878
1977-10-07,370.044,NA,NA,NA,297.595
1977-10-08,366.46,NA,NA,NA,297.342
1977-10-09,362.917,NA,NA,NA,297.028
1977-10-10,358.909,NA,NA,NA,296.68
1977-10-11,354.595,NA,NA,NA,296.314
1977-10-12,350.086,NA,NA,NA,295.93
1977-10-13,345.374,NA,NA,NA,295.543
1977-10-14,340.545,NA,NA,NA,295.117
1977-10-15,335.674,NA,NA,NA,294.763
1977-10-16,331.873,NA,NA,NA,294.525
1977-10-17,331.2,NA,NA,NA,294.406
1977-10-18,328.519,NA,NA,NA,294.141
1977-10-19,324.838,NA,NA,NA,293.797
1977-10-20,321.182,NA,NA,NA,293.483
1977-10-21,317.725,NA,NA,NA,293.254
1977-10-22,315.798,NA,NA,NA,293.087
1977-10-23,313.914,NA,NA,NA,292.983
1977-10-24,313.06,NA,NA,NA,292.788
1977-10-25,309.996,NA,NA,NA,292.629
1977-10-26,309.657,NA,NA,NA,292.651
1977-10-27,309.69,NA,NA,NA,292.568
1977-10-28,307.997,NA,NA,NA,292.361
1977-10-29,305.334,NA,NA,NA,292.151
1977-10-30,303.858,NA,NA,NA,292.203
1977-10-31,305.907,NA,NA,NA,292.462
1977-11-01,309.622,NA,NA,NA,292.766
1977-11-02,311.151,NA,NA,NA,293.449
1977-11-03,320.142,NA,NA,NA,293.413
1977-11-04,317.104,NA,NA,NA,293.035
1977-11-05,311.934,NA,NA,NA,292.544
1977-11-06,306.277,NA,NA,NA,292.004
1977-11-07,301.12,NA,NA,NA,291.788
1977-11-08,299.689,NA,NA,NA,291.593
1977-11-09,296.61,NA,NA,NA,291.282
1977-11-10,293.093,NA,NA,NA,290.935
1977-11-11,288.891,NA,NA,NA,290.514
1977-11-12,284.307,NA,NA,NA,290.078
1977-11-13,279.613,NA,NA,NA,289.67
1977-11-14,276.353,NA,NA,NA,289.621
1977-11-15,280.249,NA,NA,NA,290.508
1977-11-16,291.524,NA,NA,NA,290.986
1977-11-17,291.524,NA,NA,NA,290.755
1977-11-18,287.433,NA,NA,NA,290.288
1977-11-19,281.809,NA,NA,NA,289.697
1977-11-20,275.189,NA,NA,NA,289.017
1977-11-21,267.891,NA,NA,NA,288.274
1977-11-22,260.383,NA,NA,NA,287.932
1977-11-23,260.078,NA,NA,NA,287.85
1977-11-24,260.169,NA,NA,NA,288.493
1977-11-25,275.754,NA,NA,NA,292.632
1977-11-26,342.745,NA,NA,NA,297.104
1977-11-27,374.276,NA,NA,NA,298.289
1977-11-28,377.341,NA,NA,NA,298.119
1977-11-29,370.169,NA,NA,NA,297.564
1977-11-30,365.824,NA,NA,NA,296.912
1977-12-01,353.86,NA,NA,NA,295.799
1977-12-02,340.006,NA,NA,NA,295.217
1977-12-03,349.539,NA,NA,NA,296.823
1977-12-04,361.653,NA,NA,NA,296.918
1977-12-05,357.358,NA,NA,NA,296.256
1977-12-06,346.515,NA,NA,NA,295.504
1977-12-07,342.6,NA,NA,NA,295.662
1977-12-08,345.389,NA,NA,NA,295.26
1977-12-09,334.356,NA,NA,NA,294.129
1977-12-10,320.211,NA,NA,NA,292.867
1977-12-11,305.234,NA,NA,NA,292.059
1977-12-12,306.411,NA,NA,NA,292.623
1977-12-13,311.049,NA,NA,NA,295.065
1977-12-14,371.448,NA,NA,NA,299.783
1977-12-15,415.437,NA,NA,NA,302.709
1977-12-16,446.424,NA,NA,NA,303.965
1977-12-17,452.687,NA,NA,NA,304.032
1977-12-18,449.485,NA,NA,NA,303.462
1977-12-19,437.996,NA,NA,NA,302.447
1977-12-20,423.159,NA,NA,NA,301.179
1977-12-21,403.934,NA,NA,NA,299.5
1977-12-22,381.222,NA,NA,NA,297.677
1977-12-23,358.319,NA,NA,NA,295.802
1977-12-24,336.353,NA,NA,NA,294.333
1977-12-25,323.511,NA,NA,NA,293.166
1977-12-26,308.222,NA,NA,NA,291.55
1977-12-27,288.793,NA,NA,NA,289.923
1977-12-28,277.237,NA,NA,NA,289.307
1977-12-29,271.711,NA,NA,NA,288.777
1977-12-30,266.78,NA,NA,NA,288.46
1977-12-31,268.572,NA,NA,NA,288.094
1978-01-01,259.35,NA,NA,NA,287.493
1978-01-02,253.067,NA,NA,NA,286.838
1978-01-03,246.696,NA,NA,NA,286.219
1978-01-04,241.799,NA,NA,NA,285.899
1978-01-05,239.37,NA,NA,NA,285.601
1978-01-06,237.473,NA,NA,NA,285.787
1978-01-07,240.959,NA,NA,NA,285.896
1978-01-08,239.948,NA,NA,NA,285.695
1978-01-09,237.618,NA,NA,NA,285.418
1978-01-10,234.788,NA,NA,NA,285.089
1978-01-11,231.332,NA,NA,NA,284.653
1978-01-12,226.985,NA,NA,NA,284.247
1978-01-13,223.711,NA,NA,NA,283.851
1978-01-14,219.975,NA,NA,NA,283.418
1978-01-15,215.871,NA,NA,NA,282.931
1978-01-16,211.336,NA,NA,NA,282.388
1978-01-17,206.517,NA,NA,NA,282.126
1978-01-18,206.123,NA,NA,NA,282.184
1978-01-19,206.7,NA,NA,NA,282.239
1978-01-20,206.728,NA,NA,NA,282.214
1978-01-21,206.254,NA,NA,NA,282.205
1978-01-22,207.174,NA,NA,NA,282.364
1978-01-23,208.151,NA,NA,NA,282.361
1978-01-24,207.254,NA,NA,NA,282.19
1978-01-25,205.309,NA,NA,NA,281.919
1978-01-26,202.621,NA,NA,NA,281.641
1978-01-27,200.963,NA,NA,NA,281.461
1978-01-28,200.549,NA,NA,NA,281.492
1978-01-29,201.636,NA,NA,NA,281.614
1978-01-30,202.7,NA,NA,NA,281.727
1978-01-31,203.428,NA,NA,NA,281.864
1978-02-01,205.467,NA,NA,NA,282.15
1978-02-02,208.917,NA,NA,NA,282.845
1978-02-03,217.524,NA,NA,NA,284.177
1978-02-04,230.261,NA,NA,NA,285.211
1978-02-05,237.072,NA,NA,NA,285.805
1978-02-06,242.061,NA,NA,NA,286.335
1978-02-07,246.76,NA,NA,NA,286.719
1978-02-08,250,NA,NA,NA,287.055
1978-02-09,252.947,NA,NA,NA,287.308
1978-02-10,254.921,NA,NA,NA,287.451
1978-02-11,256.001,NA,NA,NA,287.6
1978-02-12,257.717,NA,NA,NA,287.746
1978-02-13,259.031,NA,NA,NA,287.841
1978-02-14,259.715,NA,NA,NA,287.926
1978-02-15,261.356,NA,NA,NA,288.109
1978-02-16,263.186,NA,NA,NA,288.255
1978-02-17,264.718,NA,NA,NA,288.417
1978-02-18,266.255,NA,NA,NA,288.572
1978-02-19,267.768,NA,NA,NA,288.725
1978-02-20,269.346,NA,NA,NA,288.865
1978-02-21,270.714,NA,NA,NA,288.987
1978-02-22,271.805,NA,NA,NA,289.1
1978-02-23,272.993,NA,NA,NA,289.209
1978-02-24,274.12,NA,NA,NA,289.325
1978-02-25,275.345,NA,NA,NA,289.447
1978-02-26,276.7,NA,NA,NA,289.658
1978-02-27,279.55,NA,NA,NA,289.914
1978-02-28,281.874,NA,NA,NA,290.103
1978-03-01,283.538,NA,NA,NA,290.243
1978-03-02,284.918,NA,NA,NA,290.362
1978-03-03,286.045,NA,NA,NA,290.459
1978-03-04,287.046,NA,NA,NA,290.532
1978-03-05,288.08,NA,NA,NA,290.645
1978-03-06,288.955,NA,NA,NA,290.727
1978-03-07,289.8,NA,NA,NA,290.819
1978-03-08,290.677,NA,NA,NA,290.922
1978-03-09,291.851,NA,NA,NA,291.014
1978-03-10,292.996,NA,NA,NA,291.114
1978-03-11,293.979,NA,NA,NA,291.203
1978-03-12,294.963,NA,NA,NA,291.288
1978-03-13,295.786,NA,NA,NA,291.352
1978-03-14,296.874,NA,NA,NA,291.492
1978-03-15,298.23,NA,NA,NA,291.608
1978-03-16,299.457,NA,NA,NA,291.718
1978-03-17,300.552,NA,NA,NA,291.819
1978-03-18,301.686,NA,NA,NA,291.922
1978-03-19,302.787,NA,NA,NA,292.017
1978-03-20,303.758,NA,NA,NA,292.102
1978-03-21,304.697,NA,NA,NA,292.187
1978-03-22,305.603,NA,NA,NA,292.267
1978-03-23,306.445,NA,NA,NA,292.37
1978-03-24,307.964,NA,NA,NA,292.517
1978-03-25,309.589,NA,NA,NA,292.651
1978-03-26,310.879,NA,NA,NA,292.76
1978-03-27,312.07,NA,NA,NA,292.855
1978-03-28,313.094,NA,NA,NA,292.943
1978-03-29,314.016,NA,NA,NA,293.023
1978-03-30,314.838,NA,NA,NA,293.096
1978-03-31,315.661,NA,NA,NA,293.16
1978-04-01,316.314,NA,NA,NA,293.224
1978-04-02,317.139,NA,NA,NA,293.321
1978-04-03,318.587,NA,NA,NA,293.455
1978-04-04,320.039,NA,NA,NA,293.589
1978-04-05,321.703,NA,NA,NA,293.742
1978-04-06,323.65,NA,NA,NA,293.916
1978-04-07,325.431,NA,NA,NA,294.059
1978-04-08,326.973,NA,NA,NA,294.178
1978-04-09,328.238,NA,NA,NA,294.284
1978-04-10,331.937,NA,NA,NA,294.397
1978-04-11,330.811,NA,NA,NA,294.522
1978-04-12,332.297,NA,NA,NA,294.647
1978-04-13,333.645,NA,NA,NA,294.766
1978-04-14,335.067,NA,NA,NA,294.888
1978-04-15,336.459,NA,NA,NA,295.001
1978-04-16,337.745,NA,NA,NA,295.123
1978-04-17,339.251,NA,NA,NA,295.187
1978-04-18,339.288,NA,NA,NA,295.238
1978-04-19,339.682,NA,NA,NA,295.241
1978-04-20,340.186,NA,NA,NA,295.284
1978-04-21,340.761,NA,NA,NA,295.369
1978-04-22,342.709,NA,NA,NA,295.671
1978-04-23,347.461,NA,NA,NA,296.074
1978-04-24,351.843,NA,NA,NA,296.412
1978-04-25,355.956,NA,NA,NA,296.775
1978-04-26,360.91,NA,NA,NA,297.354
1978-04-27,370.044,NA,NA,NA,298.076
1978-04-28,377.836,NA,NA,NA,298.625
1978-04-29,383.859,NA,NA,NA,299.048
1978-04-30,388.618,NA,NA,NA,299.381
1978-05-01,392.4,NA,NA,NA,299.658
1978-05-02,395.694,NA,NA,NA,299.899
1978-05-03,398.537,NA,NA,NA,300.103
1978-05-04,400.957,NA,NA,NA,300.289
1978-05-05,403.348,NA,NA,NA,300.466
1978-05-06,405.466,NA,NA,NA,300.612
1978-05-07,407.356,NA,NA,NA,300.758
1978-05-08,409.094,NA,NA,NA,300.889
1978-05-09,410.675,NA,NA,NA,301.014
1978-05-10,412.418,NA,NA,NA,301.145
1978-05-11,414.125,NA,NA,NA,301.316
1978-05-12,417.55,NA,NA,NA,301.618
1978-05-13,421.11,NA,NA,NA,301.892
1978-05-14,424.968,NA,NA,NA,302.285
1978-05-15,432.128,NA,NA,NA,302.901
1978-05-16,440.414,NA,NA,NA,303.486
1978-05-17,447.581,NA,NA,NA,303.934
1978-05-18,452.849,NA,NA,NA,304.276
1978-05-19,456.98,NA,NA,NA,304.544
1978-05-20,460.288,NA,NA,NA,304.763
1978-05-21,463.062,NA,NA,NA,304.949
1978-05-22,465.508,NA,NA,NA,305.12
1978-05-23,467.836,NA,NA,NA,305.275
1978-05-24,469.872,NA,NA,NA,305.425
1978-05-25,472.042,NA,NA,NA,305.577
1978-05-26,474.004,NA,NA,NA,305.705
1978-05-27,475.845,NA,NA,NA,305.873
1978-05-28,478.719,NA,NA,NA,306.105
1978-05-29,482.035,NA,NA,NA,306.312
1978-05-30,484.631,NA,NA,NA,306.476
1978-05-31,486.799,NA,NA,NA,306.617
1978-06-01,488.626,NA,NA,NA,306.732
1978-06-02,490.194,NA,NA,NA,306.839
1978-06-03,491.634,NA,NA,NA,306.934
1978-06-04,493.392,NA,NA,NA,307.022
1978-06-05,494.174,NA,NA,NA,307.086
1978-06-06,494.919,NA,NA,NA,307.132
1978-06-07,495.359,NA,NA,NA,307.159
1978-06-08,495.797,NA,NA,NA,307.187
1978-06-09,496.193,NA,NA,NA,307.214
1978-06-10,496.677,NA,NA,NA,307.266
1978-06-11,497.602,NA,NA,NA,307.336
1978-06-12,498.483,NA,NA,NA,307.379
1978-06-13,499.099,NA,NA,NA,307.452
1978-06-14,499.815,NA,NA,NA,307.497
1978-06-15,501.086,NA,NA,NA,307.607
1978-06-16,502.947,NA,NA,NA,307.711
1978-06-17,504.189,NA,NA,NA,307.732
1978-06-18,503.833,NA,NA,NA,307.735
1978-06-19,503.611,NA,NA,NA,307.683
1978-06-20,502.991,NA,NA,NA,307.674
1978-06-21,503.124,NA,NA,NA,307.69
1978-06-22,503.478,NA,NA,NA,307.708
1978-06-23,503.656,NA,NA,NA,307.717
1978-06-24,503.7,NA,NA,NA,307.732
1978-06-25,504.011,NA,NA,NA,307.75
1978-06-26,504.277,NA,NA,NA,307.747
1978-06-27,504.233,NA,NA,NA,307.76
1978-06-28,504.322,NA,NA,NA,307.763
1978-06-29,504.322,NA,NA,NA,307.763
1978-06-30,504.366,NA,NA,NA,307.763
1978-07-01,504.366,NA,NA,NA,307.757
1978-07-02,504.144,NA,NA,NA,307.757
1978-07-03,504.322,NA,NA,NA,307.757
1978-07-04,504.189,NA,NA,NA,307.754
1978-07-05,504.189,NA,NA,NA,307.744
1978-07-06,503.922,NA,NA,NA,307.729
1978-07-07,503.656,NA,NA,NA,307.711
1978-07-08,503.345,NA,NA,NA,307.686
1978-07-09,503.169,NA,NA,NA,307.665
1978-07-10,502.636,NA,NA,NA,307.632
1978-07-11,502.105,NA,NA,NA,307.589
1978-07-12,501.396,NA,NA,NA,307.543
1978-07-13,500.821,NA,NA,NA,307.504
1978-07-14,500.203,NA,NA,NA,307.455
1978-07-15,499.452,NA,NA,NA,307.4
1978-07-16,498.703,NA,NA,NA,307.363
1978-07-17,497.997,NA,NA,NA,307.302
1978-07-18,497.292,NA,NA,NA,307.257
1978-07-19,496.72,NA,NA,NA,307.208
1978-07-20,495.929,NA,NA,NA,307.153
1978-07-21,495.139,NA,NA,NA,307.098
1978-07-22,494.262,NA,NA,NA,307.046
1978-07-23,493.392,NA,NA,NA,306.985
1978-07-24,493.392,NA,NA,NA,306.909
1978-07-25,491.547,NA,NA,NA,306.839
1978-07-26,490.455,NA,NA,NA,306.76
1978-07-27,489.278,NA,NA,NA,306.687
1978-07-28,488.321,NA,NA,NA,306.617
1978-07-29,487.364,NA,NA,NA,306.556
1978-07-30,486.408,NA,NA,NA,306.489
1978-07-31,485.367,NA,NA,NA,306.406
1978-08-01,484.198,NA,NA,NA,306.324
1978-08-02,482.986,NA,NA,NA,306.223
1978-08-03,481.733,NA,NA,NA,306.144
1978-08-04,480.655,NA,NA,NA,306.062
1978-08-05,479.407,NA,NA,NA,305.98
1978-08-06,478.332,NA,NA,NA,305.916
1978-08-07,477.301,NA,NA,NA,305.812
1978-08-08,475.716,NA,NA,NA,305.748
1978-08-09,474.817,NA,NA,NA,305.653
1978-08-10,473.194,NA,NA,NA,305.538
1978-08-11,471.531,NA,NA,NA,305.419
1978-08-12,469.872,NA,NA,NA,305.321
1978-08-13,468.768,NA,NA,NA,305.245
1978-08-14,467.665,NA,NA,NA,305.147
1978-08-15,466.354,NA,NA,NA,305.068
1978-08-16,465.593,NA,NA,NA,305.016
1978-08-17,465.086,NA,NA,NA,304.983
1978-08-18,464.579,NA,NA,NA,304.931
1978-08-19,463.695,NA,NA,NA,304.876
1978-08-20,462.852,NA,NA,NA,304.83
1978-08-21,462.514,NA,NA,NA,304.806
1978-08-22,462.261,NA,NA,NA,304.779
1978-08-23,461.715,NA,NA,NA,304.745
1978-08-24,461.379,NA,NA,NA,304.745
1978-08-25,461.505,NA,NA,NA,304.788
1978-08-26,462.01,NA,NA,NA,304.794
1978-08-27,461.842,NA,NA,NA,304.766
1978-08-28,461.338,NA,NA,NA,304.727
1978-08-29,460.749,NA,NA,NA,304.66
1978-08-30,460.036,NA,NA,NA,304.608
1978-08-31,459.154,NA,NA,NA,304.538
1978-09-01,458.192,NA,NA,NA,304.437
1978-09-02,456.059,NA,NA,NA,304.318
1978-09-03,455.015,NA,NA,NA,304.245
1978-09-04,454.014,NA,NA,NA,304.172
1978-09-05,452.891,NA,NA,NA,304.102
1978-09-06,452.349,NA,NA,NA,304.044
1978-09-07,450.937,NA,NA,NA,303.934
1978-09-08,449.194,NA,NA,NA,303.846
1978-09-09,448.574,NA,NA,NA,303.809
1978-09-10,448.159,NA,NA,NA,303.852
1978-09-11,449.652,NA,NA,NA,304.001
1978-09-12,451.809,NA,NA,NA,304.001
1978-09-13,449.402,NA,NA,NA,303.785
1978-09-14,446.134,NA,NA,NA,303.52
1978-09-15,442.343,NA,NA,NA,303.224
1978-09-16,438.12,NA,NA,NA,302.953
1978-09-17,435.138,NA,NA,NA,302.724
1978-09-18,432.209,NA,NA,NA,302.484
1978-09-19,428.399,NA,NA,NA,302.185
1978-09-20,424.646,NA,NA,NA,301.892
1978-09-21,420.67,NA,NA,NA,301.587
1978-09-22,416.916,NA,NA,NA,301.292
1978-09-23,413.132,NA,NA,NA,301.066
1978-09-24,409.962,NA,NA,NA,300.81
1978-09-25,406.923,NA,NA,NA,300.554
1978-09-26,403.581,NA,NA,NA,300.289
1978-09-27,400.098,NA,NA,NA,300.03
1978-09-28,397.057,NA,NA,NA,299.786
1978-09-29,393.871,NA,NA,NA,299.539
1978-09-30,390.738,NA,NA,NA,299.323
1978-10-01,388.58,NA,NA,NA,299.152
1978-10-02,386.427,NA,NA,NA,298.991
1978-10-03,384.203,NA,NA,NA,298.774
1978-10-04,381.297,NA,NA,NA,298.53
1978-10-05,377.988,NA,NA,NA,298.268
1978-10-06,376.621,NA,NA,NA,297.988
1978-10-07,371.108,NA,NA,NA,297.71
1978-10-08,367.731,NA,NA,NA,297.43
1978-10-09,364.294,NA,NA,NA,297.146
1978-10-10,360.762,NA,NA,NA,296.893
1978-10-11,358.208,NA,NA,NA,296.622
1978-10-12,354.153,NA,NA,NA,296.29
1978-10-13,350.014,NA,NA,NA,295.939
1978-10-14,345.86,NA,NA,NA,295.653
1978-10-15,342.239,NA,NA,NA,295.339
1978-10-16,338.678,NA,NA,NA,294.988
1978-10-17,334.927,NA,NA,NA,294.726
1978-10-18,332.546,NA,NA,NA,294.519
1978-10-19,330.069,NA,NA,NA,294.303
1978-10-20,327.535,NA,NA,NA,294.086
1978-10-21,325.082,NA,NA,NA,293.919
1978-10-22,323.569,NA,NA,NA,293.788
1978-10-23,322.051,NA,NA,NA,293.629
1978-10-24,320.489,NA,NA,NA,293.495
1978-10-25,318.967,NA,NA,NA,293.355
1978-10-26,317.381,NA,NA,NA,293.175
1978-10-27,314.769,NA,NA,NA,292.949
1978-10-28,312.173,NA,NA,NA,292.718
1978-10-29,309.657,NA,NA,NA,292.541
1978-10-30,307.626,NA,NA,NA,292.318
1978-10-31,305.234,NA,NA,NA,292.093
1978-11-01,302.721,NA,NA,NA,291.861
1978-11-02,300.187,NA,NA,NA,291.627
1978-11-03,297.568,NA,NA,NA,291.392
1978-11-04,295.03,NA,NA,NA,291.221
1978-11-05,292.964,NA,NA,NA,290.956
1978-11-06,290.581,NA,NA,NA,290.737
1978-11-07,288.015,NA,NA,NA,290.508
1978-11-08,285.176,NA,NA,NA,290.285
1978-11-09,283.473,NA,NA,NA,290.096
1978-11-10,281.332,NA,NA,NA,289.886
1978-11-11,279.042,NA,NA,NA,289.664
1978-11-12,276.7,NA,NA,NA,289.432
1978-11-13,274.34,NA,NA,NA,289.063
1978-11-14,268.356,NA,NA,NA,288.444
1978-11-15,261.965,NA,NA,NA,287.804
1978-11-16,255.61,NA,NA,NA,287.32
1978-11-17,253.933,NA,NA,NA,287.225
1978-11-18,253.008,NA,NA,NA,287.109
1978-11-19,251.458,NA,NA,NA,287.155
1978-11-20,253.933,NA,NA,NA,287.301
1978-11-21,253.395,NA,NA,NA,287.109
1978-11-22,249.68,NA,NA,NA,286.646
1978-11-23,245.442,NA,NA,NA,286.293
1978-11-24,242.757,NA,NA,NA,285.988
1978-11-25,239.861,NA,NA,NA,285.668
1978-11-26,236.844,NA,NA,NA,285.363
1978-11-27,233.849,NA,NA,NA,285.028
1978-11-28,231.049,NA,NA,NA,284.854
1978-11-29,231.078,NA,NA,NA,285.418
1978-11-30,241.654,NA,NA,NA,286.643
1978-12-01,254.86,NA,NA,NA,288.051
1978-12-02,264.258,NA,NA,NA,288.295
1978-12-03,263.186,NA,NA,NA,288.002
1978-12-04,267.492,NA,NA,NA,288.682
1978-12-05,283.282,NA,NA,NA,290.852
1978-12-06,292.996,NA,NA,NA,291.008
1978-12-07,290.971,NA,NA,NA,290.66
1978-12-08,286.174,NA,NA,NA,290.13
1978-12-09,279.931,NA,NA,NA,289.53
1978-12-10,273.65,NA,NA,NA,288.886
1978-12-11,267.365,NA,NA,NA,289.109
1978-12-12,276.3,NA,NA,NA,289.505
1978-12-13,275.566,NA,NA,NA,289.246
1978-12-14,275.757,NA,NA,NA,288.795
1978-12-15,266.78,NA,NA,NA,288.265
1978-12-16,260.929,NA,NA,NA,287.631
1978-12-17,254.262,NA,NA,NA,286.942
1978-12-18,247.437,NA,NA,NA,286.207
1978-12-19,240.12,NA,NA,NA,285.463
1978-12-20,234.219,NA,NA,NA,285.049
1978-12-21,229.446,NA,NA,NA,284.287
1978-12-22,222.168,NA,NA,NA,283.461
1978-12-23,214.848,NA,NA,NA,283.144
1978-12-24,216.277,NA,NA,NA,283.485
1978-12-25,219.892,NA,NA,NA,283.811
1978-12-26,221.866,NA,NA,NA,283.845
1978-12-27,220.303,NA,NA,NA,283.699
1978-12-28,219.511,NA,NA,NA,283.522
1978-12-29,217.116,NA,NA,NA,283.205
1978-12-30,213.959,NA,NA,NA,282.973
1978-12-31,213.609,NA,NA,NA,282.94
1979-01-01,213.127,NA,NA,NA,282.915
1979-01-02,212.27,NA,NA,NA,282.614
1979-01-03,208.389,NA,NA,NA,282.153
1979-01-04,204.289,NA,NA,NA,281.672
1979-01-05,200.111,NA,NA,NA,281.16
1979-01-06,195.577,NA,NA,NA,280.834
1979-01-07,195.119,NA,NA,NA,280.788
1979-01-08,194.789,NA,NA,NA,280.517
1979-01-09,190.328,NA,NA,NA,279.971
1979-01-10,185.813,NA,NA,NA,279.965
1979-01-11,192.691,NA,NA,NA,280.864
1979-01-12,198.13,NA,NA,NA,281.461
1979-01-13,201.921,NA,NA,NA,281.73
1979-01-14,203.273,NA,NA,NA,281.891
1979-01-15,205.231,NA,NA,NA,282.047
1979-01-16,205.336,NA,NA,NA,282.028
1979-01-17,204.995,NA,NA,NA,281.931
1979-01-18,204.315,NA,NA,NA,281.836
1979-01-19,203.324,NA,NA,NA,281.73
1979-01-20,202.778,NA,NA,NA,281.788
1979-01-21,204.237,NA,NA,NA,281.955
1979-01-22,205.598,NA,NA,NA,282.095
1979-01-23,206.728,NA,NA,NA,282.214
1979-01-24,207.675,NA,NA,NA,282.269
1979-01-25,207.649,NA,NA,NA,282.166
1979-01-26,205.388,NA,NA,NA,281.852
1979-01-27,202.595,NA,NA,NA,281.717
1979-01-28,203.402,NA,NA,NA,281.797
1979-01-29,203.898,NA,NA,NA,281.791
1979-01-30,203.22,NA,NA,NA,281.751
1979-01-31,203.324,NA,NA,NA,281.763
1979-02-01,203.428,NA,NA,NA,281.769
1979-02-02,203.481,NA,NA,NA,281.775
1979-02-03,203.481,NA,NA,NA,281.785
1979-02-04,203.741,NA,NA,NA,281.882
1979-02-05,204.707,NA,NA,NA,282.111
1979-02-06,208.706,NA,NA,NA,282.86
1979-02-07,219.566,NA,NA,NA,285.948
1979-02-08,256.693,NA,NA,NA,288.28
1979-02-09,267.026,NA,NA,NA,288.74
1979-02-10,270.59,NA,NA,NA,289.307
1979-02-11,281.236,NA,NA,NA,290.721
1979-02-12,294.865,NA,NA,NA,291.471
1979-02-13,297.172,NA,NA,NA,291.617
1979-02-14,301.686,NA,NA,NA,292.117
1979-02-15,307.964,NA,NA,NA,292.712
1979-02-16,312.07,NA,NA,NA,293.096
1979-02-17,316.967,NA,NA,NA,293.397
1979-02-18,319.381,NA,NA,NA,293.66
1979-02-19,322.815,NA,NA,NA,293.922
1979-02-20,325.572,NA,NA,NA,294.12
1979-02-21,327.57,NA,NA,NA,294.266
1979-02-22,328.977,NA,NA,NA,294.367
1979-02-23,329.999,NA,NA,NA,294.452
1979-02-24,330.987,NA,NA,NA,294.681
1979-02-25,335.746,NA,NA,NA,295.113
1979-02-26,341.086,NA,NA,NA,295.519
1979-02-27,345.027,NA,NA,NA,295.869
1979-02-28,348.991,NA,NA,NA,296.162
1979-03-01,351.843,NA,NA,NA,296.339
1979-03-02,353.456,NA,NA,NA,296.436
1979-03-03,354.301,NA,NA,NA,296.677
1979-03-04,361.17,NA,NA,NA,297.671
1979-03-05,376.015,NA,NA,NA,299.128
1979-03-06,397.522,NA,NA,NA,300.527
1979-03-07,410.555,NA,NA,NA,301.213
1979-03-08,412.298,NA,NA,NA,301.417
1979-03-09,416.752,NA,NA,NA,301.328
1979-03-10,414.243,NA,NA,NA,301.069
1979-03-11,410.278,NA,NA,NA,300.737
1979-03-12,405.742,NA,NA,NA,300.432
1979-03-13,403.423,NA,NA,NA,300.353
1979-03-14,401.817,NA,NA,NA,300.222
1979-03-15,400.136,NA,NA,NA,300.243
1979-03-16,402.013,NA,NA,NA,300.329
1979-03-17,402.287,NA,NA,NA,300.304
1979-03-18,401.543,NA,NA,NA,300.219
1979-03-19,400.098,NA,NA,NA,300.091
1979-03-20,397.757,NA,NA,NA,299.905
1979-03-21,395.694,NA,NA,NA,299.792
1979-03-22,395.345,NA,NA,NA,299.82
1979-03-23,396.966,NA,NA,NA,299.975
1979-03-24,399.277,NA,NA,NA,300.158
1979-03-25,401.543,NA,NA,NA,294.236
1979-03-26,403.777,NA,NA,NA,300.505
1979-03-27,406.017,NA,NA,NA,300.676
1979-03-28,408.303,NA,NA,NA,300.859
1979-03-29,410.912,NA,NA,NA,301.142
1979-03-30,415.198,NA,NA,NA,301.447
1979-03-31,418.949,NA,NA,NA,301.725
1979-04-01,422.476,NA,NA,NA,301.984
1979-04-02,425.896,NA,NA,NA,302.264
1979-04-03,429.896,NA,NA,NA,302.526
1979-04-04,432.493,NA,NA,NA,302.694
1979-04-05,434.527,NA,NA,NA,302.852
1979-04-06,436.852,NA,NA,NA,303.078
1979-04-07,440.577,NA,NA,NA,303.389
1979-04-08,444.73,NA,NA,NA,303.666
1979-04-09,448.491,NA,NA,NA,303.98
1979-04-10,453.676,NA,NA,NA,304.318
1979-04-11,457.271,NA,NA,NA,304.66
1979-04-12,462.767,NA,NA,NA,305.068
1979-04-13,469.321,NA,NA,NA,305.602
1979-04-14,475.416,NA,NA,NA,305.891
1979-04-15,477.6,NA,NA,NA,305.855
1979-04-16,476.358,NA,NA,NA,305.852
1979-04-17,478.461,NA,NA,NA,306.117
1979-04-18,482.382,NA,NA,NA,306.388
1979-04-19,484.587,NA,NA,NA,306.437
1979-04-20,485.584,NA,NA,NA,306.47
1979-04-21,485.67,NA,NA,NA,306.461
1979-04-22,485.541,NA,NA,NA,306.467
1979-04-23,485.757,NA,NA,NA,306.476
1979-04-24,485.757,NA,NA,NA,306.464
1979-04-25,485.367,NA,NA,NA,306.434
1979-04-26,484.977,NA,NA,NA,306.394
1979-04-27,484.284,NA,NA,NA,306.367
1979-04-28,484.198,NA,NA,NA,306.361
1979-04-29,484.024,NA,NA,NA,306.339
1979-04-30,483.591,NA,NA,NA,306.3
1979-05-01,482.9,NA,NA,NA,306.242
1979-05-02,481.819,NA,NA,NA,306.242
1979-05-03,482.382,NA,NA,NA,306.287
1979-05-04,483.418,NA,NA,NA,306.388
1979-05-05,486.148,NA,NA,NA,306.76
1979-05-06,493.392,NA,NA,NA,307.031
1979-05-07,494.48,NA,NA,NA,307.12
1979-05-08,495.403,NA,NA,NA,307.162
1979-05-09,495.359,NA,NA,NA,307.165
1979-05-10,496.589,NA,NA,NA,307.287
1979-05-11,498.041,NA,NA,NA,307.427
1979-05-12,500.114,NA,NA,NA,307.613
1979-05-13,503.26,NA,NA,NA,307.784
1979-05-14,504.81,NA,NA,NA,307.781
1979-05-15,504.322,NA,NA,NA,307.79
1979-05-16,505.032,NA,NA,NA,307.848
1979-05-17,504.81,NA,NA,NA,307.75
1979-05-18,504.1,NA,NA,NA,307.644
1979-05-19,501.75,NA,NA,NA,307.577
1979-05-20,500.793,NA,NA,NA,307.507
1979-05-21,499.717,NA,NA,NA,307.427
1979-05-22,498.438,NA,NA,NA,307.385
1979-05-23,498.747,NA,NA,NA,307.427
1979-05-24,499.452,NA,NA,NA,307.473
1979-05-25,500.114,NA,NA,NA,307.504
1979-05-26,500.645,NA,NA,NA,307.546
1979-05-27,501.086,NA,NA,NA,307.577
1979-05-28,501.529,NA,NA,NA,307.604
1979-05-29,501.928,NA,NA,NA,307.629
1979-05-30,502.237,NA,NA,NA,307.644
1979-05-31,502.459,NA,NA,NA,307.656
1979-06-01,502.593,NA,NA,NA,307.656
1979-06-02,502.991,NA,NA,NA,307.68
1979-06-03,504.287,NA,NA,NA,307.702
1979-06-04,503.567,NA,NA,NA,307.72
1979-06-05,503.878,NA,NA,NA,307.735
1979-06-06,504.055,NA,NA,NA,307.747
1979-06-07,504.189,NA,NA,NA,307.747
1979-06-08,504.1,NA,NA,NA,307.72
1979-06-09,503.434,NA,NA,NA,307.705
1979-06-10,503.035,NA,NA,NA,307.674
1979-06-11,502.636,NA,NA,NA,307.644
1979-06-12,502.105,NA,NA,NA,307.586
1979-06-13,501.574,NA,NA,NA,307.549
1979-06-14,501.043,NA,NA,NA,307.522
1979-06-15,500.467,NA,NA,NA,307.47
1979-06-16,499.849,NA,NA,NA,307.443
1979-06-17,499.63,NA,NA,NA,307.437
1979-06-18,499.585,NA,NA,NA,307.437
1979-06-19,499.63,NA,NA,NA,307.433
1979-06-20,499.541,NA,NA,NA,307.424
1979-06-21,499.365,NA,NA,NA,307.427
1979-06-22,499.231,NA,NA,NA,307.403
1979-06-23,498.791,NA,NA,NA,307.373
1979-06-24,498.349,NA,NA,NA,307.345
1979-06-25,497.952,NA,NA,NA,307.299
1979-06-26,497.337,NA,NA,NA,307.263
1979-06-27,496.457,NA,NA,NA,307.205
1979-06-28,495.622,NA,NA,NA,307.141
1979-06-29,494.699,NA,NA,NA,307.08
1979-06-30,493.822,NA,NA,NA,307.004
1979-07-01,493.392,NA,NA,NA,306.952
1979-07-02,492.072,NA,NA,NA,306.9
1979-07-03,491.285,NA,NA,NA,306.827
1979-07-04,490.412,NA,NA,NA,306.793
1979-07-05,489.54,NA,NA,NA,306.732
1979-07-06,488.626,NA,NA,NA,306.665
1979-07-07,487.669,NA,NA,NA,306.586
1979-07-08,486.756,NA,NA,NA,306.528
1979-07-09,485.8,NA,NA,NA,306.467
1979-07-10,484.977,NA,NA,NA,306.4
1979-07-11,483.937,NA,NA,NA,306.33
1979-07-12,483.245,NA,NA,NA,306.29
1979-07-13,482.812,NA,NA,NA,306.248
1979-07-14,481.992,NA,NA,NA,306.169
1979-07-15,480.655,NA,NA,NA,306.086
1979-07-16,479.32,NA,NA,NA,305.977
1979-07-17,477.903,NA,NA,NA,305.879
1979-07-18,476.53,NA,NA,NA,305.788
1979-07-19,475.245,NA,NA,NA,305.69
1979-07-20,473.877,NA,NA,NA,305.589
1979-07-21,472.427,NA,NA,NA,305.486
1979-07-22,470.977,NA,NA,NA,305.382
1979-07-23,469.49,NA,NA,NA,305.279
1979-07-24,468.217,NA,NA,NA,305.19
1979-07-25,467.031,NA,NA,NA,305.108
1979-07-26,465.931,NA,NA,NA,305.026
1979-07-27,464.79,NA,NA,NA,304.943
1979-07-28,463.61,NA,NA,NA,304.858
1979-07-29,462.472,NA,NA,NA,304.776
1979-07-30,461.338,NA,NA,NA,304.684
1979-07-31,459.827,NA,NA,NA,304.584
1979-08-01,458.652,NA,NA,NA,304.498
1979-08-02,457.48,NA,NA,NA,304.41
1979-08-03,456.388,NA,NA,NA,304.321
1979-08-04,455.057,NA,NA,NA,304.23
1979-08-05,453.807,NA,NA,NA,304.142
1979-08-06,452.642,NA,NA,NA,304.047
1979-08-07,451.061,NA,NA,NA,303.959
1979-08-08,449.94,NA,NA,NA,303.855
1979-08-09,448.366,NA,NA,NA,303.748
1979-08-10,447.125,NA,NA,NA,303.657
1979-08-11,445.844,NA,NA,NA,303.566
1979-08-12,444.607,NA,NA,NA,303.474
1979-08-13,443.372,NA,NA,NA,303.38
1979-08-14,442.097,NA,NA,NA,303.288
1979-08-15,440.905,NA,NA,NA,303.2
1979-08-16,439.716,NA,NA,NA,303.114
1979-08-17,438.569,NA,NA,NA,303.026
1979-08-18,437.382,NA,NA,NA,302.938
1979-08-19,436.362,NA,NA,NA,302.865
1979-08-20,435.261,NA,NA,NA,302.779
1979-08-21,434.12,NA,NA,NA,302.694
1979-08-22,432.951,NA,NA,NA,302.596
1979-08-23,431.72,NA,NA,NA,302.517
1979-08-24,430.584,NA,NA,NA,302.429
1979-08-25,429.369,NA,NA,NA,302.337
1979-08-26,428.156,NA,NA,NA,302.243
1979-08-27,426.904,NA,NA,NA,302.151
1979-08-28,425.653,NA,NA,NA,302.066
1979-08-29,424.445,NA,NA,NA,301.968
1979-08-30,423.238,NA,NA,NA,301.886
1979-08-31,422.314,NA,NA,NA,301.81
1979-09-01,421.19,NA,NA,NA,301.725
1979-09-02,420.149,NA,NA,NA,301.664
1979-09-03,419.709,NA,NA,NA,301.685
1979-09-04,420.388,NA,NA,NA,301.667
1979-09-05,419.109,NA,NA,NA,301.566
1979-09-06,417.989,NA,NA,NA,301.465
1979-09-07,416.393,NA,NA,NA,301.347
1979-09-08,414.722,NA,NA,NA,301.228
1979-09-09,413.569,NA,NA,NA,301.136
1979-09-10,412.338,NA,NA,NA,301.033
1979-09-11,410.675,NA,NA,NA,300.908
1979-09-12,409.25,NA,NA,NA,300.786
1979-09-13,407.474,NA,NA,NA,300.658
1979-09-14,405.94,NA,NA,NA,300.53
1979-09-15,404.092,NA,NA,NA,300.39
1979-09-16,402.327,NA,NA,NA,300.249
1979-09-17,400.527,NA,NA,NA,300.112
1979-09-18,398.769,NA,NA,NA,299.972
1979-09-19,396.939,NA,NA,NA,299.829
1979-09-20,395.151,NA,NA,NA,299.689
1979-09-21,393.29,NA,NA,NA,299.542
1979-09-22,391.434,NA,NA,NA,299.396
1979-09-23,389.619,NA,NA,NA,299.25
1979-09-24,387.772,NA,NA,NA,299.106
1979-09-25,385.966,NA,NA,NA,298.96
1979-09-26,384.087,NA,NA,NA,298.814
1979-09-27,382.215,NA,NA,NA,298.677
1979-09-28,380.688,NA,NA,NA,298.555
1979-09-29,379.241,NA,NA,NA,298.421
1979-09-30,377.341,NA,NA,NA,298.268
1979-10-01,375.447,NA,NA,NA,298.116
1979-10-02,373.557,NA,NA,NA,297.966
1979-10-03,371.71,NA,NA,NA,297.811
1979-10-04,370.044,NA,NA,NA,297.655
1979-10-05,367.917,NA,NA,NA,297.503
1979-10-06,365.937,NA,NA,NA,297.348
1979-10-07,364.033,NA,NA,NA,297.207
1979-10-08,362.544,NA,NA,NA,297.067
1979-10-09,360.65,NA,NA,NA,296.912
1979-10-10,358.724,NA,NA,NA,296.765
1979-10-11,356.767,NA,NA,NA,296.616
1979-10-12,355.22,NA,NA,NA,296.476
1979-10-13,353.272,NA,NA,NA,296.317
1979-10-14,351.476,NA,NA,NA,296.168
1979-10-15,349.648,NA,NA,NA,296.019
1979-10-16,347.898,NA,NA,NA,295.839
1979-10-17,345.969,NA,NA,NA,295.68
1979-10-18,344.083,NA,NA,NA,295.555
1979-10-19,343.504,NA,NA,NA,295.671
1979-10-20,345.937,NA,NA,NA,295.848
1979-10-21,348.044,NA,NA,NA,295.985
1979-10-22,348.808,NA,NA,NA,295.97
1979-10-23,347.788,NA,NA,NA,295.821
1979-10-24,345.135,NA,NA,NA,295.595
1979-10-25,342.203,NA,NA,NA,295.376
1979-10-26,339.826,NA,NA,NA,295.171
1979-10-27,337.031,NA,NA,NA,294.943
1979-10-28,334.784,NA,NA,NA,294.76
1979-10-29,332.121,NA,NA,NA,294.479
1979-10-30,328.836,NA,NA,NA,294.184
1979-10-31,326.307,NA,NA,NA,294.074
1979-11-01,325.292,NA,NA,NA,293.894
1979-11-02,322.607,NA,NA,NA,293.623
1979-11-03,319.209,NA,NA,NA,293.327
1979-11-04,315.553,NA,NA,NA,293.071
1979-11-05,313.778,NA,NA,NA,293.016
1979-11-06,313.469,NA,NA,NA,292.885
1979-11-07,311.117,NA,NA,NA,292.642
1979-11-08,308.776,NA,NA,NA,292.404
1979-11-09,308.776,NA,NA,NA,292.129
1979-11-10,302.754,NA,NA,NA,291.834
1979-11-11,299.357,NA,NA,NA,291.532
1979-11-12,295.819,NA,NA,NA,291.191
1979-11-13,292.081,NA,NA,NA,290.84
1979-11-14,288.274,NA,NA,NA,290.514
1979-11-15,285.336,NA,NA,NA,290.228
1979-11-16,281.938,NA,NA,NA,290.057
1979-11-17,281.236,NA,NA,NA,289.959
1979-11-18,280.503,NA,NA,NA,289.978
1979-11-19,280.918,NA,NA,NA,289.935
1979-11-20,280.09,NA,NA,NA,289.813
1979-11-21,278.503,NA,NA,NA,289.612
1979-11-22,276.164,NA,NA,NA,289.417
1979-11-23,275.439,NA,NA,NA,289.466
1979-11-24,274.088,NA,NA,NA,289.252
1979-11-25,274.779,NA,NA,NA,289.499
1979-11-26,275.754,NA,NA,NA,289.462
1979-11-27,274.151,NA,NA,NA,289.289
1979-11-28,271.836,NA,NA,NA,288.932
1979-11-29,268.293,NA,NA,NA,288.554
1979-11-30,264.564,NA,NA,NA,288.179
1979-12-01,260.929,NA,NA,NA,287.862
1979-12-02,257.295,NA,NA,NA,288.149
1979-12-03,268.014,NA,NA,NA,289.112
1979-12-04,273.368,NA,NA,NA,289.395
1979-12-05,278.66,NA,NA,NA,289.81
1979-12-06,279.454,NA,NA,NA,289.642
1979-12-07,276.006,NA,NA,NA,289.197
1979-12-08,270.559,NA,NA,NA,288.606
1979-12-09,264.104,NA,NA,NA,287.932
1979-12-10,257.537,NA,NA,NA,287.353
1979-12-11,251.845,NA,NA,NA,286.704
1979-12-12,245.148,NA,NA,NA,285.988
1979-12-13,238.249,NA,NA,NA,285.238
1979-12-14,230.936,NA,NA,NA,284.47
1979-12-15,225.372,NA,NA,NA,284.116
1979-12-16,221.399,NA,NA,NA,283.662
1979-12-17,217.197,NA,NA,NA,283.171
1979-12-18,213.261,NA,NA,NA,282.714
1979-12-19,208.759,NA,NA,NA,282.217
1979-12-20,205.048,NA,NA,NA,282.034
1979-12-21,205.204,NA,NA,NA,282.178
1979-12-22,208.098,NA,NA,NA,282.531
1979-12-23,210.27,NA,NA,NA,282.69
1979-12-24,211.175,NA,NA,NA,282.787
1979-12-25,212.056,NA,NA,NA,282.839
1979-12-26,212.083,NA,NA,NA,282.812
1979-12-27,211.655,NA,NA,NA,282.681
1979-12-28,210.432,NA,NA,NA,282.525
1979-12-29,209.05,NA,NA,NA,282.373
1979-12-30,207.755,NA,NA,NA,282.233
1979-12-31,206.412,NA,NA,NA,282.059
1980-01-01,205.231,NA,NA,NA,282.095
1980-01-02,207.148,NA,NA,NA,282.315
1980-01-03,208.441,NA,NA,NA,282.519
1980-01-04,210.35,NA,NA,NA,282.623
1980-01-05,210.777,NA,NA,NA,283.339
1980-01-06,222.609,NA,NA,NA,284.32
1980-01-07,227.432,NA,NA,NA,284.634
1980-01-08,229.446,NA,NA,NA,284.83
1980-01-09,231.247,NA,NA,NA,285.025
1980-01-10,231.867,NA,NA,NA,284.744
1980-01-11,227.683,NA,NA,NA,284.199
1980-01-12,222.47,NA,NA,NA,284.701
1980-01-13,245.442,NA,NA,NA,288.194
1980-01-14,281.682,NA,NA,NA,291.663
1980-01-15,316.521,NA,NA,NA,294.092
1980-01-16,331.094,NA,NA,NA,294.556
1980-01-17,331.731,NA,NA,NA,294.388
1980-01-18,326.693,NA,NA,NA,293.586
1980-01-19,314.701,NA,NA,NA,292.392
1980-01-20,300.187,NA,NA,NA,290.959
1980-01-21,284.403,NA,NA,NA,289.938
1980-01-22,277.838,NA,NA,NA,289.301
1980-01-23,271.088,NA,NA,NA,288.63
1980-01-24,264.166,NA,NA,NA,287.948
1980-01-25,257.326,NA,NA,NA,287.244
1980-01-26,250.242,NA,NA,NA,286.728
1980-01-27,246.696,NA,NA,NA,286.296
1980-01-28,241.045,NA,NA,NA,285.491
1980-01-29,233.055,NA,NA,NA,284.622
1980-01-30,224.984,NA,NA,NA,283.732
1980-01-31,216.926,NA,NA,NA,283.077
1980-02-01,212.03,NA,NA,NA,282.693
1980-02-02,210.617,NA,NA,NA,282.736
1980-02-03,213.422,NA,NA,NA,283.278
1980-02-04,218.911,NA,NA,NA,283.763
1980-02-05,222.663,NA,NA,NA,284.116
1980-02-06,225.621,NA,NA,NA,284.57
1980-02-07,231.613,NA,NA,NA,285.271
1980-02-08,237.359,NA,NA,NA,285.777
1980-02-09,241.393,NA,NA,NA,286.155
1980-02-10,244.476,NA,NA,NA,286.448
1980-02-11,246.938,NA,NA,NA,286.664
1980-02-12,248.969,NA,NA,NA,286.856
1980-02-13,250.686,NA,NA,NA,287.018
1980-02-14,252.084,NA,NA,NA,287.152
1980-02-15,253.335,NA,NA,NA,287.265
1980-02-16,254.352,NA,NA,NA,287.365
1980-02-17,255.341,NA,NA,NA,287.463
1980-02-18,256.272,NA,NA,NA,287.573
1980-02-19,257.748,NA,NA,NA,287.826
1980-02-20,260.991,NA,NA,NA,288.201
1980-02-21,264.995,NA,NA,NA,288.539
1980-02-22,267.798,NA,NA,NA,288.783
1980-02-23,270.528,NA,NA,NA,289.112
1980-02-24,273.868,NA,NA,NA,289.411
1980-02-25,276.794,NA,NA,NA,289.676
1980-02-26,279.709,NA,NA,NA,290.06
1980-02-27,284.725,NA,NA,NA,290.52
1980-02-28,289.085,NA,NA,NA,290.99
1980-02-29,294.339,NA,NA,NA,291.459
1980-03-01,299.49,NA,NA,NA,291.864
1980-03-02,303.255,NA,NA,NA,292.169
1980-03-03,306.176,NA,NA,NA,292.41
1980-03-04,308.809,NA,NA,NA,292.724
1980-03-05,313.23,NA,NA,NA,293.123
1980-03-06,317.587,NA,NA,NA,293.483
1980-03-07,321.182,NA,NA,NA,293.772
1980-03-08,324.245,NA,NA,NA,294.041
1980-03-09,327.148,NA,NA,NA,294.269
1980-03-10,329.54,NA,NA,NA,294.461
1980-03-11,331.943,NA,NA,NA,294.687
1980-03-12,335.103,NA,NA,NA,294.958
1980-03-13,338.068,NA,NA,NA,295.269
1980-03-14,342.745,NA,NA,NA,295.766
1980-03-15,349.211,NA,NA,NA,296.232
1980-03-16,353.934,NA,NA,NA,296.57
1980-03-17,357.58,NA,NA,NA,296.869
1980-03-18,361.355,NA,NA,NA,297.235
1980-03-19,366.009,NA,NA,NA,297.588
1980-03-20,370.282,NA,NA,NA,297.933
1980-03-21,374.654,NA,NA,NA,298.28
1980-03-22,374.932,NA,NA,NA,298.573
1980-03-23,382.1,NA,NA,NA,298.841
1980-03-24,385.353,NA,NA,NA,299.085
1980-03-25,388.309,NA,NA,NA,299.304
1980-03-26,390.931,NA,NA,NA,299.524
1980-03-27,394.104,NA,NA,NA,299.774
1980-03-28,396.978,NA,NA,NA,299.987
1980-03-29,399.55,NA,NA,NA,300.185
1980-03-30,402.17,NA,NA,NA,300.396
1980-03-31,404.838,NA,NA,NA,300.594
1980-04-01,407.277,NA,NA,NA,300.771
1980-04-02,409.449,NA,NA,NA,300.929
1980-04-03,411.424,NA,NA,NA,301.078
1980-04-04,413.331,NA,NA,NA,301.228
1980-04-05,415.398,NA,NA,NA,301.42
1980-04-06,418.468,NA,NA,NA,301.728
1980-04-07,423.038,NA,NA,NA,302.032
1980-04-08,426.581,NA,NA,NA,302.328
1980-04-09,431.274,NA,NA,NA,302.861
1980-04-10,440.372,NA,NA,NA,303.511
1980-04-11,448.284,NA,NA,NA,303.995
1980-04-12,453.639,NA,NA,NA,304.361
1980-04-13,458.61,NA,NA,NA,304.77
1980-04-14,464.79,NA,NA,NA,305.26
1980-04-15,472,NA,NA,NA,305.745
1980-04-16,477.215,NA,NA,NA,305.995
1980-04-17,479.794,NA,NA,NA,306.181
1980-04-18,483.418,NA,NA,NA,306.382
1980-04-19,484.501,NA,NA,NA,306.434
1980-04-20,484.89,NA,NA,NA,306.495
1980-04-21,485.931,NA,NA,NA,306.559
1980-04-22,486.67,NA,NA,NA,306.556
1980-04-23,486.105,NA,NA,NA,306.492
1980-04-24,484.977,NA,NA,NA,306.406
1980-04-25,483.851,NA,NA,NA,306.354
1980-04-26,483.159,NA,NA,NA,306.315
1980-04-27,482.553,NA,NA,NA,306.287
1980-04-28,482.339,NA,NA,NA,306.263
1980-04-29,482.382,NA,NA,NA,306.263
1980-04-30,483.462,NA,NA,NA,306.364
1980-05-01,485.02,NA,NA,NA,306.479
1980-05-02,486.582,NA,NA,NA,306.604
1980-05-03,488.495,NA,NA,NA,306.732
1980-05-04,490.238,NA,NA,NA,306.845
1980-05-05,491.766,NA,NA,NA,306.97
1980-05-06,493.392,NA,NA,NA,307.031
1980-05-07,494.262,NA,NA,NA,307.107
1980-05-08,495.315,NA,NA,NA,307.129
1980-05-09,495.271,NA,NA,NA,307.141
1980-05-10,495.578,NA,NA,NA,307.156
1980-05-11,495.753,NA,NA,NA,307.196
1980-05-12,496.017,NA,NA,NA,307.156
1980-05-13,495.227,NA,NA,NA,307.113
1980-05-14,494.48,NA,NA,NA,307.056
1980-05-15,493.56,NA,NA,NA,306.982
1980-05-16,493.392,NA,NA,NA,306.912
1980-05-17,491.547,NA,NA,NA,306.818
1980-05-18,489.017,NA,NA,NA,306.638
1980-05-19,486.496,NA,NA,NA,306.455
1980-05-20,483.851,NA,NA,NA,306.278
1980-05-21,481.173,NA,NA,NA,306.135
1980-05-22,481.057,NA,NA,NA,306.132
1980-05-23,481.13,NA,NA,NA,306.144
1980-05-24,481.259,NA,NA,NA,306.159
1980-05-25,481.604,NA,NA,NA,306.223
1980-05-26,483.159,NA,NA,NA,306.406
1980-05-27,486.408,NA,NA,NA,306.656
1980-05-28,489.889,NA,NA,NA,306.857
1980-05-29,493.392,NA,NA,NA,307.007
1980-05-30,494.262,NA,NA,NA,307.11
1980-05-31,495.49,NA,NA,NA,307.208
1980-06-01,496.852,NA,NA,NA,307.312
1980-06-02,498.483,NA,NA,NA,307.44
1980-06-03,500.91,NA,NA,NA,307.653
1980-06-04,504.189,NA,NA,NA,307.848
1980-06-05,505.967,NA,NA,NA,307.946
1980-06-06,507.882,NA,NA,NA,308.067
1980-06-07,509.445,NA,NA,NA,308.131
1980-06-08,510.07,NA,NA,NA,308.171
1980-06-09,510.294,NA,NA,NA,308.162
1980-06-10,510.294,NA,NA,NA,308.156
1980-06-11,510.07,NA,NA,NA,308.138
1980-06-12,509.803,NA,NA,NA,308.113
1980-06-13,509.4,NA,NA,NA,308.122
1980-06-14,509.892,NA,NA,NA,308.141
1980-06-15,509.713,NA,NA,NA,308.122
1980-06-16,509.445,NA,NA,NA,308.104
1980-06-17,509.445,NA,NA,NA,308.116
1980-06-18,509.669,NA,NA,NA,308.131
1980-06-19,509.803,NA,NA,NA,308.138
1980-06-20,509.848,NA,NA,NA,308.141
1980-06-21,509.938,NA,NA,NA,308.144
1980-06-22,509.848,NA,NA,NA,308.147
1980-06-23,509.938,NA,NA,NA,308.153
1980-06-24,510.07,NA,NA,NA,308.153
1980-06-25,510.116,NA,NA,NA,308.162
1980-06-26,510.429,NA,NA,NA,308.183
1980-06-27,510.608,NA,NA,NA,308.186
1980-06-28,510.519,NA,NA,NA,308.18
1980-06-29,510.429,NA,NA,NA,308.174
1980-06-30,510.25,NA,NA,NA,308.159
1980-07-01,510.07,NA,NA,NA,308.141
1980-07-02,509.758,NA,NA,NA,308.119
1980-07-03,509.445,NA,NA,NA,308.101
1980-07-04,509.221,NA,NA,NA,308.086
1980-07-05,508.908,NA,NA,NA,308.058
1980-07-06,508.418,NA,NA,NA,308.025
1980-07-07,507.926,NA,NA,NA,308.003
1980-07-08,507.793,NA,NA,NA,307.982
1980-07-09,507.348,NA,NA,NA,307.952
1980-07-10,506.857,NA,NA,NA,307.918
1980-07-11,506.368,NA,NA,NA,307.875
1980-07-12,505.923,NA,NA,NA,307.848
1980-07-13,504.899,NA,NA,NA,307.784
1980-07-14,504.144,NA,NA,NA,307.723
1980-07-15,503.389,NA,NA,NA,307.69
1980-07-16,502.593,NA,NA,NA,307.635
1980-07-17,501.75,NA,NA,NA,307.574
1980-07-18,500.91,NA,NA,NA,307.519
1980-07-19,500.026,NA,NA,NA,307.458
1980-07-20,499.187,NA,NA,NA,307.403
1980-07-21,498.394,NA,NA,NA,307.336
1980-07-22,497.117,NA,NA,NA,307.232
1980-07-23,496.017,NA,NA,NA,307.156
1980-07-24,494.919,NA,NA,NA,307.08
1980-07-25,493.867,NA,NA,NA,307.007
1980-07-26,493.392,NA,NA,NA,306.934
1980-07-27,491.634,NA,NA,NA,306.863
1980-07-28,490.499,NA,NA,NA,306.775
1980-07-29,489.278,NA,NA,NA,306.699
1980-07-30,488.277,NA,NA,NA,306.629
1980-07-31,487.19,NA,NA,NA,306.55
1980-08-01,485.67,NA,NA,NA,306.428
1980-08-02,483.937,NA,NA,NA,306.315
1980-08-03,482.382,NA,NA,NA,306.205
1980-08-04,480.828,NA,NA,NA,306.092
1980-08-05,479.235,NA,NA,NA,305.967
1980-08-06,477.603,NA,NA,NA,305.861
1980-08-07,476.186,NA,NA,NA,305.757
1980-08-08,474.732,NA,NA,NA,305.66
1980-08-09,473.364,NA,NA,NA,305.556
1980-08-10,471.957,NA,NA,NA,305.455
1980-08-11,470.51,NA,NA,NA,305.352
1980-08-12,469.023,NA,NA,NA,305.236
1980-08-13,467.371,NA,NA,NA,305.12
1980-08-14,465.72,NA,NA,NA,305.01
1980-08-15,464.031,NA,NA,NA,304.885
1980-08-16,462.347,NA,NA,NA,304.763
1980-08-17,460.712,NA,NA,NA,304.8
1980-08-18,459.077,NA,NA,NA,304.523
1980-08-19,457.443,NA,NA,NA,304.407
1980-08-20,455.939,NA,NA,NA,304.297
1980-08-21,454.436,NA,NA,NA,304.19
1980-08-22,453.015,NA,NA,NA,304.093
1980-08-23,328.338,NA,NA,NA,303.992
1980-08-24,450.314,NA,NA,NA,303.895
1980-08-25,448.988,NA,NA,NA,303.755
1980-08-26,447.621,NA,NA,NA,303.687
1980-08-27,446.051,NA,NA,NA,303.572
1980-08-28,444.483,NA,NA,NA,303.45
1980-08-29,443.001,NA,NA,NA,303.337
1980-08-30,441.44,NA,NA,NA,303.233
1980-08-31,439.921,NA,NA,NA,303.13
1980-09-01,438.405,NA,NA,NA,303.005
1980-09-02,436.892,NA,NA,NA,302.916
1980-09-03,435.832,NA,NA,NA,302.81
1980-09-04,434.201,NA,NA,NA,302.697
1980-09-05,432.737,NA,NA,NA,302.578
1980-09-06,431.194,NA,NA,NA,302.462
1980-09-07,429.653,NA,NA,NA,302.349
1980-09-08,428.076,NA,NA,NA,302.231
1980-09-09,426.581,NA,NA,NA,302.106
1980-09-10,424.767,NA,NA,NA,301.971
1980-09-11,422.958,NA,NA,NA,301.837
1980-09-12,421.19,NA,NA,NA,301.703
1980-09-13,419.428,NA,NA,NA,301.569
1980-09-14,417.67,NA,NA,NA,301.438
1980-09-15,415.875,NA,NA,NA,301.295
1980-09-16,414.085,NA,NA,NA,301.136
1980-09-17,412.022,NA,NA,NA,300.999
1980-09-18,410.397,NA,NA,NA,300.874
1980-09-19,408.777,NA,NA,NA,300.74
1980-09-20,406.726,NA,NA,NA,300.6
1980-09-21,405.349,NA,NA,NA,300.49
1980-09-22,403.581,NA,NA,NA,300.344
1980-09-23,402.092,NA,NA,NA,300.207
1980-09-24,399.784,NA,NA,NA,300.045
1980-09-25,397.834,NA,NA,NA,299.893
1980-09-26,395.85,NA,NA,NA,299.734
1980-09-27,393.793,NA,NA,NA,299.57
1980-09-28,391.82,NA,NA,NA,299.414
1980-09-29,389.928,NA,NA,NA,299.225
1980-09-30,387.348,NA,NA,NA,299.042
1980-10-01,385.391,NA,NA,NA,298.887
1980-10-02,383.399,NA,NA,NA,298.725
1980-10-03,378.907,NA,NA,NA,298.564
1980-10-04,379.393,NA,NA,NA,298.424
1980-10-05,377.493,NA,NA,NA,298.268
1980-10-06,375.523,NA,NA,NA,298.094
1980-10-07,373.595,NA,NA,NA,297.936
1980-10-08,371.635,NA,NA,NA,297.777
1980-10-09,370.044,NA,NA,NA,297.622
1980-10-10,367.581,NA,NA,NA,297.454
1980-10-11,365.375,NA,NA,NA,297.274
1980-10-12,363.362,NA,NA,NA,297.137
1980-10-13,361.579,NA,NA,NA,296.991
1980-10-14,360.132,NA,NA,NA,296.836
1980-10-15,357.469,NA,NA,NA,296.631
1980-10-16,355.552,NA,NA,NA,296.464
1980-10-17,354.522,NA,NA,NA,296.287
1980-10-18,351.147,NA,NA,NA,296.131
1980-10-19,350.16,NA,NA,NA,296.083
1980-10-20,349.211,NA,NA,NA,295.912
1980-10-21,346.224,NA,NA,NA,295.665
1980-10-22,343.359,NA,NA,NA,295.418
1980-10-23,340.401,NA,NA,NA,295.174
1980-10-24,337.46,NA,NA,NA,294.918
1980-10-25,334.57,NA,NA,NA,294.778
1980-10-26,333.894,NA,NA,NA,294.732
1980-10-27,333.539,NA,NA,NA,294.577
1980-10-28,330.494,NA,NA,NA,294.294
1980-10-29,327.078,NA,NA,NA,293.992
1980-10-30,323.511,NA,NA,NA,293.678
1980-10-31,319.901,NA,NA,NA,293.361
1980-11-01,316.245,NA,NA,NA,293.147
1980-11-02,315.661,NA,NA,NA,293.151
1980-11-03,315.421,NA,NA,NA,292.98
1980-11-04,311.934,NA,NA,NA,292.657
1980-11-05,308.471,NA,NA,NA,292.343
1980-11-06,305.133,NA,NA,NA,292.218
1980-11-07,306.614,NA,NA,NA,292.657
1980-11-08,313.811,NA,NA,NA,293.501
1980-11-09,322.328,NA,NA,NA,293.97
1980-11-10,325.292,NA,NA,NA,293.806
1980-11-11,321.008,NA,NA,NA,293.3
1980-11-12,314.153,NA,NA,NA,292.632
1980-11-13,306.243,NA,NA,NA,291.886
1980-11-14,298.461,NA,NA,NA,291.389
1980-11-15,293.421,NA,NA,NA,290.947
1980-11-16,288.306,NA,NA,NA,290.474
1980-11-17,282.705,NA,NA,NA,289.88
1980-11-18,277.11,NA,NA,NA,289.456
1980-11-19,274.214,NA,NA,NA,289.182
1980-11-20,271.898,NA,NA,NA,288.972
1980-11-21,269.471,NA,NA,NA,288.746
1980-11-22,269.688,NA,NA,NA,289.085
1980-11-23,271.119,NA,NA,NA,289.078
1980-11-24,271.774,NA,NA,NA,289.072
1980-11-25,271.366,NA,NA,NA,288.899
1980-11-26,268.2,NA,NA,NA,288.563
1980-11-27,264.564,NA,NA,NA,288.219
1980-11-28,261.599,NA,NA,NA,287.96
1980-11-29,259.048,NA,NA,NA,287.783
1980-11-30,258.563,NA,NA,NA,287.771
1980-12-01,257.838,NA,NA,NA,287.615
1980-12-02,255.161,NA,NA,NA,288.304
1980-12-03,280.599,NA,NA,NA,291.547
1980-12-04,316.554,NA,NA,NA,294.254
1980-12-05,336.745,NA,NA,NA,295.284
1980-12-06,340.873,NA,NA,NA,295.199
1980-12-07,337.749,NA,NA,NA,294.824
1980-12-08,332.367,NA,NA,NA,294.309
1980-12-09,325.993,NA,NA,NA,293.721
1980-12-10,318.863,NA,NA,NA,293.068
1980-12-11,311.253,NA,NA,NA,292.373
1980-12-12,303.423,NA,NA,NA,291.657
1980-12-13,295.555,NA,NA,NA,290.922
1980-12-14,287.627,NA,NA,NA,290.173
1980-12-15,279.677,NA,NA,NA,289.444
1980-12-16,272.429,NA,NA,NA,288.798
1980-12-17,266.132,NA,NA,NA,288.158
1980-12-18,259.502,NA,NA,NA,287.448
1980-12-19,252.173,NA,NA,NA,286.826
1980-12-20,245.677,NA,NA,NA,286.344
1980-12-21,242.642,NA,NA,NA,286.033
1980-12-22,241.915,NA,NA,NA,286.832
1980-12-23,255.04,NA,NA,NA,287.771
1980-12-24,260.595,NA,NA,NA,288.316
1980-12-25,275.156,NA,NA,NA,291.639
1980-12-26,329.153,NA,NA,NA,295.976
1980-12-27,356.841,NA,NA,NA,296.747
1980-12-28,357.763,NA,NA,NA,296.439
1980-12-29,349.794,NA,NA,NA,295.513
1980-12-30,336.96,NA,NA,NA,294.388
1980-12-31,323.233,NA,NA,NA,293.105
1981-01-01,307.795,NA,NA,NA,291.617
1981-01-02,290.482,NA,NA,NA,290.115
1981-01-03,278.567,NA,NA,NA,289.368
1981-01-04,271.711,NA,NA,NA,288.676
1981-01-05,264.535,NA,NA,NA,287.935
1981-01-06,256.875,NA,NA,NA,287.225
1981-01-07,250.42,NA,NA,NA,286.713
1981-01-08,246.696,NA,NA,NA,286.207
1981-01-09,240.7,NA,NA,NA,285.677
1981-01-10,236.047,NA,NA,NA,285.317
1981-01-11,232.97,NA,NA,NA,284.991
1981-01-12,229.896,NA,NA,NA,284.653
1981-01-13,226.762,NA,NA,NA,284.263
1981-01-14,223.27,NA,NA,NA,283.869
1981-01-15,219.728,NA,NA,NA,283.501
1981-01-16,216.656,NA,NA,NA,283.147
1981-01-17,213.851,NA,NA,NA,282.992
1981-01-18,213.718,NA,NA,NA,282.979
1981-01-19,213.636,NA,NA,NA,282.958
1981-01-20,213.369,NA,NA,NA,282.891
1981-01-21,213.341,NA,NA,NA,282.9
1981-01-22,213.449,NA,NA,NA,282.909
1981-01-23,213.53,NA,NA,NA,282.909
1981-01-24,213.583,NA,NA,NA,282.931
1981-01-25,213.691,NA,NA,NA,282.934
1981-01-26,213.636,NA,NA,NA,283.016
1981-01-27,215.548,NA,NA,NA,283.293
1981-01-28,218.121,NA,NA,NA,283.601
1981-01-29,220.988,NA,NA,NA,283.915
1981-01-30,223.27,NA,NA,NA,284.141
1981-01-31,225.095,NA,NA,NA,284.311
1981-02-01,226.4,NA,NA,NA,284.442
1981-02-02,227.487,NA,NA,NA,284.531
1981-02-03,227.878,NA,NA,NA,284.586
1981-02-04,228.661,NA,NA,NA,284.634
1981-02-05,228.941,NA,NA,NA,284.671
1981-02-06,229.334,NA,NA,NA,284.701
1981-02-07,229.531,NA,NA,NA,284.714
1981-02-08,229.615,NA,NA,NA,284.732
1981-02-09,229.67,NA,NA,NA,284.72
1981-02-10,229.784,NA,NA,NA,284.738
1981-02-11,229.839,NA,NA,NA,284.756
1981-02-12,230.373,NA,NA,NA,284.836
1981-02-13,231.106,NA,NA,NA,284.997
1981-02-14,240.282,NA,NA,NA,285.82
1981-02-15,244.973,NA,NA,NA,286.795
1981-02-16,253.754,NA,NA,NA,288.658
1981-02-17,283.25,NA,NA,NA,291.105
1981-02-18,301.018,NA,NA,NA,292.998
1981-02-19,329.823,NA,NA,NA,295.656
1981-02-20,356.657,NA,NA,NA,297.348
1981-02-21,372.088,NA,NA,NA,298.28
1981-02-22,380.154,NA,NA,NA,298.771
1981-02-23,384.74,NA,NA,NA,298.984
1981-02-24,385.888,NA,NA,NA,299.106
1981-02-25,388.195,NA,NA,NA,299.274
1981-02-26,390.082,NA,NA,NA,299.405
1981-02-27,391.581,NA,NA,NA,299.503
1981-02-28,392.631,NA,NA,NA,299.551
1981-03-01,393.058,NA,NA,NA,299.597
1981-03-02,393.29,NA,NA,NA,299.594
1981-03-03,393.058,NA,NA,NA,299.588
1981-03-04,393.174,NA,NA,NA,299.628
1981-03-05,394.414,NA,NA,NA,299.71
1981-03-06,394.918,NA,NA,NA,299.74
1981-03-07,395.229,NA,NA,NA,299.771
1981-03-08,396.239,NA,NA,NA,299.877
1981-03-09,397.211,NA,NA,NA,299.911
1981-03-10,397.795,NA,NA,NA,299.999
1981-03-11,399.121,NA,NA,NA,300.097
1981-03-12,400.41,NA,NA,NA,300.191
1981-03-13,401.543,NA,NA,NA,300.28
1981-03-14,402.679,NA,NA,NA,300.368
1981-03-15,403.817,NA,NA,NA,300.46
1981-03-16,405.231,NA,NA,NA,300.6
1981-03-17,407.12,NA,NA,NA,300.728
1981-03-18,408.658,NA,NA,NA,300.838
1981-03-19,409.878,NA,NA,NA,300.935
1981-03-20,411.268,NA,NA,NA,301.03
1981-03-21,412.378,NA,NA,NA,301.127
1981-03-22,413.847,NA,NA,NA,301.307
1981-03-23,416.797,NA,NA,NA,301.514
1981-03-24,419.383,NA,NA,NA,301.691
1981-03-25,421.432,NA,NA,NA,301.947
1981-03-26,426.344,NA,NA,NA,302.301
1981-03-27,430.509,NA,NA,NA,302.59
1981-03-28,434.042,NA,NA,NA,302.837
1981-03-29,437.101,NA,NA,NA,303.093
1981-03-30,441.115,NA,NA,NA,303.428
1981-03-31,446.343,NA,NA,NA,303.947
1981-04-01,454.853,NA,NA,NA,304.8
1981-04-02,461.762,NA,NA,NA,304.901
1981-04-03,465.129,NA,NA,NA,305.126
1981-04-04,468.005,NA,NA,NA,305.303
1981-04-05,469.702,NA,NA,NA,305.471
1981-04-06,472.128,NA,NA,NA,305.605
1981-04-07,474.304,NA,NA,NA,305.73
1981-04-08,475.287,NA,NA,NA,305.73
1981-04-09,474.817,NA,NA,NA,305.824
1981-04-10,477.258,NA,NA,NA,305.931
1981-04-11,478.59,NA,NA,NA,306.028
1981-04-12,480.312,NA,NA,NA,306.156
1981-04-13,481.819,NA,NA,NA,306.23
1981-04-14,482.123,NA,NA,NA,306.233
1981-04-15,482.468,NA,NA,NA,306.284
1981-04-16,483.549,NA,NA,NA,306.364
1981-04-17,484.723,NA,NA,NA,306.428
1981-04-18,485.455,NA,NA,NA,306.492
1981-04-19,486.588,NA,NA,NA,306.577
1981-04-20,487.629,NA,NA,NA,306.62
1981-04-21,487.972,NA,NA,NA,306.662
1981-04-22,488.805,NA,NA,NA,306.76
1981-04-23,491.03,NA,NA,NA,306.94
1981-04-24,493.829,NA,NA,NA,307.147
1981-04-25,496.589,NA,NA,NA,307.284
1981-04-26,498.085,NA,NA,NA,307.373
1981-04-27,499.062,NA,NA,NA,307.464
1981-04-28,500.871,NA,NA,NA,307.604
1981-04-29,503.264,NA,NA,NA,307.763
1981-04-30,505.436,NA,NA,NA,307.906
1981-05-01,507.443,NA,NA,NA,308.016
1981-05-02,507.926,NA,NA,NA,308.034
1981-05-03,508.106,NA,NA,NA,308.037
1981-05-04,508.061,NA,NA,NA,308.025
1981-05-05,508.908,NA,NA,NA,308.116
1981-05-06,510.116,NA,NA,NA,308.18
1981-05-07,510.294,NA,NA,NA,308.199
1981-05-08,510.698,NA,NA,NA,308.226
1981-05-09,511.011,NA,NA,NA,308.25
1981-05-10,511.413,NA,NA,NA,308.272
1981-05-11,511.413,NA,NA,NA,308.269
1981-05-12,511.413,NA,NA,NA,308.199
1981-05-13,510.116,NA,NA,NA,308.113
1981-05-14,508.642,NA,NA,NA,308.006
1981-05-15,507.392,NA,NA,NA,307.955
1981-05-16,507.214,NA,NA,NA,307.976
1981-05-17,507.793,NA,NA,NA,308.043
1981-05-18,508.329,NA,NA,NA,308.074
1981-05-19,508.954,NA,NA,NA,308.107
1981-05-20,509.356,NA,NA,NA,308.138
1981-05-21,509.311,NA,NA,NA,308.131
1981-05-22,509.625,NA,NA,NA,308.125
1981-05-23,508.732,NA,NA,NA,308.071
1981-05-24,508.284,NA,NA,NA,308.071
1981-05-25,508.687,NA,NA,NA,308.174
1981-05-26,510.742,NA,NA,NA,308.229
1981-05-27,510.787,NA,NA,NA,308.202
1981-05-28,509.758,NA,NA,NA,308.119
1981-05-29,508.597,NA,NA,NA,308.028
1981-05-30,508.284,NA,NA,NA,308.037
1981-05-31,508.329,NA,NA,NA,308.037
1981-06-01,508.151,NA,NA,NA,307.994
1981-06-02,507.66,NA,NA,NA,307.973
1981-06-03,507.482,NA,NA,NA,307.967
1981-06-04,507.438,NA,NA,NA,307.97
1981-06-05,507.62,NA,NA,NA,307.973
1981-06-06,507.62,NA,NA,NA,307.988
1981-06-07,507.843,NA,NA,NA,308.028
1981-06-08,509.182,NA,NA,NA,308.217
1981-06-09,513.751,NA,NA,NA,308.616
1981-06-10,518.062,NA,NA,NA,308.333
1981-06-11,508.78,NA,NA,NA,307.927
1981-06-12,507.264,NA,NA,NA,308.04
1981-06-13,509.042,NA,NA,NA,308.183
1981-06-14,510.028,NA,NA,NA,308.199
1981-06-15,511.285,NA,NA,NA,308.217
1981-06-16,510.661,NA,NA,NA,308.211
1981-06-17,510.787,NA,NA,NA,308.199
1981-06-18,510.204,NA,NA,NA,308.177
1981-06-19,510.608,NA,NA,NA,308.183
1981-06-20,509.311,NA,NA,NA,308.11
1981-06-21,509.49,NA,NA,NA,308.135
1981-06-22,509.848,NA,NA,NA,308.177
1981-06-23,510.473,NA,NA,NA,308.183
1981-06-24,510.294,NA,NA,NA,308.168
1981-06-25,510.661,NA,NA,NA,308.208
1981-06-26,510.661,NA,NA,NA,308.208
1981-06-27,510.787,NA,NA,NA,308.226
1981-06-28,510.967,NA,NA,NA,308.232
1981-06-29,511.055,NA,NA,NA,308.226
1981-06-30,511.1,NA,NA,NA,308.235
1981-07-01,511.234,NA,NA,NA,308.25
1981-07-02,511.682,NA,NA,NA,308.263
1981-07-03,511.548,NA,NA,NA,308.256
1981-07-04,511.548,NA,NA,NA,308.256
1981-07-05,511.369,NA,NA,NA,308.278
1981-07-06,511.592,NA,NA,NA,308.266
1981-07-07,511.728,NA,NA,NA,308.287
1981-07-08,512.085,NA,NA,NA,308.314
1981-07-09,511.951,NA,NA,NA,308.284
1981-07-10,511.957,NA,NA,NA,308.281
1981-07-11,511.907,NA,NA,NA,308.284
1981-07-12,511.957,NA,NA,NA,308.269
1981-07-13,511.643,NA,NA,NA,308.259
1981-07-14,511.554,NA,NA,NA,308.241
1981-07-15,511.149,NA,NA,NA,308.211
1981-07-16,510.746,NA,NA,NA,308.174
1981-07-17,510.025,NA,NA,NA,308.138
1981-07-18,509.4,NA,NA,NA,308.086
1981-07-19,508.732,NA,NA,NA,308.043
1981-07-20,508.016,NA,NA,NA,307.976
1981-07-21,506.947,NA,NA,NA,307.924
1981-07-22,506.457,NA,NA,NA,307.854
1981-07-23,504.899,NA,NA,NA,307.757
1981-07-24,503.567,NA,NA,NA,307.708
1981-07-25,503.434,NA,NA,NA,307.69
1981-07-26,503.035,NA,NA,NA,307.629
1981-07-27,501.396,NA,NA,NA,307.528
1981-07-28,500.38,NA,NA,NA,307.452
1981-07-29,499.144,NA,NA,NA,307.373
1981-07-30,498.085,NA,NA,NA,307.299
1981-07-31,497.028,NA,NA,NA,307.223
1981-08-01,495.972,NA,NA,NA,307.15
1981-08-02,494.831,NA,NA,NA,307.071
1981-08-03,493.735,NA,NA,NA,306.995
1981-08-04,493.392,NA,NA,NA,306.918
1981-08-05,491.547,NA,NA,NA,306.842
1981-08-06,490.455,NA,NA,NA,306.766
1981-08-07,489.366,NA,NA,NA,306.687
1981-08-08,488.276,NA,NA,NA,306.614
1981-08-09,486.582,NA,NA,NA,306.492
1981-08-10,484.76,NA,NA,NA,306.394
1981-08-11,484.629,NA,NA,NA,306.403
1981-08-12,484.803,NA,NA,NA,306.415
1981-08-13,484.977,NA,NA,NA,306.361
1981-08-14,482.646,NA,NA,NA,306.159
1981-08-15,479.971,NA,NA,NA,306.031
1981-08-16,479.108,NA,NA,NA,305.961
1981-08-17,477.865,NA,NA,NA,305.87
1981-08-18,476.45,NA,NA,NA,305.763
1981-08-19,474.906,NA,NA,NA,305.65
1981-08-20,473.2,NA,NA,NA,305.532
1981-08-21,471.531,NA,NA,NA,305.422
1981-08-22,470.254,NA,NA,NA,305.324
1981-08-23,468.768,NA,NA,NA,305.218
1981-08-24,467.242,NA,NA,NA,305.108
1981-08-25,465.55,NA,NA,NA,304.983
1981-08-26,464.031,NA,NA,NA,304.873
1981-08-27,462.514,NA,NA,NA,304.8
1981-08-28,461.002,NA,NA,NA,304.8
1981-08-29,459.449,NA,NA,NA,304.8
1981-08-30,457.899,NA,NA,NA,304.434
1981-08-31,456.394,NA,NA,NA,304.294
1981-09-01,454.265,NA,NA,NA,304.151
1981-09-02,452.267,NA,NA,NA,303.992
1981-09-03,450.149,NA,NA,NA,303.834
1981-09-04,447.994,NA,NA,NA,303.684
1981-09-05,446.051,NA,NA,NA,303.55
1981-09-06,444.237,NA,NA,NA,303.419
1981-09-07,442.467,NA,NA,NA,303.282
1981-09-08,440.658,NA,NA,NA,303.133
1981-09-09,438.487,NA,NA,NA,302.977
1981-09-10,436.321,NA,NA,NA,302.81
1981-09-11,434.16,NA,NA,NA,302.657
1981-09-12,432.411,NA,NA,NA,302.52
1981-09-13,430.423,NA,NA,NA,302.371
1981-09-14,428.439,NA,NA,NA,302.218
1981-09-15,426.42,NA,NA,NA,302.057
1981-09-16,424.205,NA,NA,NA,301.889
1981-09-17,421.993,NA,NA,NA,301.722
1981-09-18,419.748,NA,NA,NA,301.545
1981-09-19,417.514,NA,NA,NA,301.401
1981-09-20,415.762,NA,NA,NA,301.28
1981-09-21,413.971,NA,NA,NA,301.118
1981-09-22,411.314,NA,NA,NA,300.917
1981-09-23,408.781,NA,NA,NA,300.639
1981-09-24,404.725,NA,NA,NA,300.396
1981-09-25,401.857,NA,NA,NA,300.179
1981-09-26,399.083,NA,NA,NA,299.99
1981-09-27,397.6,NA,NA,NA,299.972
1981-09-28,398.029,NA,NA,NA,299.929
1981-09-29,396.357,NA,NA,NA,299.716
1981-09-30,393.562,NA,NA,NA,299.466
1981-10-01,389.003,NA,NA,NA,299.112
1981-10-02,385.046,NA,NA,NA,298.78
1981-10-03,379.697,NA,NA,NA,298.332
1981-10-04,374.692,NA,NA,NA,297.96
1981-10-05,370.044,NA,NA,NA,297.476
1981-10-06,363.028,NA,NA,NA,297.049
1981-10-07,360.539,NA,NA,NA,296.979
1981-10-08,359.873,NA,NA,NA,296.866
1981-10-09,359.096,NA,NA,NA,296.961
1981-10-10,360.799,NA,NA,NA,296.979
1981-10-11,360.317,NA,NA,NA,296.918
1981-10-12,358.724,NA,NA,NA,296.677
1981-10-13,355.589,NA,NA,NA,296.397
1981-10-14,351.99,NA,NA,NA,296.104
1981-10-15,347.788,NA,NA,NA,295.732
1981-10-16,343.142,NA,NA,NA,295.4
1981-10-17,340.292,NA,NA,NA,295.181
1981-10-18,337.813,NA,NA,NA,294.97
1981-10-19,335.208,NA,NA,NA,294.711
1981-10-20,332.583,NA,NA,NA,294.467
1981-10-21,329.861,NA,NA,NA,294.226
1981-10-22,327.079,NA,NA,NA,293.986
1981-10-23,324.178,NA,NA,NA,293.745
1981-10-24,321.325,NA,NA,NA,293.513
1981-10-25,318.35,NA,NA,NA,293.279
1981-10-26,315.493,NA,NA,NA,292.98
1981-10-27,312.653,NA,NA,NA,292.724
1981-10-28,309.724,NA,NA,NA,292.507
1981-10-29,307.63,NA,NA,NA,292.343
1981-10-30,306.917,NA,NA,NA,292.325
1981-10-31,307.187,NA,NA,NA,292.401
1981-11-01,307.558,NA,NA,NA,292.373
1981-11-02,307.187,NA,NA,NA,292.297
1981-11-03,305.872,NA,NA,NA,292.142
1981-11-04,302.922,NA,NA,NA,291.858
1981-11-05,299.754,NA,NA,NA,291.566
1981-11-06,296.809,NA,NA,NA,291.297
1981-11-07,293.88,NA,NA,NA,291.06
1981-11-08,290.811,NA,NA,NA,290.727
1981-11-09,287.632,NA,NA,NA,290.42
1981-11-10,284.44,NA,NA,NA,290.154
1981-11-11,281.719,NA,NA,NA,289.904
1981-11-12,279.586,NA,NA,NA,289.859
1981-11-13,280.154,NA,NA,NA,289.825
1981-11-14,278.918,NA,NA,NA,289.67
1981-11-15,277.016,NA,NA,NA,289.49
1981-11-16,275.349,NA,NA,NA,289.347
1981-11-17,273.839,NA,NA,NA,289.273
1981-11-18,274.09,NA,NA,NA,289.356
1981-11-19,274.845,NA,NA,NA,289.347
1981-11-20,274.249,NA,NA,NA,289.292
1981-11-21,273.872,NA,NA,NA,289.59
1981-11-22,282.102,NA,NA,NA,290.584
1981-11-23,290.454,NA,NA,NA,290.834
1981-11-24,289.801,NA,NA,NA,290.612
1981-11-25,286.176,NA,NA,NA,290.176
1981-11-26,280.889,NA,NA,NA,289.615
1981-11-27,274.299,NA,NA,NA,288.953
1981-11-28,267.431,NA,NA,NA,288.295
1981-11-29,260.569,NA,NA,NA,287.594
1981-11-30,253.698,NA,NA,NA,286.954
1981-12-01,249.032,NA,NA,NA,287.021
1981-12-02,253.758,NA,NA,NA,288.996
1981-12-03,286.53,NA,NA,NA,290.743
1981-12-04,290.84,NA,NA,NA,290.733
1981-12-05,285.852,NA,NA,NA,290.356
1981-12-06,297.502,NA,NA,NA,293.492
1981-12-07,337.246,NA,NA,NA,295.918
1981-12-08,355.845,NA,NA,NA,296.942
1981-12-09,361.318,NA,NA,NA,296.823
1981-12-10,354.227,NA,NA,NA,295.952
1981-12-11,342.889,NA,NA,NA,294.879
1981-12-12,328.106,NA,NA,NA,293.443
1981-12-13,311.02,NA,NA,NA,291.998
1981-12-14,298.136,NA,NA,NA,291.578
1981-12-15,301.319,NA,NA,NA,293.318
1981-12-16,331.589,NA,NA,NA,294.961
1981-12-17,337.674,NA,NA,NA,294.772
1981-12-18,330.495,NA,NA,NA,293.815
1981-12-19,317.21,NA,NA,NA,293.861
1981-12-20,331.345,NA,NA,NA,294.55
1981-12-21,331.593,NA,NA,NA,294.364
1981-12-22,326.031,NA,NA,NA,293.461
1981-12-23,312.889,NA,NA,NA,292.175
1981-12-24,297.54,NA,NA,NA,290.846
1981-12-25,287.728,NA,NA,NA,290.45
1981-12-26,284.505,NA,NA,NA,290.115
1981-12-27,281.975,NA,NA,NA,289.907
1981-12-28,279.586,NA,NA,NA,289.682
1981-12-29,276.798,NA,NA,NA,289.307
1981-12-30,272.123,NA,NA,NA,288.804
1981-12-31,266.476,NA,NA,NA,288.204
1982-01-01,260.125,NA,NA,NA,287.542
1982-01-02,253.369,NA,NA,NA,286.808
1982-01-03,246.696,NA,NA,NA,286.085
1982-01-04,239.347,NA,NA,NA,285.345
1982-01-05,231.783,NA,NA,NA,284.506
1982-01-06,223.906,NA,NA,NA,283.601
1982-01-07,215.468,NA,NA,NA,282.69
1982-01-08,208.891,NA,NA,NA,282.166
1982-01-09,203.767,NA,NA,NA,281.641
1982-01-10,199.982,NA,NA,NA,281.3
1982-01-11,199.234,NA,NA,NA,281.272
1982-01-12,199.39,NA,NA,NA,281.294
1982-01-13,199.57,NA,NA,NA,281.312
1982-01-14,199.724,NA,NA,NA,281.336
1982-01-15,199.93,NA,NA,NA,281.373
1982-01-16,200.394,NA,NA,NA,281.544
1982-01-17,204.501,NA,NA,NA,282.55
1982-01-18,211.713,NA,NA,NA,282.604
1982-01-19,209.954,NA,NA,NA,282.513
1982-01-20,209.134,NA,NA,NA,282.367
1982-01-21,208.208,NA,NA,NA,282.294
1982-01-22,207.596,NA,NA,NA,282.275
1982-01-23,208.179,NA,NA,NA,283.26
1982-01-24,227.491,NA,NA,NA,286.11
1982-01-25,255.344,NA,NA,NA,288.085
1982-01-26,264.785,NA,NA,NA,288.652
1982-01-27,269.758,NA,NA,NA,288.902
1982-01-28,270.132,NA,NA,NA,288.783
1982-01-29,267.492,NA,NA,NA,288.682
1982-01-30,267.4,NA,NA,NA,288.655
1982-01-31,266.814,NA,NA,NA,288.563
1982-02-01,265.336,NA,NA,NA,288.393
1982-02-02,263.711,NA,NA,NA,288.213
1982-02-03,262.457,NA,NA,NA,288.085
1982-02-04,261.448,NA,NA,NA,287.966
1982-02-05,260.018,NA,NA,NA,287.792
1982-02-06,257.451,NA,NA,NA,287.539
1982-02-07,254.954,NA,NA,NA,287.304
1982-02-08,252.295,NA,NA,NA,286.978
1982-02-09,249.297,NA,NA,NA,286.613
1982-02-10,245.036,NA,NA,NA,286.168
1982-02-11,240.816,NA,NA,NA,285.713
1982-02-12,236.442,NA,NA,NA,285.244
1982-02-13,231.924,NA,NA,NA,285.217
1982-02-14,266.196,NA,NA,NA,288.268
1982-02-15,285.818,NA,NA,NA,291.803
1982-02-16,309.554,NA,NA,NA,293.522
1982-02-17,332.581,NA,NA,NA,295.879
1982-02-18,361.727,NA,NA,NA,297.811
1982-02-19,380.573,NA,NA,NA,300.493
1982-02-20,423.882,NA,NA,NA,303.047
1982-02-21,458.572,NA,NA,NA,305.577
1982-02-22,480.489,NA,NA,NA,306.077
1982-02-23,476.107,NA,NA,NA,305.211
1982-02-24,460.419,NA,NA,NA,303.968
1982-02-25,442.019,NA,NA,NA,302.551
1982-02-26,422.274,NA,NA,NA,301.03
1982-02-27,402.249,NA,NA,NA,299.753
1982-02-28,389.505,NA,NA,NA,298.872
1982-03-01,377.609,NA,NA,NA,297.921
1982-03-02,370.583,NA,NA,NA,297.683
1982-03-03,368.144,NA,NA,NA,297.454
1982-03-04,365.526,NA,NA,NA,297.348
1982-03-05,364.891,NA,NA,NA,297.21
1982-03-06,362.098,NA,NA,NA,297.092
1982-03-07,360.613,NA,NA,NA,296.93
1982-03-08,358.612,NA,NA,NA,296.753
1982-03-09,356.249,NA,NA,NA,296.744
1982-03-10,360.502,NA,NA,NA,297.104
1982-03-11,363.884,NA,NA,NA,297.47
1982-03-12,370.044,NA,NA,NA,297.753
1982-03-13,370.473,NA,NA,NA,297.79
1982-03-14,370.044,NA,NA,NA,297.723
1982-03-15,370.044,NA,NA,NA,297.729
1982-03-16,370.51,NA,NA,NA,297.851
1982-03-17,372.243,NA,NA,NA,298.015
1982-03-18,374.919,NA,NA,NA,298.232
1982-03-19,377.418,NA,NA,NA,298.411
1982-03-20,379.545,NA,NA,NA,298.576
1982-03-21,381.412,NA,NA,NA,298.71
1982-03-22,383.017,NA,NA,NA,298.789
1982-03-23,383.591,NA,NA,NA,298.881
1982-03-24,384.93,NA,NA,NA,299.003
1982-03-25,386.657,NA,NA,NA,299.125
1982-03-26,388.309,NA,NA,NA,299.274
1982-03-27,390.391,NA,NA,NA,299.445
1982-03-28,392.67,NA,NA,NA,299.634
1982-03-29,394.997,NA,NA,NA,299.795
1982-03-30,396.98,NA,NA,NA,299.948
1982-03-31,398.811,NA,NA,NA,300.085
1982-04-01,400.606,NA,NA,NA,300.228
1982-04-02,402.327,NA,NA,NA,300.368
1982-04-03,404.33,NA,NA,NA,300.518
1982-04-04,406.178,NA,NA,NA,300.676
1982-04-05,408.266,NA,NA,NA,300.822
1982-04-06,410.043,NA,NA,NA,300.947
1982-04-07,411.506,NA,NA,NA,301.06
1982-04-08,413.012,NA,NA,NA,301.173
1982-04-09,414.484,NA,NA,NA,301.295
1982-04-10,416.116,NA,NA,NA,301.438
1982-04-11,418.589,NA,NA,NA,301.886
1982-04-12,427.47,NA,NA,NA,302.615
1982-04-13,437.022,NA,NA,NA,303.224
1982-04-14,445.886,NA,NA,NA,303.788
1982-04-15,449.03,NA,NA,NA,303.764
1982-04-16,446.877,NA,NA,NA,303.553
1982-04-17,444.772,NA,NA,NA,303.556
1982-04-18,446.52,NA,NA,NA,303.709
1982-04-19,448.206,NA,NA,NA,303.834
1982-04-20,450.027,NA,NA,NA,303.992
1982-04-21,452.355,NA,NA,NA,304.166
1982-04-22,454.811,NA,NA,NA,304.376
1982-04-23,457.773,NA,NA,NA,304.8
1982-04-24,462.347,NA,NA,NA,304.955
1982-04-25,465.931,NA,NA,NA,305.16
1982-04-26,468.217,NA,NA,NA,305.163
1982-04-27,466.65,NA,NA,NA,305.166
1982-04-28,467.794,NA,NA,NA,305.33
1982-04-29,471.361,NA,NA,NA,305.577
1982-04-30,474.56,NA,NA,NA,305.781
1982-05-01,477.301,NA,NA,NA,305.998
1982-05-02,480.095,NA,NA,NA,306.196
1982-05-03,482.726,NA,NA,NA,306.358
1982-05-04,485.324,NA,NA,NA,306.531
1982-05-05,487.669,NA,NA,NA,306.696
1982-05-06,489.671,NA,NA,NA,306.83
1982-05-07,491.811,NA,NA,NA,306.998
1982-05-08,494.437,NA,NA,NA,307.184
1982-05-09,496.717,NA,NA,NA,307.324
1982-05-10,498.481,NA,NA,NA,307.418
1982-05-11,499.981,NA,NA,NA,307.513
1982-05-12,501.217,NA,NA,NA,307.598
1982-05-13,502.504,NA,NA,NA,307.711
1982-05-14,504.322,NA,NA,NA,307.848
1982-05-15,506.41,NA,NA,NA,308
1982-05-16,508.732,NA,NA,NA,308.162
1982-05-17,511.055,NA,NA,NA,308.269
1982-05-18,511.503,NA,NA,NA,308.186
1982-05-19,508.909,NA,NA,NA,308.028
1982-05-20,506.769,NA,NA,NA,307.878
1982-05-21,504.588,NA,NA,NA,307.848
1982-05-22,505.299,NA,NA,NA,307.86
1982-05-23,505.727,NA,NA,NA,307.872
1982-05-24,505.727,NA,NA,NA,307.872
1982-05-25,505.727,NA,NA,NA,307.894
1982-05-26,506.189,NA,NA,NA,308.006
1982-05-27,505.304,NA,NA,NA,307.79
1982-05-28,503.789,NA,NA,NA,307.69
1982-05-29,502.68,NA,NA,NA,307.641
1982-05-30,502.193,NA,NA,NA,307.61
1982-05-31,501.794,NA,NA,NA,307.577
1982-06-01,501.307,NA,NA,NA,307.531
1982-06-02,500.645,NA,NA,NA,307.501
1982-06-03,500.645,NA,NA,NA,307.537
1982-06-04,501.485,NA,NA,NA,307.595
1982-06-05,502.237,NA,NA,NA,307.647
1982-06-06,503.124,NA,NA,NA,307.711
1982-06-07,504.055,NA,NA,NA,307.769
1982-06-08,504.855,NA,NA,NA,307.793
1982-06-09,504.988,NA,NA,NA,307.808
1982-06-10,505.077,NA,NA,NA,307.848
1982-06-11,505.966,NA,NA,NA,307.906
1982-06-12,506.979,NA,NA,NA,308.01
1982-06-13,508.909,NA,NA,NA,308.116
1982-06-14,509.533,NA,NA,NA,308.122
1982-06-15,509.667,NA,NA,NA,308.125
1982-06-16,509.667,NA,NA,NA,308.125
1982-06-17,509.622,NA,NA,NA,308.119
1982-06-18,509.445,NA,NA,NA,308.11
1982-06-19,509.489,NA,NA,NA,308.141
1982-06-20,509.625,NA,NA,NA,308.138
1982-06-21,509.536,NA,NA,NA,308.107
1982-06-22,509.268,NA,NA,NA,308.092
1982-06-23,509.089,NA,NA,NA,308.098
1982-06-24,509.314,NA,NA,NA,308.077
1982-06-25,508.507,NA,NA,NA,308.037
1982-06-26,508.195,NA,NA,NA,308.049
1982-06-27,508.061,NA,NA,NA,308.049
1982-06-28,508.061,NA,NA,NA,308.025
1982-06-29,508.329,NA,NA,NA,308.055
1982-06-30,508.82,NA,NA,NA,308.086
1982-07-01,509.177,NA,NA,NA,308.104
1982-07-02,509.445,NA,NA,NA,308.119
1982-07-03,509.669,NA,NA,NA,308.138
1982-07-04,509.892,NA,NA,NA,308.156
1982-07-05,510.204,NA,NA,NA,308.171
1982-07-06,510.294,NA,NA,NA,308.177
1982-07-07,510.429,NA,NA,NA,308.174
1982-07-08,510.294,NA,NA,NA,308.159
1982-07-09,509.981,NA,NA,NA,308.135
1982-07-10,509.535,NA,NA,NA,308.098
1982-07-11,508.954,NA,NA,NA,308.055
1982-07-12,508.284,NA,NA,NA,308.016
1982-07-13,507.748,NA,NA,NA,307.979
1982-07-14,507.214,NA,NA,NA,307.936
1982-07-15,506.521,NA,NA,NA,307.888
1982-07-16,505.834,NA,NA,NA,307.848
1982-07-17,505.079,NA,NA,NA,307.784
1982-07-18,504.328,NA,NA,NA,307.726
1982-07-19,503.439,NA,NA,NA,307.671
1982-07-20,502.641,NA,NA,NA,307.61
1982-07-21,501.576,NA,NA,NA,307.543
1982-07-22,500.471,NA,NA,NA,307.464
1982-07-23,499.324,NA,NA,NA,307.382
1982-07-24,498.262,NA,NA,NA,307.312
1982-07-25,496.938,NA,NA,NA,307.226
1982-07-26,495.797,NA,NA,NA,307.144
1982-07-27,494.744,NA,NA,NA,307.065
1982-07-28,493.561,NA,NA,NA,306.979
1982-07-29,493.392,NA,NA,NA,306.909
1982-07-30,491.416,NA,NA,NA,306.863
1982-07-31,490.369,NA,NA,NA,306.757
1982-08-01,489.104,NA,NA,NA,306.675
1982-08-02,487.843,NA,NA,NA,306.611
1982-08-03,486.625,NA,NA,NA,306.528
1982-08-04,485.41,NA,NA,NA,306.434
1982-08-05,484.111,NA,NA,NA,306.345
1982-08-06,482.857,NA,NA,NA,306.257
1982-08-07,481.604,NA,NA,NA,306.132
1982-08-08,480.353,NA,NA,NA,306.059
1982-08-09,479.192,NA,NA,NA,306.004
1982-08-10,478.031,NA,NA,NA,305.919
1982-08-11,476.83,NA,NA,NA,305.839
1982-08-12,475.931,NA,NA,NA,305.769
1982-08-13,474.775,NA,NA,NA,305.684
1982-08-14,473.579,NA,NA,NA,305.571
1982-08-15,472.299,NA,NA,NA,305.483
1982-08-16,471.062,NA,NA,NA,305.425
1982-08-17,470.042,NA,NA,NA,305.346
1982-08-18,468.811,NA,NA,NA,305.257
1982-08-19,467.538,NA,NA,NA,305.166
1982-08-20,466.269,NA,NA,NA,305.074
1982-08-21,464.962,NA,NA,NA,304.943
1982-08-22,463.485,NA,NA,NA,304.852
1982-08-23,462.01,NA,NA,NA,304.8
1982-08-24,460.794,NA,NA,NA,304.8
1982-08-25,459.45,NA,NA,NA,304.577
1982-08-26,458.065,NA,NA,NA,304.474
1982-08-27,456.812,NA,NA,NA,304.376
1982-08-28,455.433,NA,NA,NA,304.261
1982-08-29,453.807,NA,NA,NA,304.163
1982-08-30,452.766,NA,NA,NA,304.099
1982-08-31,451.726,NA,NA,NA,304.011
1982-09-01,450.439,NA,NA,NA,303.922
1982-09-02,449.194,NA,NA,NA,303.834
1982-09-03,449.071,NA,NA,NA,303.733
1982-09-04,446.589,NA,NA,NA,303.602
1982-09-05,445.185,NA,NA,NA,303.508
1982-09-06,443.865,NA,NA,NA,303.407
1982-09-07,442.507,NA,NA,NA,303.337
1982-09-08,441.234,NA,NA,NA,303.194
1982-09-09,439.231,NA,NA,NA,303.047
1982-09-10,437.221,NA,NA,NA,302.91
1982-09-11,435.423,NA,NA,NA,302.758
1982-09-12,433.753,NA,NA,NA,302.697
1982-09-13,433.225,NA,NA,NA,302.636
1982-09-14,431.924,NA,NA,NA,302.462
1982-09-15,429.329,NA,NA,NA,302.27
1982-09-16,426.824,NA,NA,NA,302.069
1982-09-17,424.083,NA,NA,NA,301.865
1982-09-18,421.391,NA,NA,NA,301.6
1982-09-19,417.19,NA,NA,NA,301.286
1982-09-20,413.132,NA,NA,NA,301.042
1982-09-21,410.833,NA,NA,NA,300.85
1982-09-22,408.225,NA,NA,NA,300.649
1982-09-23,405.584,NA,NA,NA,300.441
1982-09-24,402.876,NA,NA,NA,300.231
1982-09-25,400.372,NA,NA,NA,300.03
1982-09-26,396.98,NA,NA,NA,299.807
1982-09-27,394.337,NA,NA,NA,299.609
1982-09-28,392.44,NA,NA,NA,299.436
1982-09-29,390.468,NA,NA,NA,299.314
1982-09-30,389.003,NA,NA,NA,299.161
1982-10-01,386.811,NA,NA,NA,298.978
1982-10-02,384.433,NA,NA,NA,298.805
1982-10-03,381.947,NA,NA,NA,298.613
1982-10-04,379.469,NA,NA,NA,298.399
1982-10-05,377.077,NA,NA,NA,298.189
1982-10-06,374.39,NA,NA,NA,298.003
1982-10-07,372.511,NA,NA,NA,297.896
1982-10-08,372.05,NA,NA,NA,297.93
1982-10-09,372.765,NA,NA,NA,297.957
1982-10-10,372.803,NA,NA,NA,297.86
1982-10-11,370.433,NA,NA,NA,297.719
1982-10-12,368.443,NA,NA,NA,297.515
1982-10-13,366.384,NA,NA,NA,297.338
1982-10-14,364.107,NA,NA,NA,297.15
1982-10-15,361.764,NA,NA,NA,296.951
1982-10-16,359.392,NA,NA,NA,296.683
1982-10-17,355.404,NA,NA,NA,296.375
1982-10-18,351.843,NA,NA,NA,296.144
1982-10-19,349.648,NA,NA,NA,295.952
1982-10-20,347.352,NA,NA,NA,295.754
1982-10-21,344.881,NA,NA,NA,295.552
1982-10-22,342.455,NA,NA,NA,295.366
1982-10-23,341.05,NA,NA,NA,295.391
1982-10-24,341.734,NA,NA,NA,295.406
1982-10-25,341.229,NA,NA,NA,295.321
1982-10-26,340.581,NA,NA,NA,295.619
1982-10-27,341.229,NA,NA,NA,295.427
1982-10-28,342.673,NA,NA,NA,295.449
1982-10-29,342.926,NA,NA,NA,296.369
1982-10-30,363.847,NA,NA,NA,297.494
1982-10-31,366.907,NA,NA,NA,297.174
1982-11-01,358.798,NA,NA,NA,296.363
1982-11-02,348.15,NA,NA,NA,295.565
1982-11-03,339.899,NA,NA,NA,294.885
1982-11-04,331.87,NA,NA,NA,294.181
1982-11-05,323.721,NA,NA,NA,293.501
1982-11-06,317.035,NA,NA,NA,293.117
1982-11-07,313.743,NA,NA,NA,292.733
1982-11-08,308.706,NA,NA,NA,292.288
1982-11-09,302.888,NA,NA,NA,291.684
1982-11-10,296.545,NA,NA,NA,291.206
1982-11-11,293.029,NA,NA,NA,290.932
1982-11-12,290.124,NA,NA,NA,290.651
1982-11-13,287.012,NA,NA,NA,290.426
1982-11-14,284.661,NA,NA,NA,290.2
1982-11-15,282.289,NA,NA,NA,289.941
1982-11-16,278.979,NA,NA,NA,289.658
1982-11-17,276.636,NA,NA,NA,289.56
1982-11-18,277.49,NA,NA,NA,289.871
1982-11-19,284.918,NA,NA,NA,290.566
1982-11-20,289.767,NA,NA,NA,290.999
1982-11-21,293.684,NA,NA,NA,291.273
1982-11-22,295.326,NA,NA,NA,291.297
1982-11-23,294.372,NA,NA,NA,291.154
1982-11-24,292.57,NA,NA,NA,290.916
1982-11-25,289.442,NA,NA,NA,290.602
1982-11-26,285.916,NA,NA,NA,290.267
1982-11-27,282.386,NA,NA,NA,289.971
1982-11-28,279.709,NA,NA,NA,289.978
1982-11-29,282.002,NA,NA,NA,290.252
1982-11-30,285.272,NA,NA,NA,290.404
1982-12-01,286.109,NA,NA,NA,290.38
1982-12-02,284.629,NA,NA,NA,290.261
1982-12-03,289.601,NA,NA,NA,292.501
1982-12-04,323.686,NA,NA,NA,295.284
1982-12-05,349.832,NA,NA,NA,296.287
1982-12-06,355.332,NA,NA,NA,296.997
1982-12-07,362.98,NA,NA,NA,296.897
1982-12-08,355.368,NA,NA,NA,295.955
1982-12-09,341.266,NA,NA,NA,294.614
1982-12-10,324.455,NA,NA,NA,293.096
1982-12-11,306.679,NA,NA,NA,291.663
1982-12-12,292.828,NA,NA,NA,290.383
1982-12-13,279.169,NA,NA,NA,289.231
1982-12-14,270.216,NA,NA,NA,288.633
1982-12-15,265.671,NA,NA,NA,288.487
1982-12-16,268.356,NA,NA,NA,289.572
1982-12-17,284.307,NA,NA,NA,290.569
1982-12-18,289.54,NA,NA,NA,290.77
1982-12-19,289.572,NA,NA,NA,290.663
1982-12-20,287.529,NA,NA,NA,290.362
1982-12-21,282.833,NA,NA,NA,289.886
1982-12-22,278.25,NA,NA,NA,289.371
1982-12-23,271.805,NA,NA,NA,288.64
1982-12-24,263.585,NA,NA,NA,287.835
1982-12-25,255.761,NA,NA,NA,287.003
1982-12-26,247.378,NA,NA,NA,286.11
1982-12-27,238.508,NA,NA,NA,285.204
1982-12-28,230.627,NA,NA,NA,284.403
1982-12-29,223.27,NA,NA,NA,283.726
1982-12-30,217.578,NA,NA,NA,283.19
1982-12-31,213.851,NA,NA,NA,282.824
1983-01-01,210.456,NA,NA,NA,282.419
1983-01-02,206.779,NA,NA,NA,281.974
1983-01-03,203.037,NA,NA,NA,281.666
1983-01-04,201.713,NA,NA,NA,282.998
1983-01-05,229.278,NA,NA,NA,285.732
1983-01-06,248.055,NA,NA,NA,288.173
1983-01-07,282.257,NA,NA,NA,292.203
1983-01-08,323.233,NA,NA,NA,294.873
1983-01-09,343.364,NA,NA,NA,295.656
1983-01-10,342.495,NA,NA,NA,294.973
1983-01-11,330.67,NA,NA,NA,293.739
1983-01-12,314.462,NA,NA,NA,292.608
1983-01-13,304.597,NA,NA,NA,291.328
1983-01-14,288.209,NA,NA,NA,290.322
1983-01-15,282.257,NA,NA,NA,289.752
1983-01-16,276.069,NA,NA,NA,289.142
1983-01-17,269.596,NA,NA,NA,288.502
1983-01-18,263.094,NA,NA,NA,287.835
1983-01-19,256.453,NA,NA,NA,287.225
1983-01-20,250.747,NA,NA,NA,286.606
1983-01-21,244.418,NA,NA,NA,285.912
1983-01-22,237.589,NA,NA,NA,285.482
1983-01-23,235.244,NA,NA,NA,285.311
1983-01-24,234.561,NA,NA,NA,285.153
1983-01-25,231.247,NA,NA,NA,284.759
1983-01-26,227.264,NA,NA,NA,284.394
1983-01-27,226.345,NA,NA,NA,284.369
1983-01-28,226.456,NA,NA,NA,284.4
1983-01-29,226.373,NA,NA,NA,284.308
1983-01-30,225.261,NA,NA,NA,284.205
1983-01-31,224.208,NA,NA,NA,284.089
1983-02-01,223.463,NA,NA,NA,284.116
1983-02-02,224.902,NA,NA,NA,284.32
1983-02-03,227.013,NA,NA,NA,284.506
1983-02-04,228.717,NA,NA,NA,284.677
1983-02-05,230.204,NA,NA,NA,284.836
1983-02-06,231.416,NA,NA,NA,284.988
1983-02-07,233.538,NA,NA,NA,285.262
1983-02-08,236.014,NA,NA,NA,285.61
1983-02-09,241.335,NA,NA,NA,286.488
1983-02-10,251.518,NA,NA,NA,287.317
1983-02-11,256.812,NA,NA,NA,287.905
1983-02-12,262.573,NA,NA,NA,288.53
1983-02-13,270.711,NA,NA,NA,289.377
1983-02-14,278.85,NA,NA,NA,290.072
1983-02-15,285.142,NA,NA,NA,290.581
1983-02-16,289.699,NA,NA,NA,290.993
1983-02-17,293.88,NA,NA,NA,291.639
1983-02-18,309.589,NA,NA,NA,294.074
1983-02-19,339.651,NA,NA,NA,295.69
1983-02-20,346.37,NA,NA,NA,295.671
1983-02-21,343.54,NA,NA,NA,295.312
1983-02-22,338.749,NA,NA,NA,295.15
1983-02-23,338.534,NA,NA,NA,294.888
1983-02-24,332.465,NA,NA,NA,294.367
1983-02-25,328.449,NA,NA,NA,294.147
1983-02-26,326.098,NA,NA,NA,294.132
1983-02-27,327.781,NA,NA,NA,294.254
1983-02-28,328.941,NA,NA,NA,294.361
1983-03-01,330.775,NA,NA,NA,294.589
1983-03-02,333.468,NA,NA,NA,294.845
1983-03-03,336.96,NA,NA,NA,295.117
1983-03-04,339.935,NA,NA,NA,295.388
1983-03-05,343.323,NA,NA,NA,295.72
1983-03-06,347.461,NA,NA,NA,296.15
1983-03-07,353.897,NA,NA,NA,296.671
1983-03-08,359.725,NA,NA,NA,297.214
1983-03-09,366.758,NA,NA,NA,297.677
1983-03-10,370.044,NA,NA,NA,297.972
1983-03-11,374.313,NA,NA,NA,298.085
1983-03-12,374.011,NA,NA,NA,298.171
1983-03-13,375.675,NA,NA,NA,298.338
1983-03-14,378.519,NA,NA,NA,298.634
1983-03-15,382.98,NA,NA,NA,298.942
1983-03-16,386.08,NA,NA,NA,299.137
1983-03-17,387.81,NA,NA,NA,299.225
1983-03-18,388.586,NA,NA,NA,299.262
1983-03-19,389.047,NA,NA,NA,299.332
1983-03-20,390.28,NA,NA,NA,299.405
1983-03-21,391.013,NA,NA,NA,299.475
1983-03-22,393.025,NA,NA,NA,299.658
1983-03-23,395.43,NA,NA,NA,299.871
1983-03-24,398.457,NA,NA,NA,300.079
1983-03-25,400.644,NA,NA,NA,300.28
1983-03-26,403.777,NA,NA,NA,300.521
1983-03-27,407.048,NA,NA,NA,300.798
1983-03-28,410.634,NA,NA,NA,301.081
1983-03-29,414.563,NA,NA,NA,301.545
1983-03-30,426.944,NA,NA,NA,303.215
1983-03-31,448.697,NA,NA,NA,304.129
1983-04-01,455.015,NA,NA,NA,304.151
1983-04-02,451.061,NA,NA,NA,303.809
1983-04-03,446.341,NA,NA,NA,303.343
1983-04-04,438.528,NA,NA,NA,302.743
1983-04-05,432.533,NA,NA,NA,302.514
1983-04-06,429.978,NA,NA,NA,302.407
1983-04-07,429.612,NA,NA,NA,302.468
1983-04-08,431.518,NA,NA,NA,302.596
1983-04-09,433.185,NA,NA,NA,302.749
1983-04-10,435.913,NA,NA,NA,302.935
1983-04-11,438.201,NA,NA,NA,303.093
1983-04-12,440.085,NA,NA,NA,303.224
1983-04-13,441.686,NA,NA,NA,303.337
1983-04-14,443.207,NA,NA,NA,303.438
1983-04-15,444.443,NA,NA,NA,303.544
1983-04-16,446.017,NA,NA,NA,303.666
1983-04-17,447.333,NA,NA,NA,303.767
1983-04-18,448.74,NA,NA,NA,303.88
1983-04-19,450.48,NA,NA,NA,304.023
1983-04-20,452.558,NA,NA,NA,304.169
1983-04-21,453.676,NA,NA,NA,304.318
1983-04-22,458.401,NA,NA,NA,304.456
1983-04-23,460.794,NA,NA,NA,304.8
1983-04-24,459.575,NA,NA,NA,304.715
1983-04-25,463.418,NA,NA,NA,304.815
1983-04-26,464.076,NA,NA,NA,304.91
1983-04-27,465.424,NA,NA,NA,304.986
1983-04-28,466.269,NA,NA,NA,305.074
1983-04-29,466.776,NA,NA,NA,305.178
1983-04-30,467.498,NA,NA,NA,305.272
1983-05-01,469.575,NA,NA,NA,305.364
1983-05-02,470.807,NA,NA,NA,305.452
1983-05-03,472,NA,NA,NA,305.532
1983-05-04,473.022,NA,NA,NA,305.599
1983-05-05,473.919,NA,NA,NA,305.669
1983-05-06,475.03,NA,NA,NA,305.766
1983-05-07,476.572,NA,NA,NA,305.919
1983-05-08,479.364,NA,NA,NA,306.181
1983-05-09,483.981,NA,NA,NA,306.51
1983-05-10,488.234,NA,NA,NA,306.784
1983-05-11,491.897,NA,NA,NA,307.016
1983-05-12,495.095,NA,NA,NA,307.238
1983-05-13,498.262,NA,NA,NA,307.446
1983-05-14,500.999,NA,NA,NA,307.632
1983-05-15,503.914,NA,NA,NA,307.912
1983-05-16,509.758,NA,NA,NA,308.314
1983-05-17,512.354,NA,NA,NA,308.278
1983-05-18,511.816,NA,NA,NA,308.308
1983-05-19,511.593,NA,NA,NA,308.266
1983-05-20,510.742,NA,NA,NA,308.186
1983-05-21,509.356,NA,NA,NA,308.138
1983-05-22,509.177,NA,NA,NA,308.119
1983-05-23,509.266,NA,NA,NA,308.119
1983-05-24,509.132,NA,NA,NA,308.107
1983-05-25,508.998,NA,NA,NA,308.122
1983-05-26,509.758,NA,NA,NA,308.168
1983-05-27,510.294,NA,NA,NA,308.183
1983-05-28,510.396,NA,NA,NA,308.183
1983-05-29,510.294,NA,NA,NA,308.174
1983-05-30,510.025,NA,NA,NA,308.153
1983-05-31,509.713,NA,NA,NA,308.135
1983-06-01,509.535,NA,NA,NA,308.119
1983-06-02,509.266,NA,NA,NA,308.101
1983-06-03,509.49,NA,NA,NA,308.122
1983-06-04,509.848,NA,NA,NA,308.153
1983-06-05,510.25,NA,NA,NA,308.177
1983-06-06,510.563,NA,NA,NA,308.195
1983-06-07,510.877,NA,NA,NA,308.202
1983-06-08,510.787,NA,NA,NA,308.192
1983-06-09,510.563,NA,NA,NA,308.186
1983-06-10,510.563,NA,NA,NA,308.214
1983-06-11,511.011,NA,NA,NA,308.229
1983-06-12,510.877,NA,NA,NA,308.202
1983-06-13,510.25,NA,NA,NA,308.153
1983-06-14,509.356,NA,NA,NA,308.11
1983-06-15,509.132,NA,NA,NA,308.095
1983-06-16,509.132,NA,NA,NA,308.095
1983-06-17,509.132,NA,NA,NA,308.095
1983-06-18,508.998,NA,NA,NA,308.107
1983-06-19,509.535,NA,NA,NA,308.189
1983-06-20,511.369,NA,NA,NA,308.339
1983-06-21,513.521,NA,NA,NA,308.384
1983-06-22,512.713,NA,NA,NA,308.311
1983-06-23,511.459,NA,NA,NA,308.229
1983-06-24,510.661,NA,NA,NA,308.189
1983-06-25,510.07,NA,NA,NA,308.141
1983-06-26,509.356,NA,NA,NA,308.08
1983-06-27,508.329,NA,NA,NA,307.991
1983-06-28,507.214,NA,NA,NA,307.915
1983-06-29,506.056,NA,NA,NA,307.869
1983-06-30,505.389,NA,NA,NA,307.848
1983-07-01,505.727,NA,NA,NA,307.949
1983-07-02,508.418,NA,NA,NA,308.183
1983-07-03,511.289,NA,NA,NA,308.33
1983-07-04,512.4,NA,NA,NA,308.32
1983-07-05,511.324,NA,NA,NA,308.247
1983-07-06,510.698,NA,NA,NA,308.144
1983-07-07,509.042,NA,NA,NA,308.022
1983-07-08,506.679,NA,NA,NA,307.885
1983-07-09,505.521,NA,NA,NA,307.848
1983-07-10,504.944,NA,NA,NA,307.799
1983-07-11,504.322,NA,NA,NA,307.766
1983-07-12,504.499,NA,NA,NA,307.799
1983-07-13,505.121,NA,NA,NA,307.848
1983-07-14,506.101,NA,NA,NA,307.921
1983-07-15,506.991,NA,NA,NA,307.952
1983-07-16,505.967,NA,NA,NA,307.946
1983-07-17,506.812,NA,NA,NA,307.936
1983-07-18,506.457,NA,NA,NA,307.903
1983-07-19,506.234,NA,NA,NA,307.915
1983-07-20,506.857,NA,NA,NA,307.961
1983-07-21,507.126,NA,NA,NA,307.955
1983-07-22,506.723,NA,NA,NA,307.912
1983-07-23,505.967,NA,NA,NA,307.888
1983-07-24,506.145,NA,NA,NA,307.897
1983-07-25,506.278,NA,NA,NA,307.906
1983-07-26,506.368,NA,NA,NA,307.903
1983-07-27,506.368,NA,NA,NA,307.894
1983-07-28,505.967,NA,NA,NA,307.875
1983-07-29,505.727,NA,NA,NA,307.854
1983-07-30,505.433,NA,NA,NA,307.848
1983-07-31,505.166,NA,NA,NA,307.848
1983-08-01,504.722,NA,NA,NA,307.787
1983-08-02,504.455,NA,NA,NA,307.757
1983-08-03,503.878,NA,NA,NA,307.72
1983-08-04,503.345,NA,NA,NA,307.705
1983-08-05,502.991,NA,NA,NA,307.674
1983-08-06,502.506,NA,NA,NA,307.632
1983-08-07,501.883,NA,NA,NA,307.589
1983-08-08,501.397,NA,NA,NA,307.568
1983-08-09,500.734,NA,NA,NA,307.516
1983-08-10,499.984,NA,NA,NA,307.467
1983-08-11,499.365,NA,NA,NA,307.421
1983-08-12,498.659,NA,NA,NA,307.369
1983-08-13,497.909,NA,NA,NA,307.318
1983-08-14,497.117,NA,NA,NA,307.266
1983-08-15,496.325,NA,NA,NA,307.208
1983-08-16,495.49,NA,NA,NA,307.15
1983-08-17,494.612,NA,NA,NA,307.086
1983-08-18,493.515,NA,NA,NA,307.013
1983-08-19,493.392,NA,NA,NA,306.952
1983-08-20,491.634,NA,NA,NA,306.876
1983-08-21,490.543,NA,NA,NA,306.799
1983-08-22,489.409,NA,NA,NA,306.687
1983-08-23,488.364,NA,NA,NA,306.607
1983-08-24,487.233,NA,NA,NA,306.528
1983-08-25,486.06,NA,NA,NA,306.446
1983-08-26,484.934,NA,NA,NA,306.364
1983-08-27,483.763,NA,NA,NA,306.29
1983-08-28,482.597,NA,NA,NA,306.217
1983-08-29,481.949,NA,NA,NA,306.226
1983-08-30,482.726,NA,NA,NA,306.275
1983-08-31,482.9,NA,NA,NA,306.257
1983-09-01,482.339,NA,NA,NA,306.217
1983-09-02,481.819,NA,NA,NA,306.169
1983-09-03,481.057,NA,NA,NA,306.138
1983-09-04,480.138,NA,NA,NA,306.037
1983-09-05,479.149,NA,NA,NA,305.998
1983-09-06,478.075,NA,NA,NA,305.925
1983-09-07,477.13,NA,NA,NA,305.797
1983-09-08,475.588,NA,NA,NA,305.693
1983-09-09,474.132,NA,NA,NA,305.58
1983-09-10,472.383,NA,NA,NA,305.443
1983-09-11,470.254,NA,NA,NA,305.306
1983-09-12,468.175,NA,NA,NA,305.126
1983-09-13,465.677,NA,NA,NA,304.925
1983-09-14,461.631,NA,NA,NA,304.8
1983-09-15,457.648,NA,NA,NA,304.343
1983-09-16,454.098,NA,NA,NA,304.084
1983-09-17,451.228,NA,NA,NA,303.901
1983-09-18,448.408,NA,NA,NA,303.697
1983-09-19,445.638,NA,NA,NA,303.465
1983-09-20,442.837,NA,NA,NA,303.294
1983-09-21,440.127,NA,NA,NA,303.081
1983-09-22,437.221,NA,NA,NA,302.871
1983-09-23,434.201,NA,NA,NA,302.615
1983-09-24,431.072,NA,NA,NA,302.374
1983-09-25,427.994,NA,NA,NA,302.139
1983-09-26,424.888,NA,NA,NA,301.904
1983-09-27,421.793,NA,NA,NA,301.67
1983-09-28,418.789,NA,NA,NA,301.484
1983-09-29,415.836,NA,NA,NA,301.255
1983-09-30,412.854,NA,NA,NA,301.024
1983-10-01,409.843,NA,NA,NA,300.758
1983-10-02,406.608,NA,NA,NA,300.521
1983-10-03,403.777,NA,NA,NA,300.286
1983-10-04,400.761,NA,NA,NA,300.048
1983-10-05,397.717,NA,NA,NA,299.81
1983-10-06,394.763,NA,NA,NA,299.603
1983-10-07,391.704,NA,NA,NA,299.329
1983-10-08,388.618,NA,NA,NA,299.106
1983-10-09,385.313,NA,NA,NA,298.859
1983-10-10,382.1,NA,NA,NA,298.582
1983-10-11,378.823,NA,NA,NA,298.326
1983-10-12,375.56,NA,NA,NA,298.079
1983-10-13,372.576,NA,NA,NA,297.844
1983-10-14,370.044,NA,NA,NA,297.622
1983-10-15,367.244,NA,NA,NA,297.412
1983-10-16,364.517,NA,NA,NA,297.189
1983-10-17,361.839,NA,NA,NA,296.973
1983-10-18,359.244,NA,NA,NA,296.753
1983-10-19,354.079,NA,NA,NA,296.525
1983-10-20,353.824,NA,NA,NA,296.299
1983-10-21,351.037,NA,NA,NA,296.067
1983-10-22,348.299,NA,NA,NA,295.879
1983-10-23,346.478,NA,NA,NA,295.714
1983-10-24,344.227,NA,NA,NA,295.507
1983-10-25,341.662,NA,NA,NA,295.281
1983-10-26,339.037,NA,NA,NA,295.062
1983-10-27,336.388,NA,NA,NA,294.824
1983-10-28,333.503,NA,NA,NA,294.559
1983-10-29,330.211,NA,NA,NA,294.275
1983-10-30,326.658,NA,NA,NA,293.992
1983-10-31,323.511,NA,NA,NA,293.727
1983-11-01,320.836,NA,NA,NA,293.492
1983-11-02,318.001,NA,NA,NA,293.218
1983-11-03,314.872,NA,NA,NA,292.968
1983-11-04,312.445,NA,NA,NA,292.907
1983-11-05,312.309,NA,NA,NA,292.669
1983-11-06,307.154,NA,NA,NA,292.465
1983-11-07,309.182,NA,NA,NA,292.584
1983-11-08,308.403,NA,NA,NA,292.45
1983-11-09,306.445,NA,NA,NA,292.233
1983-11-10,303.825,NA,NA,NA,291.959
1983-11-11,301.018,NA,NA,NA,291.739
1983-11-12,298.395,NA,NA,NA,291.502
1983-11-13,296.115,NA,NA,NA,291.361
1983-11-14,295.095,NA,NA,NA,291.367
1983-11-15,296.677,NA,NA,NA,291.62
1983-11-16,299.689,NA,NA,NA,291.794
1983-11-17,301.351,NA,NA,NA,292.379
1983-11-18,307.93,NA,NA,NA,292.379
1983-11-19,307.93,NA,NA,NA,292.471
1983-11-20,309.554,NA,NA,NA,292.76
1983-11-21,312.445,NA,NA,NA,292.797
1983-11-22,310.811,NA,NA,NA,292.535
1983-11-23,307.119,NA,NA,NA,292.218
1983-11-24,305.57,NA,NA,NA,292.584
1983-11-25,312.992,NA,NA,NA,293.059
1983-11-26,315.627,NA,NA,NA,293.09
1983-11-27,314.324,NA,NA,NA,292.922
1983-11-28,312.343,NA,NA,NA,292.733
1983-11-29,309.961,NA,NA,NA,292.462
1983-11-30,306.311,NA,NA,NA,292.09
1983-12-01,301.22,NA,NA,NA,291.471
1983-12-02,293.684,NA,NA,NA,290.77
1983-12-03,286.335,NA,NA,NA,290.09
1983-12-04,279.264,NA,NA,NA,289.423
1983-12-05,272.243,NA,NA,NA,288.758
1983-12-06,265.701,NA,NA,NA,288.167
1983-12-07,260.291,NA,NA,NA,287.713
1983-12-08,257.748,NA,NA,NA,287.731
1983-12-09,258.323,NA,NA,NA,287.615
1983-12-10,256.633,NA,NA,NA,287.884
1983-12-11,262.423,NA,NA,NA,288.149
1983-12-12,262.209,NA,NA,NA,287.878
1983-12-13,256.664,NA,NA,NA,287.375
1983-12-14,255.311,NA,NA,NA,287.865
1983-12-15,270.279,NA,NA,NA,289.758
1983-12-16,282.289,NA,NA,NA,289.941
1983-12-17,276.575,NA,NA,NA,289.24
1983-12-18,270.091,NA,NA,NA,288.524
1983-12-19,263.738,NA,NA,NA,287.96
1983-12-20,257.929,NA,NA,NA,287.326
1983-12-21,251.31,NA,NA,NA,286.628
1983-12-22,244.272,NA,NA,NA,285.851
1983-12-23,236.586,NA,NA,NA,285.012
1983-12-24,228.494,NA,NA,NA,284.311
1983-12-25,222.251,NA,NA,NA,283.607
1983-12-26,216.007,NA,NA,NA,282.925
1983-12-27,209.926,NA,NA,NA,282.214
1983-12-28,204.602,NA,NA,NA,281.769
1983-12-29,202.154,NA,NA,NA,281.775
1983-12-30,207.412,NA,NA,NA,283.223
1983-12-31,219.92,NA,NA,NA,283.726
1984-01-01,220.522,NA,NA,NA,283.537
1984-01-02,217.143,NA,NA,NA,283.129
1984-01-03,214.632,NA,NA,NA,283.525
1984-01-04,223.325,NA,NA,NA,284.317
1984-01-05,227.403,NA,NA,NA,284.464
1984-01-06,226.818,NA,NA,NA,284.241
1984-01-07,223.767,NA,NA,NA,284.135
1984-01-08,219.566,NA,NA,NA,283.333
1984-01-09,214.739,NA,NA,NA,282.717
1984-01-10,208.786,NA,NA,NA,282.062
1984-01-11,204.185,NA,NA,NA,281.916
1984-01-12,203.116,NA,NA,NA,281.69
1984-01-13,200.445,NA,NA,NA,281.422
1984-01-14,199.75,NA,NA,NA,281.355
1984-01-15,199.106,NA,NA,NA,281.233
1984-01-16,197.951,NA,NA,NA,281.123
1984-01-17,198.234,NA,NA,NA,281.166
1984-01-18,198.104,NA,NA,NA,281.166
1984-01-19,198.156,NA,NA,NA,281.135
1984-01-20,198.104,NA,NA,NA,281.123
1984-01-21,197.874,NA,NA,NA,281.181
1984-01-22,199.055,NA,NA,NA,281.468
1984-01-23,202.647,NA,NA,NA,281.91
1984-01-24,206.86,NA,NA,NA,282.955
1984-01-25,222.03,NA,NA,NA,284.973
1984-01-26,241.249,NA,NA,NA,286.418
1984-01-27,247.763,NA,NA,NA,286.439
1984-01-28,244.74,NA,NA,NA,286.311
1984-01-29,242.787,NA,NA,NA,286.091
1984-01-30,241.712,NA,NA,NA,286.03
1984-01-31,241.48,NA,NA,NA,285.979
1984-02-01,240.727,NA,NA,NA,285.872
1984-02-02,239.573,NA,NA,NA,285.75
1984-02-03,238.593,NA,NA,NA,285.671
1984-02-04,239.025,NA,NA,NA,285.765
1984-02-05,240.092,NA,NA,NA,285.866
1984-02-06,240.929,NA,NA,NA,285.963
1984-02-07,241.857,NA,NA,NA,286.049
1984-02-08,242.524,NA,NA,NA,286.122
1984-02-09,243.223,NA,NA,NA,286.198
1984-02-10,244.039,NA,NA,NA,286.289
1984-02-11,244.944,NA,NA,NA,286.427
1984-02-12,246.996,NA,NA,NA,287.207
1984-02-13,266.502,NA,NA,NA,291.023
1984-02-14,312.786,NA,NA,NA,293.809
1984-02-15,331.059,NA,NA,NA,294.864
1984-02-16,336.602,NA,NA,NA,294.903
1984-02-17,334.961,NA,NA,NA,294.65
1984-02-18,331.059,NA,NA,NA,294.242
1984-02-19,325.852,NA,NA,NA,294.034
1984-02-20,324.873,NA,NA,NA,293.955
1984-02-21,324.035,NA,NA,NA,294.004
1984-02-22,325.256,NA,NA,NA,293.986
1984-02-23,324.035,NA,NA,NA,293.873
1984-02-24,323.407,NA,NA,NA,293.873
1984-02-25,324.419,NA,NA,NA,294.102
1984-02-26,328.414,NA,NA,NA,294.406
1984-02-27,330.917,NA,NA,NA,294.583
1984-02-28,333.184,NA,NA,NA,294.766
1984-02-29,336.031,NA,NA,NA,295.016
1984-03-01,338.785,NA,NA,NA,295.305
1984-03-02,343.359,NA,NA,NA,295.708
1984-03-03,347.788,NA,NA,NA,296
1984-03-04,349.794,NA,NA,NA,296.168
1984-03-05,351.806,NA,NA,NA,296.287
1984-03-06,353.308,NA,NA,NA,296.43
1984-03-07,355.404,NA,NA,NA,296.622
1984-03-08,357.874,NA,NA,NA,296.823
1984-03-09,360.28,NA,NA,NA,297.043
1984-03-10,363.177,NA,NA,NA,297.332
1984-03-11,367.356,NA,NA,NA,297.646
1984-03-12,370.883,NA,NA,NA,297.942
1984-03-13,374.88,NA,NA,NA,298.314
1984-03-14,379.316,NA,NA,NA,298.689
1984-03-15,384.356,NA,NA,NA,299.033
1984-03-16,386.158,NA,NA,NA,299.009
1984-03-17,385.888,NA,NA,NA,298.96
1984-03-18,384.74,NA,NA,NA,299.03
1984-03-19,386.618,NA,NA,NA,299.326
1984-03-20,391.896,NA,NA,NA,299.734
1984-03-21,397.057,NA,NA,NA,300.13
1984-03-22,402.485,NA,NA,NA,300.481
1984-03-23,406.017,NA,NA,NA,300.627
1984-03-24,406.726,NA,NA,NA,300.655
1984-03-25,406.136,NA,NA,NA,300.646
1984-03-26,406.844,NA,NA,NA,300.978
1984-03-27,413.331,NA,NA,NA,301.206
1984-03-28,414.243,NA,NA,NA,301.176
1984-03-29,413.728,NA,NA,NA,301.225
1984-03-30,413.171,NA,NA,NA,301.203
1984-03-31,413.926,NA,NA,NA,301.307
1984-04-01,415.916,NA,NA,NA,301.438
1984-04-02,417.591,NA,NA,NA,301.557
1984-04-03,418.988,NA,NA,NA,301.639
1984-04-04,419.989,NA,NA,NA,301.703
1984-04-05,420.629,NA,NA,NA,301.786
1984-04-06,422.515,NA,NA,NA,301.929
1984-04-07,424.284,NA,NA,NA,302.106
1984-04-08,427.671,NA,NA,NA,302.465
1984-04-09,432.778,NA,NA,NA,302.791
1984-04-10,437.465,NA,NA,NA,303.188
1984-04-11,442.796,NA,NA,NA,303.529
1984-04-12,446.628,NA,NA,NA,303.855
1984-04-13,451.934,NA,NA,NA,304.145
1984-04-14,453.557,NA,NA,NA,304.254
1984-04-15,455.182,NA,NA,NA,304.407
1984-04-16,456.854,NA,NA,NA,304.8
1984-04-17,458.694,NA,NA,NA,304.8
1984-04-18,461.505,NA,NA,NA,304.8
1984-04-19,460.581,NA,NA,NA,304.8
1984-04-20,461.17,NA,NA,NA,304.8
1984-04-21,462.725,NA,NA,NA,304.901
1984-04-22,464.284,NA,NA,NA,305.007
1984-04-23,465.424,NA,NA,NA,305.071
1984-04-24,466.819,NA,NA,NA,305.208
1984-04-25,469.236,NA,NA,NA,305.285
1984-04-26,468.175,NA,NA,NA,305.117
1984-04-27,464.031,NA,NA,NA,304.907
1984-04-28,463.526,NA,NA,NA,304.974
1984-04-29,465.297,NA,NA,NA,305.093
1984-04-30,466.819,NA,NA,NA,305.211
1984-05-01,469.321,NA,NA,NA,305.547
1984-05-02,477.215,NA,NA,NA,306.281
1984-05-03,488.189,NA,NA,NA,307.037
1984-05-04,496.37,NA,NA,NA,307.309
1984-05-05,498.085,NA,NA,NA,307.363
1984-05-06,498.085,NA,NA,NA,307.388
1984-05-07,498.041,NA,NA,NA,307.348
1984-05-08,498.217,NA,NA,NA,307.415
1984-05-09,500.645,NA,NA,NA,307.61
1984-05-10,502.991,NA,NA,NA,307.662
1984-05-11,500.999,NA,NA,NA,307.44
1984-05-12,498.703,NA,NA,NA,307.406
1984-05-13,498.326,NA,NA,NA,307.412
1984-05-14,499.055,NA,NA,NA,307.452
1984-05-15,499.055,NA,NA,NA,307.443
1984-05-16,499.276,NA,NA,NA,307.433
1984-05-17,498.835,NA,NA,NA,307.443
1984-05-18,500.026,NA,NA,NA,307.501
1984-05-19,500.866,NA,NA,NA,307.592
1984-05-20,502.548,NA,NA,NA,307.735
1984-05-21,504.499,NA,NA,NA,307.848
1984-05-22,505.389,NA,NA,NA,307.848
1984-05-23,504.944,NA,NA,NA,307.848
1984-05-24,505.433,NA,NA,NA,307.802
1984-05-25,503.922,NA,NA,NA,307.763
1984-05-26,505.79,NA,NA,NA,307.997
1984-05-27,508.061,NA,NA,NA,307.958
1984-05-28,506.145,NA,NA,NA,307.848
1984-05-29,505.389,NA,NA,NA,307.851
1984-05-30,505.727,NA,NA,NA,307.854
1984-05-31,505.478,NA,NA,NA,307.814
1984-06-01,504.588,NA,NA,NA,307.796
1984-06-02,504.233,NA,NA,NA,307.772
1984-06-03,504.633,NA,NA,NA,307.802
1984-06-04,505.077,NA,NA,NA,307.906
1984-06-05,506.902,NA,NA,NA,307.912
1984-06-06,506.189,NA,NA,NA,307.924
1984-06-07,508.016,NA,NA,NA,308.244
1984-06-08,513.657,NA,NA,NA,308.205
1984-06-09,508.016,NA,NA,NA,307.93
1984-06-10,506.189,NA,NA,NA,307.848
1984-06-11,87.481,NA,NA,NA,307.811
1984-06-12,505.521,NA,NA,NA,307.869
1984-06-13,506.101,NA,NA,NA,307.894
1984-06-14,506.145,NA,NA,NA,307.872
1984-06-15,505.727,NA,NA,NA,307.848
1984-06-16,504.588,NA,NA,NA,307.802
1984-06-17,504.322,NA,NA,NA,307.763
1984-06-18,503.745,NA,NA,NA,307.732
1984-06-19,503.169,NA,NA,NA,307.717
1984-06-20,503.434,NA,NA,NA,307.775
1984-06-21,505.478,NA,NA,NA,307.997
1984-06-22,509.625,NA,NA,NA,308.153
1984-06-23,510.025,NA,NA,NA,308.141
1984-06-24,509.535,NA,NA,NA,308.083
1984-06-25,508.374,NA,NA,NA,307.991
1984-06-26,506.812,NA,NA,NA,307.942
1984-06-27,506.501,NA,NA,NA,307.909
1984-06-28,505.299,NA,NA,NA,307.793
1984-06-29,503.301,NA,NA,NA,307.686
1984-06-30,502.459,NA,NA,NA,307.632
1984-07-01,501.883,NA,NA,NA,307.598
1984-07-02,501.574,NA,NA,NA,307.568
1984-07-03,501.75,NA,NA,NA,307.604
1984-07-04,502.414,NA,NA,NA,307.656
1984-07-05,502.725,NA,NA,NA,307.699
1984-07-06,503.656,NA,NA,NA,307.738
1984-07-07,504.055,NA,NA,NA,307.76
1984-07-08,504.322,NA,NA,NA,307.778
1984-07-09,504.499,NA,NA,NA,307.79
1984-07-10,504.722,NA,NA,NA,307.808
1984-07-11,504.81,NA,NA,NA,307.808
1984-07-12,504.677,NA,NA,NA,307.808
1984-07-13,504.855,NA,NA,NA,307.808
1984-07-14,504.677,NA,NA,NA,307.79
1984-07-15,504.277,NA,NA,NA,307.763
1984-07-16,503.878,NA,NA,NA,307.744
1984-07-17,503.833,NA,NA,NA,307.726
1984-07-18,503.611,NA,NA,NA,307.714
1984-07-19,503.434,NA,NA,NA,307.69
1984-07-20,503.213,NA,NA,NA,307.674
1984-07-21,502.769,NA,NA,NA,307.635
1984-07-22,502.026,NA,NA,NA,307.592
1984-07-23,501.307,NA,NA,NA,307.543
1984-07-24,500.954,NA,NA,NA,307.519
1984-07-25,500.424,NA,NA,NA,307.479
1984-07-26,499.849,NA,NA,NA,307.44
1984-07-27,499.231,NA,NA,NA,307.397
1984-07-28,498.615,NA,NA,NA,307.354
1984-07-29,497.82,NA,NA,NA,307.296
1984-07-30,497.028,NA,NA,NA,307.241
1984-07-31,496.413,NA,NA,NA,307.199
1984-08-01,495.753,NA,NA,NA,307.153
1984-08-02,495.095,NA,NA,NA,307.107
1984-08-03,494.394,NA,NA,NA,307.059
1984-08-04,493.735,NA,NA,NA,307.004
1984-08-05,493.392,NA,NA,NA,306.967
1984-08-06,492.117,NA,NA,NA,306.897
1984-08-07,491.373,NA,NA,NA,306.845
1984-08-08,490.675,NA,NA,NA,306.787
1984-08-09,489.933,NA,NA,NA,306.735
1984-08-10,489.148,NA,NA,NA,306.681
1984-08-11,488.321,NA,NA,NA,306.629
1984-08-12,487.321,NA,NA,NA,306.562
1984-08-13,486.322,NA,NA,NA,306.492
1984-08-14,485.455,NA,NA,NA,306.425
1984-08-15,484.587,NA,NA,NA,306.364
1984-08-16,483.72,NA,NA,NA,306.306
1984-08-17,482.9,NA,NA,NA,306.245
1984-08-18,482.035,NA,NA,NA,306.181
1984-08-19,481.057,NA,NA,NA,306.111
1984-08-20,479.924,NA,NA,NA,306.031
1984-08-21,479.063,NA,NA,NA,305.97
1984-08-22,478.118,NA,NA,NA,305.931
1984-08-23,477.258,NA,NA,NA,305.842
1984-08-24,476.358,NA,NA,NA,305.775
1984-08-25,475.373,NA,NA,NA,305.705
1984-08-26,474.261,NA,NA,NA,305.62
1984-08-27,473.022,NA,NA,NA,305.532
1984-08-28,471.871,NA,NA,NA,305.44
1984-08-29,470.468,NA,NA,NA,305.343
1984-08-30,469.192,NA,NA,NA,305.254
1984-08-31,467.921,NA,NA,NA,305.172
1984-09-01,466.861,NA,NA,NA,305.108
1984-09-02,465.804,NA,NA,NA,305.029
1984-09-03,464.706,NA,NA,NA,304.949
1984-09-04,463.568,NA,NA,NA,304.837
1984-09-05,461.758,NA,NA,NA,304.8
1984-09-06,460.246,NA,NA,NA,304.608
1984-09-07,458.778,NA,NA,NA,304.8
1984-09-08,457.857,NA,NA,NA,304.434
1984-09-09,456.394,NA,NA,NA,304.312
1984-09-10,454.683,NA,NA,NA,304.19
1984-09-11,452.931,NA,NA,NA,304.044
1984-09-12,450.48,NA,NA,NA,303.849
1984-09-13,447.539,NA,NA,NA,303.627
1984-09-14,444.402,NA,NA,NA,303.398
1984-09-15,441.317,NA,NA,NA,303.169
1984-09-16,438.201,NA,NA,NA,302.941
1984-09-17,435.22,NA,NA,NA,302.706
1984-09-18,432.005,NA,NA,NA,302.471
1984-09-19,428.844,NA,NA,NA,302.243
1984-09-20,425.734,NA,NA,NA,302.005
1984-09-21,422.716,NA,NA,NA,301.767
1984-09-22,419.588,NA,NA,NA,301.502
1984-09-23,416.473,NA,NA,NA,301.295
1984-09-24,413.648,NA,NA,NA,301.081
1984-09-25,410.555,NA,NA,NA,300.828
1984-09-26,407.238,NA,NA,NA,300.563
1984-09-27,404.641,NA,NA,NA,300.374
1984-09-28,402.366,NA,NA,NA,300.179
1984-09-29,399.824,NA,NA,NA,299.972
1984-09-30,396.939,NA,NA,NA,299.771
1984-10-01,394.027,NA,NA,NA,299.503
1984-10-02,390.776,NA,NA,NA,299.243
1984-10-03,387.463,NA,NA,NA,298.978
1984-10-04,384.165,NA,NA,NA,298.722
1984-10-05,381.032,NA,NA,NA,298.463
1984-10-06,377.759,NA,NA,NA,298.238
1984-10-07,374.464,NA,NA,NA,297.966
1984-10-08,371.108,NA,NA,NA,297.668
1984-10-09,367.88,NA,NA,NA,297.412
1984-10-10,364.817,NA,NA,NA,297.159
1984-10-11,361.764,NA,NA,NA,296.936
1984-10-12,359.281,NA,NA,NA,296.784
1984-10-13,357.469,NA,NA,NA,296.72
1984-10-14,357.726,NA,NA,NA,296.708
1984-10-15,357.58,NA,NA,NA,296.677
1984-10-16,356.583,NA,NA,NA,296.528
1984-10-17,354.522,NA,NA,NA,296.342
1984-10-18,352.135,NA,NA,NA,296.131
1984-10-19,349.465,NA,NA,NA,295.97
1984-10-20,348.663,NA,NA,NA,296.046
1984-10-21,349.283,NA,NA,NA,296.01
1984-10-22,348.262,NA,NA,NA,295.839
1984-10-23,346.187,NA,NA,NA,295.656
1984-10-24,343.142,NA,NA,NA,295.373
1984-10-25,339.935,NA,NA,NA,295.098
1984-10-26,337.031,NA,NA,NA,295.144
1984-10-27,340.617,NA,NA,NA,295.391
1984-10-28,341.229,NA,NA,NA,295.357
1984-10-29,340.836,NA,NA,NA,295.147
1984-10-30,336.673,NA,NA,NA,294.72
1984-10-31,331.2,NA,NA,NA,294.223
1984-11-01,325.223,NA,NA,NA,293.675
1984-11-02,318.863,NA,NA,NA,294.111
1984-11-03,341.158,NA,NA,NA,296.89
1984-11-04,374.238,NA,NA,NA,298.344
1984-11-05,376.659,NA,NA,NA,297.866
1984-11-06,365.861,NA,NA,NA,296.836
1984-11-07,353.456,NA,NA,NA,295.939
1984-11-08,342.782,NA,NA,NA,294.873
1984-11-09,329.259,NA,NA,NA,293.736
1984-11-10,316.864,NA,NA,NA,293.394
1984-11-11,320.939,NA,NA,NA,293.772
1984-11-12,324.104,NA,NA,NA,293.909
1984-11-13,324.907,NA,NA,NA,293.897
1984-11-14,323.965,NA,NA,NA,293.678
1984-11-15,318.311,NA,NA,NA,292.852
1984-11-16,306.58,NA,NA,NA,291.703
1984-11-17,294.471,NA,NA,NA,290.669
1984-11-18,283.377,NA,NA,NA,289.865
1984-11-19,277.933,NA,NA,NA,289.417
1984-11-20,273.587,NA,NA,NA,289.011
1984-11-21,269.502,NA,NA,NA,288.579
1984-11-22,264.564,NA,NA,NA,288.048
1984-11-23,258.896,NA,NA,NA,287.466
1984-11-24,253.544,NA,NA,NA,286.96
1984-11-25,249.443,NA,NA,NA,286.738
1984-11-26,246.203,NA,NA,NA,286.375
1984-11-27,243.514,NA,NA,NA,286.268
1984-11-28,246.696,NA,NA,NA,286.933
1984-11-29,253.724,NA,NA,NA,287.405
1984-11-30,256.844,NA,NA,NA,287.853
1984-12-01,261.387,NA,NA,NA,288.018
1984-12-02,260.657,NA,NA,NA,287.771
1984-12-03,256.963,NA,NA,NA,287.326
1984-12-04,251.845,NA,NA,NA,286.747
1984-12-05,244.186,NA,NA,NA,286.073
1984-12-06,240.006,NA,NA,NA,285.323
1984-12-07,231.755,NA,NA,NA,284.592
1984-12-08,227.235,NA,NA,NA,284.369
1984-12-09,225.372,NA,NA,NA,284.247
1984-12-10,231.19,NA,NA,NA,284.689
1984-12-11,229.839,NA,NA,NA,284.546
1984-12-12,226.261,NA,NA,NA,284.348
1984-12-13,226.345,NA,NA,NA,284.302
1984-12-14,223.767,NA,NA,NA,283.897
1984-12-15,220.768,NA,NA,NA,283.833
1984-12-16,221.015,NA,NA,NA,283.769
1984-12-17,219.838,NA,NA,NA,283.619
1984-12-18,218.067,NA,NA,NA,283.363
1984-12-19,215.655,NA,NA,NA,283.04
1984-12-20,212.645,NA,NA,NA,282.739
1984-12-21,210.644,NA,NA,NA,282.519
1984-12-22,208.865,NA,NA,NA,282.373
1984-12-23,207.887,NA,NA,NA,282.361
1984-12-24,208.917,NA,NA,NA,282.495
1984-12-25,209.713,NA,NA,NA,282.495
1984-12-26,209.262,NA,NA,NA,282.428
1984-12-27,208.23,NA,NA,NA,282.245
1984-12-28,206.123,NA,NA,NA,282.098
1984-12-29,203.793,NA,NA,NA,281.696
1984-12-30,201.403,NA,NA,NA,281.565
1984-12-31,200.963,NA,NA,NA,281.513
1985-01-01,200.782,NA,NA,NA,281.431
1985-01-02,199.106,NA,NA,NA,281.166
1985-01-03,196.801,NA,NA,NA,280.959
1985-01-04,196.469,NA,NA,NA,280.919
1985-01-05,196.123,NA,NA,NA,280.928
1985-01-06,196.366,NA,NA,NA,280.974
1985-01-07,196.495,NA,NA,NA,280.974
1985-01-08,196.596,NA,NA,NA,280.974
1985-01-09,196.646,NA,NA,NA,280.949
1985-01-10,196.163,NA,NA,NA,280.873
1985-01-11,195.45,NA,NA,NA,280.788
1985-01-12,194.942,NA,NA,NA,280.73
1985-01-13,194.839,NA,NA,NA,280.721
1985-01-14,194.637,NA,NA,NA,280.712
1985-01-15,194.789,NA,NA,NA,280.763
1985-01-16,195.5,NA,NA,NA,280.846
1985-01-17,196.187,NA,NA,NA,280.974
1985-01-18,197.797,NA,NA,NA,281.208
1985-01-19,199.852,NA,NA,NA,281.422
1985-01-20,200.86,NA,NA,NA,281.532
1985-01-21,202.024,NA,NA,NA,281.599
1985-01-22,202.335,NA,NA,NA,281.635
1985-01-23,202.83,NA,NA,NA,281.714
1985-01-24,203.09,NA,NA,NA,281.736
1985-01-25,203.168,NA,NA,NA,281.757
1985-01-26,203.662,NA,NA,NA,281.791
1985-01-27,203.871,NA,NA,NA,281.809
1985-01-28,203.871,NA,NA,NA,281.809
1985-01-29,203.767,NA,NA,NA,281.809
1985-01-30,204.185,NA,NA,NA,281.852
1985-01-31,204.55,NA,NA,NA,281.897
1985-02-01,204.891,NA,NA,NA,281.949
1985-02-02,205.414,NA,NA,NA,281.992
1985-02-03,205.677,NA,NA,NA,282.016
1985-02-04,205.86,NA,NA,NA,282.025
1985-02-05,205.86,NA,NA,NA,282.034
1985-02-06,206.044,NA,NA,NA,282.047
1985-02-07,206.149,NA,NA,NA,282.141
1985-02-08,207.517,NA,NA,NA,282.281
1985-02-09,208.494,NA,NA,NA,282.367
1985-02-10,208.997,NA,NA,NA,282.431
1985-02-11,209.692,NA,NA,NA,282.519
1985-02-12,212.833,NA,NA,NA,283.281
1985-02-13,219.62,NA,NA,NA,283.802
1985-02-14,222.995,NA,NA,NA,284.156
1985-02-15,226.567,NA,NA,NA,284.738
1985-02-16,232.885,NA,NA,NA,285.311
1985-02-17,237.33,NA,NA,NA,285.713
1985-02-18,240.583,NA,NA,NA,286.003
1985-02-19,243.135,NA,NA,NA,286.256
1985-02-20,246.696,NA,NA,NA,286.521
1985-02-21,248.026,NA,NA,NA,286.756
1985-02-22,250.213,NA,NA,NA,287.018
1985-02-23,253.187,NA,NA,NA,287.368
1985-02-24,256.633,NA,NA,NA,287.725
1985-02-25,260.414,NA,NA,NA,288.121
1985-02-26,264.38,NA,NA,NA,288.469
1985-02-27,267.552,NA,NA,NA,288.752
1985-02-28,269.967,NA,NA,NA,288.981
1985-03-01,272.523,NA,NA,NA,289.243
1985-03-02,275.409,NA,NA,NA,289.56
1985-03-03,277.743,NA,NA,NA,289.764
1985-03-04,279.804,NA,NA,NA,289.92
1985-03-05,281.97,NA,NA,NA,290.099
1985-03-06,283.7,NA,NA,NA,290.255
1985-03-07,285.176,NA,NA,NA,290.389
1985-03-08,286.465,NA,NA,NA,290.499
1985-03-09,287.627,NA,NA,NA,290.602
1985-03-10,288.634,NA,NA,NA,290.709
1985-03-11,289.767,NA,NA,NA,290.822
1985-03-12,291.069,NA,NA,NA,290.953
1985-03-13,292.505,NA,NA,NA,291.078
1985-03-14,293.88,NA,NA,NA,291.239
1985-03-15,295.161,NA,NA,NA,291.328
1985-03-16,296.643,NA,NA,NA,291.511
1985-03-17,298.892,NA,NA,NA,291.745
1985-03-18,301.652,NA,NA,NA,291.989
1985-03-19,304.328,NA,NA,NA,292.236
1985-03-20,307.053,NA,NA,NA,292.501
1985-03-21,310.234,NA,NA,NA,292.821
1985-03-22,313.845,NA,NA,NA,293.117
1985-03-23,317.139,NA,NA,NA,293.553
1985-03-24,324.733,NA,NA,NA,294.376
1985-03-25,332.475,NA,NA,NA,294.833
1985-03-26,337.603,NA,NA,NA,295.238
1985-03-27,342.167,NA,NA,NA,295.613
1985-03-28,346.297,NA,NA,NA,295.93
1985-03-29,349.831,NA,NA,NA,296.217
1985-03-30,353.345,NA,NA,NA,296.549
1985-03-31,358.761,NA,NA,NA,297.256
1985-04-01,370.044,NA,NA,NA,298.207
1985-04-02,382.177,NA,NA,NA,299.213
1985-04-03,394.065,NA,NA,NA,300.024
1985-04-04,403.268,NA,NA,NA,300.658
1985-04-05,410.082,NA,NA,NA,301.1
1985-04-06,415.239,NA,NA,NA,301.514
1985-04-07,421.03,NA,NA,NA,301.996
1985-04-08,427.591,NA,NA,NA,302.432
1985-04-09,431.72,NA,NA,NA,302.666
1985-04-10,433.875,NA,NA,NA,302.855
1985-04-11,436.652,NA,NA,NA,303.023
1985-04-12,438.528,NA,NA,NA,303.136
1985-04-13,439.675,NA,NA,NA,303.218
1985-04-14,433.135,NA,NA,NA,303.3
1985-04-15,441.686,NA,NA,NA,303.377
1985-04-16,443.659,NA,NA,NA,303.526
1985-04-17,444.937,NA,NA,NA,303.605
1985-04-18,447.333,NA,NA,NA,303.809
1985-04-19,449.692,NA,NA,NA,303.98
1985-04-20,452.058,NA,NA,NA,304.117
1985-04-21,453.681,NA,NA,NA,304.236
1985-04-22,455.433,NA,NA,NA,304.367
1985-04-23,457.857,NA,NA,NA,304.8
1985-04-24,464.959,NA,NA,NA,305.111
1985-04-25,85.948,NA,NA,NA,305.221
1985-04-26,468.005,NA,NA,NA,305.288
1985-04-27,469.702,NA,NA,NA,305.41
1985-04-28,471.707,NA,NA,NA,305.571
1985-04-29,474.647,NA,NA,NA,305.785
1985-04-30,477.088,NA,NA,NA,305.946
1985-05-01,479.106,NA,NA,NA,306.098
1985-05-02,481.517,NA,NA,NA,306.287
1985-05-03,484.37,NA,NA,NA,306.504
1985-05-04,487.669,NA,NA,NA,306.681
1985-05-05,489.104,NA,NA,NA,306.778
1985-05-06,489.803,NA,NA,NA,306.757
1985-05-07,489.54,NA,NA,NA,306.757
1985-05-08,489.278,NA,NA,NA,306.778
1985-05-09,490.499,NA,NA,NA,306.87
1985-05-10,493.392,NA,NA,NA,306.998
1985-05-11,494.394,NA,NA,NA,307.174
1985-05-12,496.896,NA,NA,NA,307.336
1985-05-13,499.144,NA,NA,NA,307.482
1985-05-14,501.263,NA,NA,NA,307.641
1985-05-15,503.656,NA,NA,NA,307.805
1985-05-16,506.012,NA,NA,NA,307.888
1985-05-17,505.834,NA,NA,NA,307.9
1985-05-18,506.145,NA,NA,NA,307.9
1985-05-19,505.727,NA,NA,NA,307.888
1985-05-20,505.166,NA,NA,NA,307.802
1985-05-21,504.189,NA,NA,NA,307.729
1985-05-22,502.902,NA,NA,NA,307.662
1985-05-23,502.371,NA,NA,NA,307.647
1985-05-24,503.169,NA,NA,NA,307.699
1985-05-25,503.434,NA,NA,NA,307.714
1985-05-26,503.26,NA,NA,NA,307.69
1985-05-27,502.813,NA,NA,NA,307.656
1985-05-28,502.548,NA,NA,NA,307.635
1985-05-29,502.414,NA,NA,NA,307.653
1985-05-30,502.813,NA,NA,NA,307.674
1985-05-31,502.902,NA,NA,NA,307.69
1985-06-01,503.169,NA,NA,NA,307.693
1985-06-02,502.902,NA,NA,NA,307.668
1985-06-03,502.459,NA,NA,NA,307.641
1985-06-04,502.414,NA,NA,NA,307.641
1985-06-05,502.459,NA,NA,NA,307.647
1985-06-06,502.548,NA,NA,NA,307.781
1985-06-07,507.571,NA,NA,NA,308.107
1985-06-08,511.771,NA,NA,NA,308.32
1985-06-09,512.22,NA,NA,NA,308.202
1985-06-10,508.998,NA,NA,NA,307.93
1985-06-11,504.455,NA,NA,NA,307.741
1985-06-12,503.345,NA,NA,NA,307.69
1985-06-13,502.636,NA,NA,NA,307.644
1985-06-14,502.636,NA,NA,NA,307.641
1985-06-15,502.414,NA,NA,NA,307.647
1985-06-16,502.459,NA,NA,NA,307.665
1985-06-17,502.459,NA,NA,NA,307.635
1985-06-18,502.193,NA,NA,NA,307.659
1985-06-19,502.858,NA,NA,NA,307.699
1985-06-20,503.478,NA,NA,NA,307.741
1985-06-21,504.189,NA,NA,NA,307.778
1985-06-22,504.544,NA,NA,NA,307.781
1985-06-23,504.544,NA,NA,NA,307.775
1985-06-24,504.633,NA,NA,NA,307.799
1985-06-25,504.633,NA,NA,NA,307.784
1985-06-26,504.633,NA,NA,NA,307.805
1985-06-27,504.766,NA,NA,NA,307.811
1985-06-28,504.899,NA,NA,NA,307.818
1985-06-29,504.81,NA,NA,NA,307.784
1985-06-30,504.277,NA,NA,NA,307.75
1985-07-01,503.922,NA,NA,NA,307.747
1985-07-02,503.7,NA,NA,NA,307.729
1985-07-03,503.389,NA,NA,NA,307.693
1985-07-04,503.169,NA,NA,NA,307.696
1985-07-05,502.813,NA,NA,NA,307.668
1985-07-06,502.414,NA,NA,NA,307.638
1985-07-07,502.026,NA,NA,NA,307.61
1985-07-08,501.485,NA,NA,NA,307.568
1985-07-09,500.866,NA,NA,NA,307.525
1985-07-10,500.203,NA,NA,NA,307.479
1985-07-11,499.374,NA,NA,NA,307.433
1985-07-12,498.879,NA,NA,NA,307.385
1985-07-13,498.13,NA,NA,NA,307.309
1985-07-14,497.292,NA,NA,NA,307.26
1985-07-15,496.589,NA,NA,NA,307.232
1985-07-16,495.929,NA,NA,NA,307.177
1985-07-17,495.139,NA,NA,NA,307.126
1985-07-18,494.394,NA,NA,NA,307.074
1985-07-19,493.647,NA,NA,NA,307.016
1985-07-20,493.392,NA,NA,NA,306.949
1985-07-21,491.547,NA,NA,NA,306.867
1985-07-22,490.281,NA,NA,NA,306.781
1985-07-23,489.06,NA,NA,NA,306.696
1985-07-24,487.929,NA,NA,NA,306.614
1985-07-25,486.67,NA,NA,NA,306.528
1985-07-26,485.455,NA,NA,NA,306.443
1985-07-27,484.241,NA,NA,NA,306.351
1985-07-28,483.031,NA,NA,NA,306.266
1985-07-29,481.819,NA,NA,NA,306.172
1985-07-30,480.482,NA,NA,NA,306.068
1985-07-31,479.45,NA,NA,NA,306.001
1985-08-01,478.504,NA,NA,NA,305.937
1985-08-02,477.687,NA,NA,NA,305.879
1985-08-03,477.002,NA,NA,NA,305.83
1985-08-04,476.273,NA,NA,NA,305.791
1985-08-05,475.502,NA,NA,NA,305.717
1985-08-06,474.604,NA,NA,NA,305.672
1985-08-07,473.492,NA,NA,NA,305.592
1985-08-08,472.299,NA,NA,NA,305.471
1985-08-09,471.149,NA,NA,NA,305.382
1985-08-10,469.872,NA,NA,NA,305.303
1985-08-11,468.722,NA,NA,NA,305.218
1985-08-12,467.327,NA,NA,NA,305.114
1985-08-13,466.058,NA,NA,NA,305.023
1985-08-14,464.748,NA,NA,NA,304.931
1985-08-15,463.441,NA,NA,NA,304.821
1985-08-16,462.472,NA,NA,NA,304.806
1985-08-17,461.128,NA,NA,NA,304.8
1985-08-18,459.743,NA,NA,NA,304.8
1985-08-19,458.444,NA,NA,NA,304.471
1985-08-20,457.145,NA,NA,NA,304.389
1985-08-21,455.809,NA,NA,NA,304.288
1985-08-22,454.431,NA,NA,NA,304.206
1985-08-23,453.057,NA,NA,NA,304.075
1985-08-24,451.726,NA,NA,NA,303.992
1985-08-25,450.439,NA,NA,NA,303.892
1985-08-26,449.029,NA,NA,NA,303.788
1985-08-27,447.662,NA,NA,NA,303.687
1985-08-28,446.464,NA,NA,NA,303.602
1985-08-29,445.226,NA,NA,NA,303.514
1985-08-30,444.053,NA,NA,NA,303.422
1985-08-31,442.796,NA,NA,NA,303.337
1985-09-01,441.603,NA,NA,NA,303.249
1985-09-02,440.454,NA,NA,NA,303.166
1985-09-03,439.389,NA,NA,NA,303.081
1985-09-04,438.201,NA,NA,NA,302.993
1985-09-05,436.975,NA,NA,NA,302.904
1985-09-06,435.791,NA,NA,NA,302.843
1985-09-07,435.261,NA,NA,NA,302.782
1985-09-08,434.16,NA,NA,NA,302.691
1985-09-09,433.672,NA,NA,NA,302.605
1985-09-10,432.046,NA,NA,NA,302.538
1985-09-11,431.031,NA,NA,NA,302.438
1985-09-12,429.531,NA,NA,NA,302.325
1985-09-13,428.156,NA,NA,NA,302.212
1985-09-14,426.784,NA,NA,NA,302.118
1985-09-15,424.727,NA,NA,NA,301.971
1985-09-16,422.837,NA,NA,NA,301.828
1985-09-17,421.03,NA,NA,NA,301.7
1985-09-18,419.508,NA,NA,NA,301.569
1985-09-19,417.591,NA,NA,NA,301.395
1985-09-20,414.92,NA,NA,NA,301.179
1985-09-21,412.14,NA,NA,NA,300.96
1985-09-22,409.172,NA,NA,NA,300.752
1985-09-23,406.411,NA,NA,NA,300.527
1985-09-24,403.385,NA,NA,NA,300.295
1985-09-25,400.722,NA,NA,NA,300.085
1985-09-26,397.991,NA,NA,NA,299.871
1985-09-27,395.462,NA,NA,NA,299.67
1985-09-28,392.865,NA,NA,NA,299.466
1985-09-29,390.16,NA,NA,NA,299.243
1985-09-30,387.348,NA,NA,NA,299.03
1985-10-01,384.701,NA,NA,NA,298.817
1985-10-02,382.061,NA,NA,NA,298.6
1985-10-03,379.279,NA,NA,NA,298.387
1985-10-04,376.659,NA,NA,NA,298.171
1985-10-05,373.974,NA,NA,NA,297.966
1985-10-06,371.372,NA,NA,NA,297.759
1985-10-07,368.592,NA,NA,NA,297.527
1985-10-08,365.974,NA,NA,NA,297.305
1985-10-09,363.251,NA,NA,NA,297.079
1985-10-10,360.502,NA,NA,NA,296.851
1985-10-11,357.837,NA,NA,NA,296.595
1985-10-12,354.558,NA,NA,NA,296.366
1985-10-13,351.402,NA,NA,NA,296.092
1985-10-14,347.898,NA,NA,NA,295.787
1985-10-15,344.3,NA,NA,NA,295.488
1985-10-16,341.05,NA,NA,NA,295.208
1985-10-17,337.781,NA,NA,NA,294.915
1985-10-18,334.499,NA,NA,NA,294.638
1985-10-19,331.2,NA,NA,NA,294.4
1985-10-20,328.731,NA,NA,NA,294.208
1985-10-21,326.447,NA,NA,NA,293.986
1985-10-22,324.07,NA,NA,NA,293.949
1985-10-23,327.746,NA,NA,NA,294.809
1985-10-24,342.059,NA,NA,NA,295.735
1985-10-25,346.551,NA,NA,NA,296.186
1985-10-26,353.124,NA,NA,NA,296.266
1985-10-27,350.671,NA,NA,NA,295.909
1985-10-28,345.716,NA,NA,NA,295.555
1985-10-29,341.59,NA,NA,NA,295.126
1985-10-30,336.673,NA,NA,NA,294.601
1985-10-31,329.4,NA,NA,NA,293.562
1985-11-01,323.094,NA,NA,NA,293.669
1985-11-02,319.348,NA,NA,NA,293.388
1985-11-03,317.139,NA,NA,NA,293.227
1985-11-04,315.696,NA,NA,NA,293.01
1985-11-05,313.128,NA,NA,NA,292.846
1985-11-06,311.287,NA,NA,NA,292.724
1985-11-07,311.151,NA,NA,NA,293.099
1985-11-08,320.315,NA,NA,NA,293.913
1985-11-09,326.517,NA,NA,NA,294.117
1985-11-10,326.517,NA,NA,NA,293.94
1985-11-11,322.989,NA,NA,NA,293.559
1985-11-12,321.46,NA,NA,NA,293.059
1985-11-13,311.934,NA,NA,NA,292.492
1985-11-14,305.301,NA,NA,NA,291.867
1985-11-15,298.296,NA,NA,NA,291.374
1985-11-16,297.337,NA,NA,NA,291.953
1985-11-17,305.839,NA,NA,NA,292.361
1985-11-18,307.187,NA,NA,NA,292.245
1985-11-19,303.825,NA,NA,NA,291.52
1985-11-20,298.595,NA,NA,NA,291.288
1985-11-21,292.243,NA,NA,NA,290.651
1985-11-22,285.11,NA,NA,NA,289.959
1985-11-23,277.533,NA,NA,NA,289.194
1985-11-24,269.471,NA,NA,NA,288.387
1985-11-25,261.143,NA,NA,NA,287.625
1985-11-26,254.741,NA,NA,NA,287.213
1985-11-27,251.25,NA,NA,NA,286.835
1985-11-28,247.466,NA,NA,NA,286.43
1985-11-29,243.427,NA,NA,NA,286.018
1985-11-30,239.486,NA,NA,NA,285.588
1985-12-01,235.329,NA,NA,NA,285.174
1985-12-02,231.472,NA,NA,NA,284.799
1985-12-03,229.924,NA,NA,NA,285.031
1985-12-04,234.731,NA,NA,NA,285.332
1985-12-05,235.558,NA,NA,NA,285.43
1985-12-06,236.357,NA,NA,NA,285.683
1985-12-07,239.919,NA,NA,NA,286.046
1985-12-08,244.127,NA,NA,NA,286.262
1985-12-09,243.514,NA,NA,NA,286.003
1985-12-10,239.775,NA,NA,NA,285.878
1985-12-11,239.573,NA,NA,NA,285.771
1985-12-12,238.392,NA,NA,NA,285.616
1985-12-13,236.615,NA,NA,NA,285.436
1985-12-14,234.361,NA,NA,NA,285.128
1985-12-15,231.755,NA,NA,NA,284.833
1985-12-16,228.829,NA,NA,NA,284.494
1985-12-17,225.9,NA,NA,NA,284.232
1985-12-18,224.54,NA,NA,NA,284.104
1985-12-19,223.491,NA,NA,NA,284.049
1985-12-20,222.663,NA,NA,NA,283.982
1985-12-21,222.195,NA,NA,NA,283.86
1985-12-22,220.824,NA,NA,NA,283.683
1985-12-23,219.101,NA,NA,NA,283.519
1985-12-24,217.794,NA,NA,NA,283.357
1985-12-25,216.116,NA,NA,NA,283.168
1985-12-26,214.121,NA,NA,NA,282.952
1985-12-27,212.324,NA,NA,NA,282.672
1985-12-28,209.692,NA,NA,NA,282.367
1985-12-29,206.779,NA,NA,NA,282.025
1985-12-30,203.714,NA,NA,NA,281.675
1985-12-31,201.325,NA,NA,NA,281.461
1986-01-01,200.317,NA,NA,NA,281.66
1986-01-02,205.178,NA,NA,NA,282.175
1986-01-03,208.362,NA,NA,NA,282.507
1986-01-04,210.511,NA,NA,NA,282.647
1986-01-05,210.67,NA,NA,NA,282.678
1986-01-06,211.896,NA,NA,NA,282.915
1986-01-07,213.905,NA,NA,NA,283.037
1986-01-08,214.523,NA,NA,NA,283.074
1986-01-09,215.089,NA,NA,NA,283.168
1986-01-10,215.791,NA,NA,NA,283.171
1986-01-11,213.932,NA,NA,NA,282.921
1986-01-12,210.909,NA,NA,NA,282.507
1986-01-13,207.174,NA,NA,NA,282.016
1986-01-14,202.804,NA,NA,NA,281.507
1986-01-15,199.544,NA,NA,NA,281.282
1986-01-16,199.055,NA,NA,NA,281.413
1986-01-17,203.064,NA,NA,NA,282.041
1986-01-18,205.86,NA,NA,NA,281.983
1986-01-19,204.55,NA,NA,NA,281.833
1986-01-20,203.636,NA,NA,NA,281.653
1986-01-21,201.195,NA,NA,NA,281.254
1986-01-22,197.357,NA,NA,NA,281.126
1986-01-23,199.826,NA,NA,NA,281.934
1986-01-24,208.627,NA,NA,NA,282.745
1986-01-25,213.583,NA,NA,NA,283.141
1986-01-26,216.143,NA,NA,NA,283.373
1986-01-27,216.602,NA,NA,NA,283.184
1986-01-28,215.144,NA,NA,NA,283.129
1986-01-29,215.062,NA,NA,NA,283.092
1986-01-30,214.443,NA,NA,NA,283.123
1986-01-31,216.034,NA,NA,NA,283.205
1986-02-01,215.224,NA,NA,NA,283.098
1986-02-02,214.094,NA,NA,NA,282.934
1986-02-03,212.564,NA,NA,NA,282.976
1986-02-04,215.71,NA,NA,NA,283.394
1986-02-05,220.112,NA,NA,NA,283.939
1986-02-06,224.984,NA,NA,NA,284.403
1986-02-07,228.577,NA,NA,NA,284.75
1986-02-08,231.416,NA,NA,NA,285.031
1986-02-09,233.821,NA,NA,NA,285.271
1986-02-10,235.843,NA,NA,NA,285.467
1986-02-11,237.56,NA,NA,NA,285.659
1986-02-12,239.4,NA,NA,NA,285.872
1986-02-13,241.596,NA,NA,NA,286.171
1986-02-14,245.148,NA,NA,NA,286.591
1986-02-15,249.857,NA,NA,NA,287.262
1986-02-16,259.031,NA,NA,NA,289.033
1986-02-17,287.303,NA,NA,NA,292.041
1986-02-18,317.552,NA,NA,NA,294.257
1986-02-19,335.211,NA,NA,NA,295.004
1986-02-20,338.176,NA,NA,NA,295.086
1986-02-21,337.997,NA,NA,NA,295.071
1986-02-22,340.006,NA,NA,NA,297.329
1986-02-23,389.85,NA,NA,NA,302.416
1986-02-24,467.285,NA,NA,NA,306.056
1986-02-25,489.322,NA,NA,NA,307.177
1986-02-26,493.822,NA,NA,NA,306.726
1986-02-27,484.501,NA,NA,NA,305.885
1986-02-28,469.448,NA,NA,NA,304.8
1986-03-01,450.149,NA,NA,NA,303.111
1986-03-02,429.167,NA,NA,NA,301.472
1986-03-03,406.923,NA,NA,NA,299.716
1986-03-04,383.935,NA,NA,NA,298.116
1986-03-05,367.731,NA,NA,NA,297.305
1986-03-06,362.692,NA,NA,NA,297.092
1986-03-07,361.69,NA,NA,NA,297.067
1986-03-08,361.021,NA,NA,NA,296.869
1986-03-09,358.356,NA,NA,NA,296.769
1986-03-10,359.022,NA,NA,NA,296.954
1986-03-11,362.21,NA,NA,NA,297.293
1986-03-12,367.132,NA,NA,NA,297.671
1986-03-13,371.71,NA,NA,NA,297.954
1986-03-14,373.633,NA,NA,NA,298.137
1986-03-15,375.598,NA,NA,NA,298.268
1986-03-16,376.849,NA,NA,NA,298.338
1986-03-17,377.38,NA,NA,NA,298.375
1986-03-18,377.988,NA,NA,NA,298.475
1986-03-19,380.345,NA,NA,NA,298.637
1986-03-20,382.215,NA,NA,NA,298.78
1986-03-21,383.859,NA,NA,NA,298.923
1986-03-22,385.775,NA,NA,NA,299.073
1986-03-23,387.348,NA,NA,NA,299.222
1986-03-24,390.276,NA,NA,NA,299.634
1986-03-25,396.706,NA,NA,NA,300.036
1986-03-26,400.761,NA,NA,NA,300.319
1986-03-27,404.131,NA,NA,NA,300.551
1986-03-28,406.805,NA,NA,NA,300.74
1986-03-29,409.053,NA,NA,NA,300.899
1986-03-30,410.951,NA,NA,NA,301.06
1986-03-31,412.656,NA,NA,NA,301.152
1986-04-01,414.006,NA,NA,NA,301.249
1986-04-02,415.398,NA,NA,NA,301.344
1986-04-03,416.354,NA,NA,NA,301.417
1986-04-04,417.19,NA,NA,NA,301.478
1986-04-05,417.95,NA,NA,NA,301.523
1986-04-06,418.468,NA,NA,NA,301.563
1986-04-07,493.392,NA,NA,NA,301.6
1986-04-08,419.468,NA,NA,NA,301.621
1986-04-09,419.948,NA,NA,NA,301.658
1986-04-10,420.269,NA,NA,NA,301.682
1986-04-11,420.67,NA,NA,NA,301.706
1986-04-12,421.11,NA,NA,NA,301.758
1986-04-13,421.874,NA,NA,NA,301.816
1986-04-14,422.515,NA,NA,NA,301.859
1986-04-15,422.917,NA,NA,NA,301.904
1986-04-16,423.761,NA,NA,NA,301.978
1986-04-17,425.05,NA,NA,NA,302.124
1986-04-18,427.307,NA,NA,NA,302.276
1986-04-19,429.087,NA,NA,NA,302.395
1986-04-20,430.544,NA,NA,NA,302.508
1986-04-21,431.965,NA,NA,NA,302.627
1986-04-22,433.713,NA,NA,NA,302.761
1986-04-23,435.423,NA,NA,NA,302.88
1986-04-24,436.934,NA,NA,NA,302.98
1986-04-25,438.284,NA,NA,NA,303.099
1986-04-26,440.085,NA,NA,NA,303.249
1986-04-27,442.426,NA,NA,NA,303.575
1986-04-28,449.527,NA,NA,NA,304.16
1986-04-29,456.728,NA,NA,NA,304.608
1986-04-30,462.095,NA,NA,NA,304.952
1986-05-01,466.395,NA,NA,NA,305.236
1986-05-02,470.254,NA,NA,NA,305.538
1986-05-03,474.903,NA,NA,NA,305.864
1986-05-04,479.191,NA,NA,NA,306.129
1986-05-05,482.597,NA,NA,NA,306.422
1986-05-06,487.581,NA,NA,NA,306.748
1986-05-07,491.634,NA,NA,NA,306.995
1986-05-08,494.744,NA,NA,NA,307.193
1986-05-09,497.425,NA,NA,NA,307.348
1986-05-10,499.408,NA,NA,NA,307.507
1986-05-11,501.574,NA,NA,NA,307.665
1986-05-12,503.833,NA,NA,NA,307.799
1986-05-13,506.056,NA,NA,NA,307.936
1986-05-14,506.902,NA,NA,NA,307.973
1986-05-15,506.812,NA,NA,NA,307.912
1986-05-16,505.121,NA,NA,NA,307.814
1986-05-17,504.633,NA,NA,NA,307.811
1986-05-18,504.81,NA,NA,NA,307.848
1986-05-19,504.81,NA,NA,NA,307.848
1986-05-20,504.722,NA,NA,NA,307.79
1986-05-21,504.544,NA,NA,NA,307.787
1986-05-22,504.899,NA,NA,NA,307.814
1986-05-23,505.256,NA,NA,NA,307.848
1986-05-24,505.389,NA,NA,NA,307.848
1986-05-25,505.389,NA,NA,NA,307.848
1986-05-26,505.077,NA,NA,NA,307.805
1986-05-27,504.677,NA,NA,NA,307.775
1986-05-28,504.233,NA,NA,NA,307.754
1986-05-29,504.322,NA,NA,NA,307.766
1986-05-30,504.722,NA,NA,NA,307.787
1986-05-31,504.988,NA,NA,NA,307.805
1986-06-01,505.121,NA,NA,NA,307.848
1986-06-02,505.256,NA,NA,NA,307.818
1986-06-03,505.256,NA,NA,NA,307.848
1986-06-04,505.256,NA,NA,NA,307.805
1986-06-05,505.344,NA,NA,NA,307.848
1986-06-06,505.433,NA,NA,NA,307.848
1986-06-07,505.521,NA,NA,NA,307.857
1986-06-08,505.727,NA,NA,NA,307.86
1986-06-09,505.727,NA,NA,NA,307.854
1986-06-10,505.521,NA,NA,NA,307.848
1986-06-11,505.344,NA,NA,NA,307.848
1986-06-12,505.256,NA,NA,NA,307.848
1986-06-13,505.256,NA,NA,NA,307.848
1986-06-14,505.077,NA,NA,NA,307.814
1986-06-15,504.988,NA,NA,NA,307.808
1986-06-16,504.855,NA,NA,NA,307.796
1986-06-17,504.722,NA,NA,NA,307.79
1986-06-18,504.766,NA,NA,NA,307.802
1986-06-19,504.944,NA,NA,NA,307.811
1986-06-20,504.944,NA,NA,NA,307.848
1986-06-21,504.988,NA,NA,NA,307.805
1986-06-22,504.766,NA,NA,NA,307.811
1986-06-23,504.722,NA,NA,NA,307.778
1986-06-24,504.366,NA,NA,NA,307.754
1986-06-25,503.967,NA,NA,NA,307.708
1986-06-26,503.124,NA,NA,NA,307.644
1986-06-27,502.15,NA,NA,NA,307.574
1986-06-28,501.086,NA,NA,NA,307.51
1986-06-29,500.114,NA,NA,NA,307.44
1986-06-30,499.055,NA,NA,NA,307.369
1986-07-01,498.217,NA,NA,NA,307.309
1986-07-02,497.249,NA,NA,NA,307.244
1986-07-03,496.37,NA,NA,NA,307.187
1986-07-04,495.315,NA,NA,NA,307.147
1986-07-05,494.699,NA,NA,NA,307.095
1986-07-06,493.911,NA,NA,NA,307.031
1986-07-07,493.392,NA,NA,NA,306.934
1986-07-08,491.897,NA,NA,NA,306.876
1986-07-09,490.805,NA,NA,NA,306.803
1986-07-10,489.846,NA,NA,NA,306.748
1986-07-11,489.191,NA,NA,NA,306.693
1986-07-12,488.321,NA,NA,NA,306.635
1986-07-13,487.452,NA,NA,NA,306.571
1986-07-14,486.539,NA,NA,NA,306.501
1986-07-15,485.541,NA,NA,NA,306.428
1986-07-16,484.413,NA,NA,NA,306.351
1986-07-17,483.375,NA,NA,NA,306.275
1986-07-18,482.209,NA,NA,NA,306.187
1986-07-19,481.13,NA,NA,NA,306.141
1986-07-20,480.095,NA,NA,NA,306.065
1986-07-21,478.976,NA,NA,NA,305.97
1986-07-22,477.86,NA,NA,NA,305.891
1986-07-23,476.787,NA,NA,NA,305.812
1986-07-24,475.588,NA,NA,NA,305.717
1986-07-25,474.389,NA,NA,NA,305.626
1986-07-26,473.065,NA,NA,NA,305.538
1986-07-27,405.307,NA,NA,NA,305.455
1986-07-28,470.553,NA,NA,NA,305.352
1986-07-29,469.236,NA,NA,NA,305.26
1986-07-30,467.921,NA,NA,NA,305.169
1986-07-31,466.65,NA,NA,NA,305.077
1986-08-01,465.424,NA,NA,NA,304.986
1986-08-02,464.2,NA,NA,NA,304.898
1986-08-03,462.936,NA,NA,NA,304.806
1986-08-04,461.673,NA,NA,NA,304.8
1986-08-05,460.33,NA,NA,NA,304.8
1986-08-06,459.196,NA,NA,NA,302.099
1986-08-07,458.065,NA,NA,NA,304.453
1986-08-08,456.896,NA,NA,NA,304.376
1986-08-09,455.809,NA,NA,NA,304.288
1986-08-10,454.599,NA,NA,NA,304.206
1986-08-11,453.432,NA,NA,NA,304.114
1986-08-12,452.225,NA,NA,NA,304.029
1986-08-13,451.061,NA,NA,NA,303.94
1986-08-14,449.858,NA,NA,NA,303.855
1986-08-15,448.697,NA,NA,NA,303.767
1986-08-16,447.498,NA,NA,NA,303.678
1986-08-17,446.257,NA,NA,NA,303.584
1986-08-18,444.978,NA,NA,NA,303.489
1986-08-19,443.7,NA,NA,NA,303.392
1986-08-20,442.467,NA,NA,NA,303.306
1986-08-21,441.275,NA,NA,NA,303.215
1986-08-22,440.044,NA,NA,NA,303.124
1986-08-23,438.814,NA,NA,NA,303.035
1986-08-24,437.587,NA,NA,NA,302.941
1986-08-25,436.362,NA,NA,NA,302.849
1986-08-26,435.098,NA,NA,NA,302.752
1986-08-27,433.835,NA,NA,NA,302.663
1986-08-28,432.615,NA,NA,NA,302.566
1986-08-29,431.396,NA,NA,NA,302.474
1986-08-30,430.139,NA,NA,NA,302.383
1986-08-31,428.965,NA,NA,NA,302.291
1986-09-01,427.712,NA,NA,NA,302.2
1986-09-02,426.5,NA,NA,NA,302.093
1986-09-03,424.566,NA,NA,NA,301.941
1986-09-04,422.556,NA,NA,NA,301.792
1986-09-05,420.59,NA,NA,NA,301.645
1986-09-06,418.628,NA,NA,NA,301.49
1986-09-07,416.593,NA,NA,NA,301.334
1986-09-08,414.563,NA,NA,NA,301.179
1986-09-09,412.497,NA,NA,NA,301.03
1986-09-10,410.793,NA,NA,NA,300.899
1986-09-11,408.974,NA,NA,NA,300.752
1986-09-12,407.159,NA,NA,NA,300.615
1986-09-13,405.349,NA,NA,NA,300.472
1986-09-14,403.542,NA,NA,NA,300.329
1986-09-15,401.7,NA,NA,NA,300.198
1986-09-16,400.215,NA,NA,NA,300.073
1986-09-17,398.497,NA,NA,NA,299.954
1986-09-18,397.289,NA,NA,NA,299.868
1986-09-19,396.084,NA,NA,NA,299.759
1986-09-20,394.714,NA,NA,NA,299.664
1986-09-21,393.6,NA,NA,NA,299.567
1986-09-22,392.168,NA,NA,NA,299.445
1986-09-23,390.584,NA,NA,NA,299.314
1986-09-24,389.889,NA,NA,NA,299.375
1986-09-25,391.434,NA,NA,NA,299.539
1986-09-26,394.839,NA,NA,NA,299.929
1986-09-27,400.215,NA,NA,NA,300.295
1986-09-28,403.228,NA,NA,NA,300.405
1986-09-29,402.993,NA,NA,NA,300.307
1986-09-30,401.114,NA,NA,NA,300.143
1986-10-01,398.731,NA,NA,NA,299.881
1986-10-02,394.027,NA,NA,NA,299.521
1986-10-03,389.697,NA,NA,NA,299.204
1986-10-04,386.349,NA,NA,NA,298.957
1986-10-05,383.552,NA,NA,NA,298.741
1986-10-06,380.688,NA,NA,NA,298.475
1986-10-07,377.608,NA,NA,NA,298.286
1986-10-08,376.015,NA,NA,NA,298.155
1986-10-09,374.351,NA,NA,NA,298.015
1986-10-10,372.615,NA,NA,NA,297.875
1986-10-11,370.846,NA,NA,NA,297.729
1986-10-12,368.592,NA,NA,NA,297.564
1986-10-13,366.758,NA,NA,NA,297.393
1986-10-14,364.778,NA,NA,NA,297.232
1986-10-15,362.842,NA,NA,NA,297.052
1986-10-16,360.613,NA,NA,NA,296.851
1986-10-17,357.8,NA,NA,NA,296.631
1986-10-18,355.257,NA,NA,NA,296.418
1986-10-19,352.648,NA,NA,NA,296.192
1986-10-20,349.941,NA,NA,NA,295.967
1986-10-21,347.133,NA,NA,NA,295.732
1986-10-22,344.373,NA,NA,NA,295.488
1986-10-23,341.301,NA,NA,NA,295.238
1986-10-24,338.212,NA,NA,NA,294.967
1986-10-25,335.175,NA,NA,NA,294.714
1986-10-26,332.155,NA,NA,NA,294.467
1986-10-27,329.47,NA,NA,NA,294.236
1986-10-28,327.042,NA,NA,NA,294.019
1986-10-29,94.116,NA,NA,NA,293.778
1986-10-30,321.806,NA,NA,NA,293.608
1986-10-31,320.489,NA,NA,NA,293.653
1986-11-01,322.085,NA,NA,NA,293.684
1986-11-02,320.939,NA,NA,NA,293.538
1986-11-03,318.725,NA,NA,NA,293.309
1986-11-04,316.142,NA,NA,NA,293.029
1986-11-05,312.309,NA,NA,NA,292.69
1986-11-06,308.572,NA,NA,NA,292.373
1986-11-07,305.436,NA,NA,NA,292.169
1986-11-08,303.992,NA,NA,NA,292.014
1986-11-09,301.719,NA,NA,NA,291.855
1986-11-10,300.054,NA,NA,NA,291.663
1986-11-11,298.031,NA,NA,NA,291.444
1986-11-12,295.391,NA,NA,NA,291.175
1986-11-13,292.113,NA,NA,NA,290.788
1986-11-14,287.562,NA,NA,NA,290.404
1986-11-15,283.25,NA,NA,NA,289.987
1986-11-16,278.766,NA,NA,NA,289.56
1986-11-17,274.874,NA,NA,NA,289.633
1986-11-18,278.725,NA,NA,NA,289.59
1986-11-19,276.953,NA,NA,NA,289.551
1986-11-20,276.069,NA,NA,NA,289.469
1986-11-21,279.391,NA,NA,NA,290.221
1986-11-22,287.497,NA,NA,NA,290.999
1986-11-23,295.753,NA,NA,NA,291.627
1986-11-24,301.319,NA,NA,NA,291.816
1986-11-25,299.689,NA,NA,NA,291.297
1986-11-26,290.385,NA,NA,NA,290.496
1986-11-27,286.141,NA,NA,NA,291.419
1986-11-28,311.763,NA,NA,NA,294.181
1986-11-29,337.389,NA,NA,NA,295.062
1986-11-30,335.888,NA,NA,NA,294.443
1986-12-01,324.873,NA,NA,NA,293.279
1986-12-02,309.893,NA,NA,NA,291.861
1986-12-03,294.766,NA,NA,NA,290.566
1986-12-04,280.981,NA,NA,NA,289.581
1986-12-05,273.713,NA,NA,NA,288.859
1986-12-06,266.44,NA,NA,NA,288.149
1986-12-07,259.229,NA,NA,NA,287.405
1986-12-08,251.578,NA,NA,NA,286.634
1986-12-09,245.734,NA,NA,NA,286.238
1986-12-10,241.48,NA,NA,NA,285.765
1986-12-11,236.844,NA,NA,NA,285.317
1986-12-12,233.538,NA,NA,NA,284.967
1986-12-13,230.12,NA,NA,NA,284.683
1986-12-14,227.626,NA,NA,NA,284.479
1986-12-15,225.9,NA,NA,NA,284.211
1986-12-16,223.656,NA,NA,NA,283.921
1986-12-17,220.824,NA,NA,NA,283.586
1986-12-18,217.632,NA,NA,NA,283.306
1986-12-19,215.71,NA,NA,NA,283.092
1986-12-20,213.959,NA,NA,NA,282.909
1986-12-21,212.244,NA,NA,NA,282.714
1986-12-22,210.511,NA,NA,NA,282.473
1986-12-23,206.438,NA,NA,NA,282.55
1986-12-24,211.016,NA,NA,NA,282.732
1986-12-25,212.191,NA,NA,NA,282.751
1986-12-26,210.191,NA,NA,NA,282.565
1986-12-27,209.023,NA,NA,NA,282.406
1986-12-28,207.227,NA,NA,NA,282.153
1986-12-29,204.681,NA,NA,NA,281.858
1986-12-30,202.31,NA,NA,NA,281.574
1986-12-31,200.575,NA,NA,NA,281.352
1987-01-01,198.617,NA,NA,NA,281.394
1987-01-02,201.947,NA,NA,NA,281.833
1987-01-03,204.917,NA,NA,NA,282.175
1987-01-04,208.547,NA,NA,NA,282.574
1987-01-05,211.283,NA,NA,NA,282.739
1987-01-06,211.682,NA,NA,NA,282.69
1987-01-07,210.191,NA,NA,NA,282.443
1987-01-08,207.359,NA,NA,NA,282.159
1987-01-09,205.073,NA,NA,NA,281.934
1987-01-10,204.42,NA,NA,NA,281.922
1987-01-11,204.237,NA,NA,NA,281.879
1987-01-12,203.819,NA,NA,NA,281.821
1987-01-13,202.586,NA,NA,NA,281.833
1987-01-14,203.767,NA,NA,NA,281.827
1987-01-15,203.688,NA,NA,NA,281.775
1987-01-16,203.037,NA,NA,NA,281.702
1987-01-17,202.518,NA,NA,NA,281.641
1987-01-18,202.291,NA,NA,NA,281.629
1987-01-19,201.869,NA,NA,NA,281.556
1987-01-20,201.377,NA,NA,NA,281.501
1987-01-21,201.221,NA,NA,NA,281.507
1987-01-22,201.662,NA,NA,NA,281.559
1987-01-23,202.154,NA,NA,NA,281.644
1987-01-24,203.168,NA,NA,NA,281.934
1987-01-25,208.098,NA,NA,NA,282.784
1987-01-26,216.359,NA,NA,NA,283.933
1987-01-27,227.906,NA,NA,NA,284.601
1987-01-28,228.913,NA,NA,NA,284.625
1987-01-29,228.326,NA,NA,NA,284.424
1987-01-30,225.484,NA,NA,NA,284.028
1987-01-31,221.262,NA,NA,NA,284.061
1987-02-01,226.846,NA,NA,NA,285.878
1987-02-02,247.085,NA,NA,NA,287.234
1987-02-03,257.689,NA,NA,NA,287.99
1987-02-04,262.545,NA,NA,NA,288.06
1987-02-05,260.686,NA,NA,NA,287.765
1987-02-06,256.904,NA,NA,NA,287.326
1987-02-07,252.888,NA,NA,NA,287.219
1987-02-08,253.335,NA,NA,NA,287.274
1987-02-09,253.454,NA,NA,NA,287.219
1987-02-10,253.126,NA,NA,NA,287.308
1987-02-11,255.61,NA,NA,NA,287.557
1987-02-12,258.141,NA,NA,NA,287.807
1987-02-13,260.595,NA,NA,NA,288.134
1987-02-14,265.026,NA,NA,NA,288.716
1987-02-15,271.368,NA,NA,NA,289.234
1987-02-16,276.258,NA,NA,NA,289.737
1987-02-17,281.682,NA,NA,NA,290.292
1987-02-18,287.788,NA,NA,NA,290.852
1987-02-19,292.996,NA,NA,NA,291.276
1987-02-20,297.039,NA,NA,NA,291.611
1987-02-21,300.287,NA,NA,NA,291.898
1987-02-22,303.155,NA,NA,NA,292.148
1987-02-23,305.872,NA,NA,NA,292.373
1987-02-24,308.166,NA,NA,NA,292.556
1987-02-25,309.961,NA,NA,NA,292.699
1987-02-26,311.559,NA,NA,NA,292.827
1987-02-27,312.957,NA,NA,NA,292.934
1987-02-28,314.085,NA,NA,NA,293.035
1987-03-01,315.181,NA,NA,NA,293.129
1987-03-02,316.245,NA,NA,NA,293.285
1987-03-03,318.76,NA,NA,NA,293.559
1987-03-04,322.502,NA,NA,NA,293.922
1987-03-05,326.342,NA,NA,NA,294.254
1987-03-06,330.458,NA,NA,NA,294.601
1987-03-07,334.427,NA,NA,NA,294.924
1987-03-08,337.745,NA,NA,NA,295.187
1987-03-09,340.51,NA,NA,NA,295.406
1987-03-10,343.069,NA,NA,NA,295.619
1987-03-11,345.643,NA,NA,NA,295.839
1987-03-12,348.626,NA,NA,NA,296.244
1987-03-13,355.294,NA,NA,NA,296.878
1987-03-14,363.884,NA,NA,NA,297.582
1987-03-15,371.524,NA,NA,NA,298.094
1987-03-16,376.356,NA,NA,NA,298.387
1987-03-17,379.241,NA,NA,NA,298.695
1987-03-18,384.278,NA,NA,NA,299.079
1987-03-19,388.58,NA,NA,NA,299.35
1987-03-20,391.162,NA,NA,NA,299.487
1987-03-21,392.361,NA,NA,NA,299.564
1987-03-22,392.825,NA,NA,NA,299.567
1987-03-23,392.129,NA,NA,NA,299.551
1987-03-24,392.67,NA,NA,NA,299.64
1987-03-25,395.229,NA,NA,NA,299.817
1987-03-26,397.251,NA,NA,NA,299.96
1987-03-27,398.965,NA,NA,NA,300.094
1987-03-28,400.605,NA,NA,NA,300.228
1987-03-29,402.327,NA,NA,NA,300.356
1987-03-30,403.777,NA,NA,NA,300.451
1987-03-31,405.075,NA,NA,NA,300.551
1987-04-01,406.332,NA,NA,NA,300.655
1987-04-02,407.673,NA,NA,NA,300.761
1987-04-03,409.053,NA,NA,NA,300.877
1987-04-04,410.675,NA,NA,NA,300.99
1987-04-05,412.061,NA,NA,NA,301.103
1987-04-06,413.216,NA,NA,NA,301.142
1987-04-07,414.761,NA,NA,NA,301.295
1987-04-08,416.193,NA,NA,NA,301.45
1987-04-09,418.708,NA,NA,NA,301.639
1987-04-10,420.789,NA,NA,NA,301.789
1987-04-11,423.359,NA,NA,NA,302.069
1987-04-12,427.348,NA,NA,NA,302.356
1987-04-13,430.869,NA,NA,NA,302.596
1987-04-14,433.713,NA,NA,NA,302.788
1987-04-15,436.159,NA,NA,NA,302.965
1987-04-16,438.325,NA,NA,NA,303.118
1987-04-17,440.372,NA,NA,NA,303.27
1987-04-18,442.507,NA,NA,NA,303.428
1987-04-19,444.483,NA,NA,NA,303.563
1987-04-20,446.216,NA,NA,NA,303.684
1987-04-21,447.828,NA,NA,NA,303.809
1987-04-22,449.278,NA,NA,NA,303.934
1987-04-23,450.895,NA,NA,NA,304.038
1987-04-24,452.433,NA,NA,NA,304.151
1987-04-25,453.931,NA,NA,NA,304.236
1987-04-26,455.266,NA,NA,NA,304.321
1987-04-27,456.226,NA,NA,NA,304.407
1987-04-28,457.313,NA,NA,NA,304.489
1987-04-29,458.317,NA,NA,NA,304.8
1987-04-30,459.154,NA,NA,NA,304.8
1987-05-01,459.952,NA,NA,NA,304.8
1987-05-02,461.421,NA,NA,NA,304.8
1987-05-03,463.189,NA,NA,NA,304.971
1987-05-04,465.762,NA,NA,NA,305.138
1987-05-05,467.665,NA,NA,NA,305.248
1987-05-06,469.321,NA,NA,NA,305.355
1987-05-07,470.722,NA,NA,NA,305.455
1987-05-08,471.531,NA,NA,NA,305.513
1987-05-09,472.255,NA,NA,NA,305.559
1987-05-10,472.894,NA,NA,NA,305.596
1987-05-11,473.364,NA,NA,NA,305.623
1987-05-12,473.109,NA,NA,NA,305.55
1987-05-13,472.34,NA,NA,NA,305.495
1987-05-14,471.574,NA,NA,NA,305.385
1987-05-15,468.175,NA,NA,NA,305.135
1987-05-16,465.72,NA,NA,NA,304.958
1987-05-17,463.231,NA,NA,NA,304.8
1987-05-18,460.665,NA,NA,NA,304.8
1987-05-19,457.899,NA,NA,NA,304.395
1987-05-20,455.559,NA,NA,NA,304.224
1987-05-21,453.474,NA,NA,NA,304.056
1987-05-22,450.853,NA,NA,NA,303.873
1987-05-23,448.491,NA,NA,NA,303.779
1987-05-24,448.201,NA,NA,NA,303.77
1987-05-25,447.994,NA,NA,NA,303.742
1987-05-26,447.704,NA,NA,NA,303.709
1987-05-27,447.415,NA,NA,NA,303.703
1987-05-28,447.25,NA,NA,NA,303.687
1987-05-29,447.125,NA,NA,NA,303.672
1987-05-30,446.836,NA,NA,NA,303.663
1987-05-31,446.836,NA,NA,NA,303.703
1987-06-01,447.869,NA,NA,NA,303.785
1987-06-02,448.863,NA,NA,NA,303.843
1987-06-03,449.568,NA,NA,NA,303.886
1987-06-04,450.024,NA,NA,NA,303.904
1987-06-05,450.149,NA,NA,NA,303.901
1987-06-06,449.982,NA,NA,NA,303.886
1987-06-07,449.652,NA,NA,NA,303.864
1987-06-08,449.36,NA,NA,NA,303.828
1987-06-09,448.904,NA,NA,NA,303.788
1987-06-10,448.242,NA,NA,NA,303.739
1987-06-11,447.581,NA,NA,NA,303.697
1987-06-12,447.001,NA,NA,NA,303.645
1987-06-13,446.216,NA,NA,NA,303.587
1987-06-14,445.474,NA,NA,NA,303.538
1987-06-15,444.649,NA,NA,NA,303.471
1987-06-16,443.825,NA,NA,NA,303.422
1987-06-17,443.043,NA,NA,NA,303.361
1987-06-18,442.179,NA,NA,NA,303.3
1987-06-19,441.358,NA,NA,NA,303.23
1987-06-20,440.454,NA,NA,NA,303.166
1987-06-21,439.675,NA,NA,NA,303.118
1987-06-22,439.061,NA,NA,NA,303.078
1987-06-23,438.487,NA,NA,NA,303.032
1987-06-24,437.832,NA,NA,NA,302.965
1987-06-25,437.057,NA,NA,NA,302.904
1987-06-26,436.159,NA,NA,NA,302.831
1987-06-27,435.22,NA,NA,NA,302.764
1987-06-28,434.201,NA,NA,NA,302.697
1987-06-29,433.266,NA,NA,NA,302.615
1987-06-30,432.237,NA,NA,NA,302.538
1987-07-01,431.274,NA,NA,NA,302.459
1987-07-02,430.18,NA,NA,NA,302.383
1987-07-03,429.087,NA,NA,NA,302.295
1987-07-04,427.994,NA,NA,NA,302.209
1987-07-05,426.784,NA,NA,NA,302.124
1987-07-06,425.734,NA,NA,NA,302.029
1987-07-07,424.606,NA,NA,NA,301.953
1987-07-08,423.399,NA,NA,NA,301.862
1987-07-09,422.274,NA,NA,NA,301.776
1987-07-10,421.03,NA,NA,NA,301.682
1987-07-11,419.828,NA,NA,NA,301.594
1987-07-12,418.748,NA,NA,NA,301.508
1987-07-13,417.47,NA,NA,NA,301.408
1987-07-14,416.193,NA,NA,NA,301.31
1987-07-15,414.892,NA,NA,NA,301.206
1987-07-16,413.529,NA,NA,NA,301.112
1987-07-17,412.378,NA,NA,NA,301.02
1987-07-18,411.15,NA,NA,NA,301.036
1987-07-19,413.092,NA,NA,NA,301.173
1987-07-20,414.125,NA,NA,NA,301.209
1987-07-21,414.204,NA,NA,NA,301.219
1987-07-22,414.449,NA,NA,NA,301.255
1987-07-23,414.761,NA,NA,NA,301.267
1987-07-24,414.801,NA,NA,NA,301.255
1987-07-25,414.642,NA,NA,NA,301.228
1987-07-26,414.006,NA,NA,NA,301.179
1987-07-27,413.331,NA,NA,NA,301.121
1987-07-28,412.616,NA,NA,NA,301.051
1987-07-29,411.664,NA,NA,NA,300.99
1987-07-30,410.714,NA,NA,NA,300.911
1987-07-31,409.725,NA,NA,NA,300.838
1987-08-01,408.698,NA,NA,NA,300.755
1987-08-02,407.711,NA,NA,NA,300.676
1987-08-03,406.687,NA,NA,NA,300.597
1987-08-04,405.624,NA,NA,NA,300.515
1987-08-05,404.563,NA,NA,NA,300.432
1987-08-06,403.463,NA,NA,NA,300.344
1987-08-07,402.366,NA,NA,NA,300.262
1987-08-08,401.27,NA,NA,NA,300.173
1987-08-09,400.136,NA,NA,NA,300.085
1987-08-10,398.965,NA,NA,NA,299.996
1987-08-11,397.795,NA,NA,NA,299.902
1987-08-12,396.666,NA,NA,NA,299.862
1987-08-13,395.501,NA,NA,NA,299.722
1987-08-14,394.336,NA,NA,NA,299.634
1987-08-15,393.252,NA,NA,NA,299.564
1987-08-16,392.052,NA,NA,NA,299.466
1987-08-17,390.892,NA,NA,NA,299.356
1987-08-18,389.505,NA,NA,NA,299.247
1987-08-19,388.117,NA,NA,NA,299.131
1987-08-20,386.542,NA,NA,NA,299.003
1987-08-21,384.969,NA,NA,NA,298.875
1987-08-22,383.362,NA,NA,NA,298.753
1987-08-23,381.794,NA,NA,NA,298.628
1987-08-24,380.192,NA,NA,NA,298.478
1987-08-25,378.216,NA,NA,NA,298.326
1987-08-26,376.211,NA,NA,NA,298.174
1987-08-27,374.351,NA,NA,NA,298.033
1987-08-28,373.962,NA,NA,NA,297.899
1987-08-29,371.108,NA,NA,NA,297.765
1987-08-30,370.044,NA,NA,NA,297.628
1987-08-31,367.843,NA,NA,NA,297.5
1987-09-01,366.197,NA,NA,NA,297.369
1987-09-02,364.555,NA,NA,NA,297.232
1987-09-03,362.842,NA,NA,NA,297.098
1987-09-04,361.37,NA,NA,NA,296.979
1987-09-05,359.91,NA,NA,NA,296.866
1987-09-06,358.798,NA,NA,NA,296.79
1987-09-07,357.709,NA,NA,NA,296.695
1987-09-08,356.509,NA,NA,NA,296.613
1987-09-09,356.106,NA,NA,NA,296.58
1987-09-10,355.773,NA,NA,NA,296.549
1987-09-11,355.367,NA,NA,NA,296.516
1987-09-12,354.999,NA,NA,NA,296.488
1987-09-13,354.632,NA,NA,NA,296.47
1987-09-14,354.301,NA,NA,NA,296.442
1987-09-15,354.043,NA,NA,NA,296.421
1987-09-16,353.824,NA,NA,NA,296.397
1987-09-17,353.456,NA,NA,NA,296.317
1987-09-18,351.953,NA,NA,NA,296.195
1987-09-19,350.451,NA,NA,NA,296.098
1987-09-20,348.736,NA,NA,NA,295.952
1987-09-21,347.024,NA,NA,NA,295.763
1987-09-22,344.954,NA,NA,NA,295.583
1987-09-23,342.889,NA,NA,NA,295.406
1987-09-24,340.69,NA,NA,NA,295.223
1987-09-25,338.499,NA,NA,NA,295.046
1987-09-26,336.495,NA,NA,NA,294.885
1987-09-27,334.641,NA,NA,NA,294.72
1987-09-28,332.758,NA,NA,NA,294.559
1987-09-29,330.846,NA,NA,NA,294.391
1987-09-30,328.941,NA,NA,NA,294.223
1987-10-01,327.042,NA,NA,NA,294.062
1987-10-02,325.048,NA,NA,NA,293.888
1987-10-03,323.172,NA,NA,NA,293.721
1987-10-04,321.182,NA,NA,NA,293.553
1987-10-05,319.312,NA,NA,NA,293.376
1987-10-06,317.173,NA,NA,NA,293.187
1987-10-07,315.249,NA,NA,NA,293.023
1987-10-08,313.23,NA,NA,NA,292.84
1987-10-09,311.287,NA,NA,NA,292.669
1987-10-10,309.351,NA,NA,NA,292.492
1987-10-11,307.389,NA,NA,NA,292.312
1987-10-12,305.369,NA,NA,NA,292.142
1987-10-13,303.557,NA,NA,NA,291.974
1987-10-14,301.786,NA,NA,NA,291.809
1987-10-15,299.987,NA,NA,NA,291.651
1987-10-16,298.263,NA,NA,NA,291.48
1987-10-17,296.445,NA,NA,NA,291.328
1987-10-18,294.833,NA,NA,NA,291.182
1987-10-19,293.291,NA,NA,NA,291.032
1987-10-20,291.688,NA,NA,NA,290.883
1987-10-21,290.092,NA,NA,NA,290.727
1987-10-22,288.436,NA,NA,NA,290.575
1987-10-23,286.819,NA,NA,NA,290.426
1987-10-24,285.208,NA,NA,NA,290.27
1987-10-25,283.602,NA,NA,NA,290.124
1987-10-26,282.002,NA,NA,NA,289.965
1987-10-27,280.376,NA,NA,NA,289.816
1987-10-28,278.979,NA,NA,NA,289.67
1987-10-29,277.3,NA,NA,NA,289.508
1987-10-30,275.691,NA,NA,NA,289.356
1987-10-31,274.057,NA,NA,NA,289.231
1987-11-01,272.71,NA,NA,NA,289.097
1987-11-02,271.368,NA,NA,NA,288.95
1987-11-03,269.999,NA,NA,NA,288.822
1987-11-04,268.82,NA,NA,NA,288.7
1987-11-05,267.521,NA,NA,NA,288.569
1987-11-06,266.163,NA,NA,NA,288.441
1987-11-07,264.933,NA,NA,NA,288.335
1987-11-08,263.676,NA,NA,NA,288.201
1987-11-09,262.392,NA,NA,NA,288.073
1987-11-10,261.265,NA,NA,NA,287.954
1987-11-11,260.018,NA,NA,NA,287.801
1987-11-12,258.352,NA,NA,NA,287.631
1987-11-13,256.362,NA,NA,NA,287.512
1987-11-14,256.633,NA,NA,NA,287.557
1987-11-15,256.633,NA,NA,NA,287.542
1987-11-16,256.211,NA,NA,NA,287.493
1987-11-17,256.062,NA,NA,NA,287.466
1987-11-18,255.581,NA,NA,NA,287.399
1987-11-19,254.831,NA,NA,NA,287.317
1987-11-20,253.962,NA,NA,NA,287.219
1987-11-21,252.947,NA,NA,NA,287.134
1987-11-22,252.143,NA,NA,NA,287.073
1987-11-23,252.053,NA,NA,NA,287.109
1987-11-24,252.292,NA,NA,NA,287.122
1987-11-25,252.709,NA,NA,NA,287.192
1987-11-26,253.246,NA,NA,NA,287.198
1987-11-27,253.008,NA,NA,NA,287.155
1987-11-28,252.529,NA,NA,NA,287.097
1987-11-29,251.905,NA,NA,NA,287.024
1987-11-30,251.132,NA,NA,NA,286.939
1987-12-01,250.42,NA,NA,NA,287.018
1987-12-02,255.371,NA,NA,NA,287.658
1987-12-03,259.031,NA,NA,NA,288.475
1987-12-04,271.213,NA,NA,NA,289.103
1987-12-05,271.4,NA,NA,NA,288.758
1987-12-06,266.317,NA,NA,NA,288.262
1987-12-07,262.118,NA,NA,NA,287.862
1987-12-08,257.295,NA,NA,NA,287.298
1987-12-09,251.161,NA,NA,NA,287.539
1987-12-10,268.046,NA,NA,NA,290.398
1987-12-11,293.815,NA,NA,NA,291.258
1987-12-12,294.931,NA,NA,NA,291.09
1987-12-13,291.167,NA,NA,NA,290.627
1987-12-14,285.336,NA,NA,NA,290.017
1987-12-15,278.535,NA,NA,NA,289.356
1987-12-16,271.617,NA,NA,NA,288.664
1987-12-17,264.38,NA,NA,NA,287.914
1987-12-18,256.543,NA,NA,NA,287.103
1987-12-19,248.35,NA,NA,NA,286.488
1987-12-20,243.34,NA,NA,NA,285.963
1987-12-21,238.766,NA,NA,NA,285.576
1987-12-22,235.929,NA,NA,NA,285.287
1987-12-23,233.538,NA,NA,NA,285.022
1987-12-24,231.078,NA,NA,NA,284.671
1987-12-25,227.069,NA,NA,NA,284.217
1987-12-26,222.058,NA,NA,NA,283.714
1987-12-27,217.551,NA,NA,NA,283.245
1987-12-28,213.932,NA,NA,NA,282.784
1987-12-29,210.217,NA,NA,NA,282.458
1987-12-30,208.415,NA,NA,NA,282.236
1987-12-31,206.86,NA,NA,NA,282.077
1988-01-01,205.441,NA,NA,NA,281.952
1988-01-02,204.315,NA,NA,NA,281.809
1988-01-03,203.011,NA,NA,NA,281.66
1988-01-04,201.662,NA,NA,NA,281.507
1988-01-05,200.445,NA,NA,NA,281.352
1988-01-06,199.956,NA,NA,NA,281.294
1988-01-07,199.415,NA,NA,NA,281.285
1988-01-08,199.621,NA,NA,NA,281.346
1988-01-09,200.834,NA,NA,NA,281.809
1988-01-10,212.431,NA,NA,NA,284.644
1988-01-11,242.757,NA,NA,NA,286.853
1988-01-12,252.442,NA,NA,NA,287.109
1988-01-13,251.726,NA,NA,NA,286.887
1988-01-14,248.91,NA,NA,NA,287.25
1988-01-15,261.082,NA,NA,NA,288.539
1988-01-16,269.377,NA,NA,NA,288.877
1988-01-17,269.906,NA,NA,NA,288.74
1988-01-18,267.088,NA,NA,NA,288.365
1988-01-19,262.575,NA,NA,NA,287.853
1988-01-20,256.904,NA,NA,NA,287.25
1988-01-21,250.806,NA,NA,NA,286.856
1988-01-22,248.498,NA,NA,NA,286.591
1988-01-23,246.696,NA,NA,NA,286.393
1988-01-24,244.74,NA,NA,NA,286.277
1988-01-25,243.398,NA,NA,NA,286.424
1988-01-26,241.829,NA,NA,NA,286.04
1988-01-27,242.061,NA,NA,NA,286.085
1988-01-28,242.845,NA,NA,NA,286.268
1988-01-29,245.412,NA,NA,NA,286.841
1988-01-30,255.46,NA,NA,NA,287.887
1988-01-31,263.37,NA,NA,NA,288.499
1988-02-01,268.325,NA,NA,NA,288.859
1988-02-02,270.963,NA,NA,NA,289.048
1988-02-03,271.868,NA,NA,NA,289.173
1988-02-04,274.026,NA,NA,NA,289.362
1988-02-05,275.754,NA,NA,NA,289.52
1988-02-06,277.3,NA,NA,NA,289.651
1988-02-07,278.63,NA,NA,NA,289.776
1988-02-08,279.899,NA,NA,NA,289.965
1988-02-09,283.441,NA,NA,NA,290.727
1988-02-10,295.885,NA,NA,NA,291.883
1988-02-11,303.791,NA,NA,NA,292.047
1988-02-12,302.888,NA,NA,NA,291.84
1988-02-13,299.787,NA,NA,NA,291.764
1988-02-14,299.357,NA,NA,NA,291.739
1988-02-15,299.921,NA,NA,NA,291.758
1988-02-16,300.454,NA,NA,NA,291.816
1988-02-17,301.018,NA,NA,NA,291.822
1988-02-18,301.052,NA,NA,NA,291.931
1988-02-19,303.725,NA,NA,NA,292.166
1988-02-20,306.176,NA,NA,NA,292.379
1988-02-21,308.403,NA,NA,NA,292.608
1988-02-22,310.777,NA,NA,NA,292.791
1988-02-23,312.992,NA,NA,NA,292.974
1988-02-24,315.009,NA,NA,NA,293.141
1988-02-25,316.691,NA,NA,NA,293.288
1988-02-26,318.345,NA,NA,NA,293.437
1988-02-27,320.108,NA,NA,NA,293.602
1988-02-28,321.98,NA,NA,NA,293.781
1988-02-29,324.209,NA,NA,NA,294.004
1988-03-01,326.903,NA,NA,NA,294.211
1988-03-02,329.117,NA,NA,NA,294.391
1988-03-03,331.235,NA,NA,NA,294.607
1988-03-04,333.966,NA,NA,NA,294.864
1988-03-05,337.89,NA,NA,NA,295.299
1988-03-06,343.106,NA,NA,NA,295.738
1988-03-07,348.299,NA,NA,NA,296.098
1988-03-08,351.99,NA,NA,NA,296.388
1988-03-09,355.853,NA,NA,NA,296.836
1988-03-10,361.69,NA,NA,NA,297.244
1988-03-11,366.234,NA,NA,NA,297.555
1988-03-12,370.044,NA,NA,NA,297.835
1988-03-13,372.842,NA,NA,NA,298.085
1988-03-14,375.788,NA,NA,NA,298.311
1988-03-15,378.366,NA,NA,NA,298.527
1988-03-16,381.222,NA,NA,NA,298.741
1988-03-17,383.744,NA,NA,NA,298.923
1988-03-18,386.004,NA,NA,NA,299.1
1988-03-19,388.079,NA,NA,NA,299.274
1988-03-20,390.121,NA,NA,NA,299.426
1988-03-21,392.168,NA,NA,NA,299.603
1988-03-22,394.725,NA,NA,NA,299.804
1988-03-23,397.251,NA,NA,NA,300.115
1988-03-24,402.64,NA,NA,NA,300.539
1988-03-25,408.619,NA,NA,NA,301.197
1988-03-26,419.069,NA,NA,NA,302.057
1988-03-27,432.9,NA,NA,NA,303.148
1988-03-28,445.019,NA,NA,NA,303.812
1988-03-29,451.768,NA,NA,NA,304.181
1988-03-30,455.559,NA,NA,NA,304.425
1988-03-31,458.065,NA,NA,NA,304.8
1988-04-01,459.154,NA,NA,NA,304.638
1988-04-02,460.665,NA,NA,NA,304.806
1988-04-03,342.414,NA,NA,NA,305.638
1988-04-04,479.666,NA,NA,NA,306.336
1988-04-05,484.89,NA,NA,NA,306.367
1988-04-06,482.553,NA,NA,NA,306.111
1988-04-07,479.88,NA,NA,NA,305.946
1988-04-08,476.101,NA,NA,NA,305.586
1988-04-09,471.404,NA,NA,NA,305.324
1988-04-10,467.963,NA,NA,NA,305.208
1988-04-11,466.607,NA,NA,NA,305.117
1988-04-12,465.297,NA,NA,NA,305.056
1988-04-13,465.466,NA,NA,NA,305.056
1988-04-14,470.084,NA,NA,NA,305.099
1988-04-15,466.1,NA,NA,NA,305.09
1988-04-16,465.72,NA,NA,NA,305.08
1988-04-17,465.804,NA,NA,NA,305.077
1988-04-18,465.635,NA,NA,NA,305.096
1988-04-19,467.242,NA,NA,NA,305.245
1988-04-20,469.787,NA,NA,NA,305.443
1988-04-21,472.81,NA,NA,NA,305.733
1988-04-22,477.559,NA,NA,NA,305.992
1988-04-23,479.924,NA,NA,NA,306.092
1988-04-24,479.794,NA,NA,NA,306.086
1988-04-25,479.235,NA,NA,NA,306.044
1988-04-26,480.353,NA,NA,NA,306.144
1988-04-27,481.992,NA,NA,NA,306.284
1988-04-28,484.154,NA,NA,NA,306.458
1988-04-29,486.974,NA,NA,NA,306.735
1988-04-30,493.392,NA,NA,NA,307.138
1988-05-01,497.559,NA,NA,NA,307.437
1988-05-02,501.486,NA,NA,NA,307.665
1988-05-03,503.658,NA,NA,NA,307.799
1988-05-04,506.457,NA,NA,NA,308
1988-05-05,508.687,NA,NA,NA,308.128
1988-05-06,510.294,NA,NA,NA,308.244
1988-05-07,512.358,NA,NA,NA,308.391
1988-05-08,514.42,NA,NA,NA,308.509
1988-05-09,514.151,NA,NA,NA,308.381
1988-05-10,514.106,NA,NA,NA,308.409
1988-05-11,512.402,NA,NA,NA,308.299
1988-05-12,510.565,NA,NA,NA,308.159
1988-05-13,508.51,NA,NA,NA,308.025
1988-05-14,507.26,NA,NA,NA,308.052
1988-05-15,508.107,NA,NA,NA,308.067
1988-05-16,507.988,NA,NA,NA,308.031
1988-05-17,507.84,NA,NA,NA,308.071
1988-05-18,508.197,NA,NA,NA,308.031
1988-05-19,506.992,NA,NA,NA,307.946
1988-05-20,506.859,NA,NA,NA,307.936
1988-05-21,506.992,NA,NA,NA,307.985
1988-05-22,507.616,NA,NA,NA,308.016
1988-05-23,508.016,NA,NA,NA,308.028
1988-05-24,508.107,NA,NA,NA,308.046
1988-05-25,508.153,NA,NA,NA,308.028
1988-05-26,508.019,NA,NA,NA,308.022
1988-05-27,507.93,NA,NA,NA,308.031
1988-05-28,508.153,NA,NA,NA,308.067
1988-05-29,509.446,NA,NA,NA,308.195
1988-05-30,511.057,NA,NA,NA,308.284
1988-05-31,511.685,NA,NA,NA,308.278
1988-06-01,511.237,NA,NA,NA,308.427
1988-06-02,516.044,NA,NA,NA,308.549
1988-06-03,515.276,NA,NA,NA,308.516
1988-06-04,514.871,NA,NA,NA,308.403
1988-06-05,512.178,NA,NA,NA,308.159
1988-06-06,508.019,NA,NA,NA,307.897
1988-06-07,506.413,NA,NA,NA,307.927
1988-06-08,506.368,NA,NA,NA,307.906
1988-06-09,506.145,NA,NA,NA,307.912
1988-06-10,506.145,NA,NA,NA,307.918
1988-06-11,506.77,NA,NA,NA,307.955
1988-06-12,507.127,NA,NA,NA,307.976
1988-06-13,507.127,NA,NA,NA,307.964
1988-06-14,507.127,NA,NA,NA,307.949
1988-06-15,507.216,NA,NA,NA,307.982
1988-06-16,507.439,NA,NA,NA,308
1988-06-17,507.707,NA,NA,NA,308.013
1988-06-18,507.84,NA,NA,NA,308.003
1988-06-19,507.885,NA,NA,NA,308.016
1988-06-20,507.84,NA,NA,NA,307.997
1988-06-21,507.707,NA,NA,NA,307.994
1988-06-22,507.306,NA,NA,NA,307.97
1988-06-23,507.216,NA,NA,NA,307.961
1988-06-24,507.038,NA,NA,NA,307.946
1988-06-25,506.815,NA,NA,NA,307.924
1988-06-26,506.413,NA,NA,NA,307.903
1988-06-27,506.056,NA,NA,NA,307.875
1988-06-28,505.727,NA,NA,NA,307.848
1988-06-29,505.299,NA,NA,NA,307.811
1988-06-30,504.856,NA,NA,NA,307.778
1988-07-01,504.236,NA,NA,NA,307.732
1988-07-02,503.614,NA,NA,NA,307.702
1988-07-03,502.816,NA,NA,NA,307.65
1988-07-04,502.195,NA,NA,NA,307.604
1988-07-05,501.529,NA,NA,NA,307.555
1988-07-06,500.954,NA,NA,NA,307.504
1988-07-07,500.954,NA,NA,NA,307.452
1988-07-08,499.499,NA,NA,NA,307.4
1988-07-09,498.706,NA,NA,NA,307.379
1988-07-10,497.779,NA,NA,NA,307.305
1988-07-11,496.632,NA,NA,NA,307.184
1988-07-12,495.405,NA,NA,NA,307.098
1988-07-13,494.046,NA,NA,NA,307.031
1988-07-14,493.392,NA,NA,NA,306.924
1988-07-15,491.723,NA,NA,NA,306.845
1988-07-16,490.59,NA,NA,NA,306.784
1988-07-17,489.499,NA,NA,NA,306.711
1988-07-18,488.321,NA,NA,NA,306.611
1988-07-19,487.278,NA,NA,NA,306.547
1988-07-20,486.454,NA,NA,NA,306.47
1988-07-21,485.023,NA,NA,NA,306.37
1988-07-22,483.591,NA,NA,NA,306.269
1988-07-23,482.167,NA,NA,NA,306.181
1988-07-24,480.744,NA,NA,NA,306.083
1988-07-25,479.277,NA,NA,NA,305.961
1988-07-26,477.776,NA,NA,NA,305.931
1988-07-27,476.102,NA,NA,NA,305.748
1988-07-28,474.475,NA,NA,NA,305.626
1988-07-29,472.726,NA,NA,NA,305.507
1988-07-30,471.02,NA,NA,NA,305.391
1988-07-31,469.449,NA,NA,NA,305.279
1988-08-01,467.88,NA,NA,NA,305.184
1988-08-02,466.989,NA,NA,NA,305.099
1988-08-03,466.1,NA,NA,NA,305.035
1988-08-04,465.214,NA,NA,NA,304.962
1988-08-05,464.118,NA,NA,NA,304.885
1988-08-06,463.021,NA,NA,NA,304.803
1988-08-07,461.884,NA,NA,NA,304.8
1988-08-08,460.75,NA,NA,NA,304.8
1988-08-09,459.66,NA,NA,NA,304.8
1988-08-10,458.526,NA,NA,NA,304.483
1988-08-11,457.439,NA,NA,NA,304.404
1988-08-12,456.388,NA,NA,NA,304.318
1988-08-13,455.142,NA,NA,NA,304.23
1988-08-14,454.016,NA,NA,NA,304.142
1988-08-15,452.892,NA,NA,NA,304.059
1988-08-16,451.729,NA,NA,NA,303.977
1988-08-17,450.564,NA,NA,NA,303.898
1988-08-18,449.608,NA,NA,NA,303.831
1988-08-19,448.533,NA,NA,NA,303.755
1988-08-20,447.499,NA,NA,NA,303.678
1988-08-21,446.464,NA,NA,NA,303.602
1988-08-22,445.473,NA,NA,NA,303.526
1988-08-23,444.361,NA,NA,NA,303.438
1988-08-24,444.36,NA,NA,NA,303.349
1988-08-25,441.932,NA,NA,NA,303.267
1988-08-26,440.947,NA,NA,NA,303.185
1988-08-27,439.759,NA,NA,NA,303.099
1988-08-28,438.57,NA,NA,NA,303.017
1988-08-29,437.382,NA,NA,NA,302.922
1988-08-30,436.16,NA,NA,NA,302.831
1988-08-31,434.936,NA,NA,NA,302.74
1988-09-01,433.713,NA,NA,NA,302.651
1988-09-02,432.494,NA,NA,NA,302.557
1988-09-03,431.236,NA,NA,NA,302.465
1988-09-04,430.059,NA,NA,NA,302.374
1988-09-05,428.844,NA,NA,NA,302.295
1988-09-06,427.592,NA,NA,NA,302.203
1988-09-07,426.42,NA,NA,NA,302.093
1988-09-08,425.008,NA,NA,NA,301.965
1988-09-09,422.758,NA,NA,NA,301.792
1988-09-10,420.47,NA,NA,NA,301.63
1988-09-11,418.271,NA,NA,NA,301.459
1988-09-12,416.076,NA,NA,NA,301.286
1988-09-13,413.847,NA,NA,NA,301.112
1988-09-14,411.588,NA,NA,NA,300.935
1988-09-15,409.329,NA,NA,NA,300.758
1988-09-16,407.122,NA,NA,NA,300.594
1988-09-17,404.917,NA,NA,NA,300.432
1988-09-18,402.839,NA,NA,NA,300.28
1988-09-19,400.801,NA,NA,NA,300.146
1988-09-20,399.553,NA,NA,NA,300.03
1988-09-21,397.797,NA,NA,NA,299.881
1988-09-22,394.714,NA,NA,NA,299.725
1988-09-23,393.871,NA,NA,NA,299.576
1988-09-24,391.861,NA,NA,NA,299.414
1988-09-25,389.85,NA,NA,NA,299.262
1988-09-26,511.313,NA,NA,NA,299.122
1988-09-27,386.388,NA,NA,NA,299.048
1988-09-28,385.812,NA,NA,NA,298.957
1988-09-29,384.281,NA,NA,NA,298.82
1988-09-30,382.481,NA,NA,NA,298.689
1988-10-01,380.614,NA,NA,NA,298.53
1988-10-02,378.678,NA,NA,NA,298.375
1988-10-03,376.737,NA,NA,NA,298.198
1988-10-04,374.767,NA,NA,NA,298.043
1988-10-05,372.806,NA,NA,NA,297.884
1988-10-06,370.921,NA,NA,NA,297.719
1988-10-07,368.782,NA,NA,NA,297.552
1988-10-08,366.758,NA,NA,NA,297.363
1988-10-09,364.743,NA,NA,NA,297.198
1988-10-10,362.768,NA,NA,NA,297.028
1988-10-11,360.615,NA,NA,NA,296.86
1988-10-12,358.579,NA,NA,NA,296.677
1988-10-13,356.362,NA,NA,NA,296.494
1988-10-14,354.119,NA,NA,NA,296.311
1988-10-15,351.88,NA,NA,NA,296.153
1988-10-16,349.869,NA,NA,NA,296.01
1988-10-17,347.718,NA,NA,NA,295.778
1988-10-18,345.499,NA,NA,NA,295.656
1988-10-19,343.217,NA,NA,NA,295.433
1988-10-20,341.05,NA,NA,NA,295.245
1988-10-21,338.751,NA,NA,NA,295.052
1988-10-22,336.461,NA,NA,NA,294.903
1988-10-23,335.249,NA,NA,NA,294.796
1988-10-24,333.966,NA,NA,NA,294.638
1988-10-25,331.698,NA,NA,NA,294.437
1988-10-26,329.339,NA,NA,NA,294.239
1988-10-27,327.008,NA,NA,NA,294.041
1988-10-28,324.735,NA,NA,NA,293.833
1988-10-29,322.331,NA,NA,NA,293.632
1988-10-30,320.039,NA,NA,NA,293.443
1988-10-31,317.796,NA,NA,NA,293.224
1988-11-01,315.458,NA,NA,NA,293.029
1988-11-02,313.304,NA,NA,NA,292.827
1988-11-03,311.085,NA,NA,NA,292.791
1988-11-04,312.346,NA,NA,NA,292.952
1988-11-05,314.087,NA,NA,NA,292.934
1988-11-06,312.243,NA,NA,NA,292.983
1988-11-07,314.328,NA,NA,NA,292.955
1988-11-08,312.617,NA,NA,NA,292.797
1988-11-09,310.837,NA,NA,NA,292.559
1988-11-10,306.411,NA,NA,NA,292.251
1988-11-11,305.74,NA,NA,NA,292.142
1988-11-12,302.754,NA,NA,NA,291.892
1988-11-13,301.855,NA,NA,NA,291.77
1988-11-14,298.828,NA,NA,NA,291.367
1988-11-15,293.192,NA,NA,NA,290.828
1988-11-16,288.083,NA,NA,NA,290.462
1988-11-17,285.306,NA,NA,NA,290.218
1988-11-18,282.42,NA,NA,NA,289.84
1988-11-19,277.332,NA,NA,NA,289.277
1988-11-20,271.463,NA,NA,NA,288.902
1988-11-21,269.38,NA,NA,NA,288.996
1988-11-22,278.346,NA,NA,NA,290.81
1988-11-23,300.821,NA,NA,NA,292.373
1988-11-24,310.609,NA,NA,NA,292.419
1988-11-25,303.793,NA,NA,NA,291.566
1988-11-26,293.093,NA,NA,NA,290.52
1988-11-27,282.483,NA,NA,NA,289.993
1988-11-28,284.888,NA,NA,NA,290.922
1988-11-29,294.178,NA,NA,NA,290.892
1988-11-30,286.981,NA,NA,NA,290.124
1988-12-01,281.781,NA,NA,NA,289.706
1988-12-02,276.449,NA,NA,NA,289.249
1988-12-03,271.366,NA,NA,NA,288.713
1988-12-04,265.55,NA,NA,NA,288.112
1988-12-05,259.475,NA,NA,NA,287.469
1988-12-06,252.799,NA,NA,NA,287.116
1988-12-07,251.788,NA,NA,NA,287.07
1988-12-08,251.788,NA,NA,NA,287.055
1988-12-09,250.779,NA,NA,NA,286.89
1988-12-10,249.533,NA,NA,NA,286.771
1988-12-11,247.499,NA,NA,NA,286.542
1988-12-12,245.21,NA,NA,NA,286.229
1988-12-13,241.163,NA,NA,NA,285.826
1988-12-14,238.393,NA,NA,NA,285.506
1988-12-15,234.361,NA,NA,NA,285.055
1988-12-16,230.376,NA,NA,NA,284.555
1988-12-17,225.569,NA,NA,NA,284.083
1988-12-18,220.934,NA,NA,NA,283.555
1988-12-19,216.061,NA,NA,NA,283.016
1988-12-20,211.738,NA,NA,NA,282.632
1988-12-21,210.244,NA,NA,NA,282.461
1988-12-22,208.337,NA,NA,NA,282.257
1988-12-23,206.729,NA,NA,NA,282.053
1988-12-24,204.343,NA,NA,NA,281.769
1988-12-25,201.689,NA,NA,NA,281.437
1988-12-26,199.031,NA,NA,NA,281.208
1988-12-27,197.722,NA,NA,NA,281.074
1988-12-28,197.465,NA,NA,NA,281.056
1988-12-29,197.183,NA,NA,NA,281.065
1988-12-30,198.159,NA,NA,NA,281.452
1988-12-31,203.43,NA,NA,NA,281.992
1989-01-01,206.387,NA,NA,NA,282.245
1989-01-02,207.967,NA,NA,NA,282.406
1989-01-03,209.556,NA,NA,NA,282.574
1989-01-04,211.178,NA,NA,NA,282.784
1989-01-05,213.1,NA,NA,NA,282.961
1989-01-06,213.906,NA,NA,NA,282.985
1989-01-07,213.584,NA,NA,NA,282.833
1989-01-08,211.284,NA,NA,NA,282.586
1989-01-09,210.191,NA,NA,NA,283.199
1989-01-10,231.868,NA,NA,NA,286.872
1989-01-11,258.594,NA,NA,NA,287.929
1989-01-12,261.113,NA,NA,NA,287.917
1989-01-13,259.201,NA,NA,NA,287.64
1989-01-14,255.852,NA,NA,NA,287.222
1989-01-15,251.224,NA,NA,NA,286.713
1989-01-16,246.696,NA,NA,NA,286.375
1989-01-17,244.683,NA,NA,NA,286.286
1989-01-18,244.331,NA,NA,NA,286.198
1989-01-19,242.701,NA,NA,NA,285.957
1989-01-20,240.035,NA,NA,NA,285.613
1989-01-21,236.273,NA,NA,NA,285.244
1989-01-22,233.086,NA,NA,NA,284.872
1989-01-23,228.943,NA,NA,NA,284.327
1989-01-24,223.436,NA,NA,NA,283.662
1989-01-25,216.956,NA,NA,NA,283.293
1989-01-26,216.034,NA,NA,NA,283.214
1989-01-27,216.061,NA,NA,NA,283.229
1989-01-28,216.223,NA,NA,NA,283.254
1989-01-29,216.658,NA,NA,NA,283.333
1989-01-30,216.956,NA,NA,NA,283.354
1989-01-31,217.797,NA,NA,NA,283.635
1989-02-01,221.675,NA,NA,NA,283.943
1989-02-02,221.236,NA,NA,NA,283.418
1989-02-03,214.687,NA,NA,NA,282.62
1989-02-04,207.254,NA,NA,NA,281.705
1989-02-05,198.954,NA,NA,NA,280.727
1989-02-06,190.802,NA,NA,NA,279.745
1989-02-07,182.898,NA,NA,NA,278.73
1989-02-08,174.709,NA,NA,NA,277.667
1989-02-09,166.234,NA,NA,NA,276.545
1989-02-10,157.889,NA,NA,NA,275.417
1989-02-11,150.557,NA,NA,NA,275.116
1989-02-12,152.33,NA,NA,NA,275.356
1989-02-13,154.032,NA,NA,NA,275.588
1989-02-14,155.657,NA,NA,NA,275.807
1989-02-15,157.179,NA,NA,NA,276.006
1989-02-16,158.576,NA,NA,NA,276.28
1989-02-17,162.097,NA,NA,NA,277.014
1989-02-18,168.606,NA,NA,NA,277.901
1989-02-19,175.349,NA,NA,NA,278.865
1989-02-20,183.167,NA,NA,NA,279.733
1989-02-21,189.655,NA,NA,NA,280.492
1989-02-22,195.604,NA,NA,NA,281.269
1989-02-23,203.926,NA,NA,NA,282.351
1989-02-24,212.431,NA,NA,NA,283.184
1989-02-25,218.858,NA,NA,NA,283.808
1989-02-26,223.684,NA,NA,NA,284.305
1989-02-27,227.909,NA,NA,NA,284.738
1989-02-28,231.53,NA,NA,NA,285.116
1989-03-01,234.901,NA,NA,NA,285.457
1989-03-02,238.163,NA,NA,NA,285.802
1989-03-03,241.191,NA,NA,NA,286.094
1989-03-04,243.834,NA,NA,NA,286.36
1989-03-05,248.916,NA,NA,NA,286.777
1989-03-06,255.161,NA,NA,NA,288.722
1989-03-07,278.473,NA,NA,NA,290.407
1989-03-08,291.724,NA,NA,NA,291.398
1989-03-09,300.455,NA,NA,NA,292.12
1989-03-10,308.507,NA,NA,NA,292.949
1989-03-11,316.796,NA,NA,NA,293.553
1989-03-12,322.434,NA,NA,NA,294.028
1989-03-13,328.346,NA,NA,NA,294.803
1989-03-14,340.116,NA,NA,NA,295.613
1989-03-15,347.498,NA,NA,NA,296.116
1989-03-16,352.722,NA,NA,NA,296.607
1989-03-17,359.096,NA,NA,NA,296.951
1989-03-18,361.209,NA,NA,NA,297.244
1989-03-19,366.124,NA,NA,NA,297.582
1989-03-20,369.045,NA,NA,NA,297.823
1989-03-21,372.542,NA,NA,NA,298.344
1989-03-22,383.056,NA,NA,NA,299.179
1989-03-23,391.241,NA,NA,NA,299.527
1989-03-24,393.058,NA,NA,NA,299.676
1989-03-25,395.93,NA,NA,NA,300.219
1989-03-26,405.388,NA,NA,NA,300.633
1989-03-27,407.241,NA,NA,NA,300.7
1989-03-28,407.832,NA,NA,NA,300.786
1989-03-29,409.171,NA,NA,NA,300.847
1989-03-30,409.369,NA,NA,NA,300.789
1989-03-31,408.108,NA,NA,NA,300.716
1989-04-01,407.201,NA,NA,NA,300.771
1989-04-02,408.817,NA,NA,NA,300.935
1989-04-03,411.111,NA,NA,NA,301.081
1989-04-04,412.616,NA,NA,NA,301.209
1989-04-05,415.44,NA,NA,NA,301.539
1989-04-06,421.03,NA,NA,NA,301.92
1989-04-07,424.767,NA,NA,NA,302.188
1989-04-08,427.39,NA,NA,NA,302.231
1989-04-09,427.349,NA,NA,NA,302.17
1989-04-10,425.976,NA,NA,NA,302.048
1989-04-11,424.164,NA,NA,NA,301.981
1989-04-12,424.887,NA,NA,NA,302.13
1989-04-13,427.754,NA,NA,NA,302.407
1989-04-14,431.399,NA,NA,NA,302.666
1989-04-15,435.018,NA,NA,NA,302.898
1989-04-16,437.097,NA,NA,NA,303.005
1989-04-17,437.915,NA,NA,NA,303.023
1989-04-18,438.448,NA,NA,NA,303.16
1989-04-19,441.03,NA,NA,NA,303.407
1989-04-20,445.638,NA,NA,NA,303.742
1989-04-21,450.149,NA,NA,NA,304.029
1989-04-22,452.767,NA,NA,NA,304.2
1989-04-23,454.599,NA,NA,NA,304.318
1989-04-24,456.813,NA,NA,NA,304.489
1989-04-25,459.408,NA,NA,NA,304.715
1989-04-26,462.683,NA,NA,NA,304.974
1989-04-27,466.396,NA,NA,NA,305.227
1989-04-28,469.704,NA,NA,NA,305.452
1989-04-29,472.684,NA,NA,NA,305.663
1989-04-30,475.588,NA,NA,NA,305.864
1989-05-01,478.72,NA,NA,NA,306.089
1989-05-02,481.692,NA,NA,NA,306.272
1989-05-03,483.894,NA,NA,NA,306.449
1989-05-04,486.584,NA,NA,NA,306.638
1989-05-05,489.456,NA,NA,NA,306.845
1989-05-06,493.392,NA,NA,NA,307.062
1989-05-07,495.58,NA,NA,NA,307.272
1989-05-08,498.528,NA,NA,NA,307.461
1989-05-09,501.131,NA,NA,NA,307.638
1989-05-10,503.658,NA,NA,NA,307.808
1989-05-11,506.056,NA,NA,NA,307.882
1989-05-12,505.343,NA,NA,NA,307.848
1989-05-13,504.368,NA,NA,NA,307.763
1989-05-14,503.791,NA,NA,NA,307.723
1989-05-15,503.215,NA,NA,NA,307.68
1989-05-16,502.505,NA,NA,NA,307.632
1989-05-17,501.84,NA,NA,NA,307.604
1989-05-18,502.284,NA,NA,NA,307.592
1989-05-19,500.468,NA,NA,NA,307.452
1989-05-20,498.396,NA,NA,NA,307.369
1989-05-21,497.514,NA,NA,NA,307.309
1989-05-22,496.632,NA,NA,NA,307.229
1989-05-23,495.712,NA,NA,NA,307.153
1989-05-24,494.923,NA,NA,NA,307.199
1989-05-25,497.514,NA,NA,NA,307.406
1989-05-26,500.646,NA,NA,NA,307.616
1989-05-27,503.436,NA,NA,NA,307.775
1989-05-28,505.521,NA,NA,NA,307.946
1989-05-29,507.483,NA,NA,NA,308.022
1989-05-30,507.394,NA,NA,NA,307.961
1989-05-31,506.191,NA,NA,NA,307.9
1989-06-01,506.457,NA,NA,NA,307.936
1989-06-02,507.038,NA,NA,NA,307.97
1989-06-03,507.439,NA,NA,NA,307.991
1989-06-04,507.662,NA,NA,NA,308
1989-06-05,507.662,NA,NA,NA,307.994
1989-06-06,507.572,NA,NA,NA,307.985
1989-06-07,507.572,NA,NA,NA,308.006
1989-06-08,508.153,NA,NA,NA,308.043
1989-06-09,508.643,NA,NA,NA,308.071
1989-06-10,508.91,NA,NA,NA,308.086
1989-06-11,509.045,NA,NA,NA,308.092
1989-06-12,509,NA,NA,NA,308.086
1989-06-13,508.91,NA,NA,NA,308.08
1989-06-14,508.866,NA,NA,NA,308.083
1989-06-15,509,NA,NA,NA,308.095
1989-06-16,509.134,NA,NA,NA,308.086
1989-06-17,508.643,NA,NA,NA,308.049
1989-06-18,508.063,NA,NA,NA,308.013
1989-06-19,507.795,NA,NA,NA,308.01
1989-06-20,507.84,NA,NA,NA,308.01
1989-06-21,507.751,NA,NA,NA,307.994
1989-06-22,507.439,NA,NA,NA,307.973
1989-06-23,507.127,NA,NA,NA,307.949
1989-06-24,506.815,NA,NA,NA,307.918
1989-06-25,506.145,NA,NA,NA,307.875
1989-06-26,505.476,NA,NA,NA,307.848
1989-06-27,504.812,NA,NA,NA,307.778
1989-06-28,504.147,NA,NA,NA,307.732
1989-06-29,503.614,NA,NA,NA,307.702
1989-06-30,503.171,NA,NA,NA,307.677
1989-07-01,503.038,NA,NA,NA,307.683
1989-07-02,502.771,NA,NA,NA,307.659
1989-07-03,502.329,NA,NA,NA,307.629
1989-07-04,501.929,NA,NA,NA,307.601
1989-07-05,501.529,NA,NA,NA,307.571
1989-07-06,501.042,NA,NA,NA,307.537
1989-07-07,500.381,NA,NA,NA,307.491
1989-07-08,499.675,NA,NA,NA,307.443
1989-07-09,499.014,NA,NA,NA,307.394
1989-07-10,498.309,NA,NA,NA,307.345
1989-07-11,497.603,NA,NA,NA,307.299
1989-07-12,496.898,NA,NA,NA,307.248
1989-07-13,496.325,NA,NA,NA,307.208
1989-07-14,495.755,NA,NA,NA,307.168
1989-07-15,495.142,NA,NA,NA,307.126
1989-07-16,494.396,NA,NA,NA,307.086
1989-07-17,494.046,NA,NA,NA,307.071
1989-07-18,493.869,NA,NA,NA,307.049
1989-07-19,493.431,NA,NA,NA,307.01
1989-07-20,493.392,NA,NA,NA,306.961
1989-07-21,492.029,NA,NA,NA,306.909
1989-07-22,491.288,NA,NA,NA,306.857
1989-07-23,490.502,NA,NA,NA,306.803
1989-07-24,489.761,NA,NA,NA,306.754
1989-07-25,489.15,NA,NA,NA,306.699
1989-07-26,488.496,NA,NA,NA,306.647
1989-07-27,487.669,NA,NA,NA,306.589
1989-07-28,486.845,NA,NA,NA,306.534
1989-07-29,486.15,NA,NA,NA,306.486
1989-07-30,485.5,NA,NA,NA,306.44
1989-07-31,484.849,NA,NA,NA,306.403
1989-08-01,484.502,NA,NA,NA,306.373
1989-08-02,484.025,NA,NA,NA,306.358
1989-08-03,483.894,NA,NA,NA,306.342
1989-08-04,483.548,NA,NA,NA,306.312
1989-08-05,483.073,NA,NA,NA,306.278
1989-08-06,482.685,NA,NA,NA,306.251
1989-08-07,482.297,NA,NA,NA,306.217
1989-08-08,481.692,NA,NA,NA,306.175
1989-08-09,481.089,NA,NA,NA,306.129
1989-08-10,480.442,NA,NA,NA,306.08
1989-08-11,479.752,NA,NA,NA,306.031
1989-08-12,479.063,NA,NA,NA,305.983
1989-08-13,478.162,NA,NA,NA,305.922
1989-08-14,477.304,NA,NA,NA,305.849
1989-08-15,476.403,NA,NA,NA,305.791
1989-08-16,475.46,NA,NA,NA,305.724
1989-08-17,474.56,NA,NA,NA,305.666
1989-08-18,473.793,NA,NA,NA,305.614
1989-08-19,473.068,NA,NA,NA,305.559
1989-08-20,472.299,NA,NA,NA,305.504
1989-08-21,471.532,NA,NA,NA,305.464
1989-08-22,470.977,NA,NA,NA,305.455
1989-08-23,471.831,NA,NA,NA,305.568
1989-08-24,473.665,NA,NA,NA,305.641
1989-08-25,473.963,NA,NA,NA,305.644
1989-08-26,473.793,NA,NA,NA,305.617
1989-08-27,473.323,NA,NA,NA,305.602
1989-08-28,472.769,NA,NA,NA,305.522
1989-08-29,471.537,NA,NA,NA,305.446
1989-08-30,470.722,NA,NA,NA,305.385
1989-08-31,469.789,NA,NA,NA,305.324
1989-09-01,469.068,NA,NA,NA,305.272
1989-09-02,468.304,NA,NA,NA,305.218
1989-09-03,467.546,NA,NA,NA,305.16
1989-09-04,466.734,NA,NA,NA,305.126
1989-09-05,465.889,NA,NA,NA,305.01
1989-09-06,463.654,NA,NA,NA,304.827
1989-09-07,461.045,NA,NA,NA,304.8
1989-09-08,458.443,NA,NA,NA,304.44
1989-09-09,455.81,NA,NA,NA,304.242
1989-09-10,452.892,NA,NA,NA,304.029
1989-09-11,450.066,NA,NA,NA,303.815
1989-09-12,447.127,NA,NA,NA,303.602
1989-09-13,444.238,NA,NA,NA,303.389
1989-09-14,441.316,NA,NA,NA,303.169
1989-09-15,438.407,NA,NA,NA,302.953
1989-09-16,435.426,NA,NA,NA,302.727
1989-09-17,432.616,NA,NA,NA,302.532
1989-09-18,429.816,NA,NA,NA,302.325
1989-09-19,427.107,NA,NA,NA,302.103
1989-09-20,424.244,NA,NA,NA,301.889
1989-09-21,421.431,NA,NA,NA,301.679
1989-09-22,418.67,NA,NA,NA,301.462
1989-09-23,415.837,NA,NA,NA,301.219
1989-09-24,412.933,NA,NA,NA,301.005
1989-09-25,410.042,NA,NA,NA,300.801
1989-09-26,406.925,NA,NA,NA,300.46
1989-09-27,404.054,NA,NA,NA,300.368
1989-09-28,401.662,NA,NA,NA,300.146
1989-09-29,398.616,NA,NA,NA,299.905
1989-09-30,395.503,NA,NA,NA,299.39
1989-10-01,393.058,NA,NA,NA,299.496
1989-10-02,390.507,NA,NA,NA,299.274
1989-10-03,387.811,NA,NA,NA,299.064
1989-10-04,385.122,NA,NA,NA,298.847
1989-10-05,382.405,NA,NA,NA,298.634
1989-10-06,379.738,NA,NA,NA,298.421
1989-10-07,377.04,NA,NA,NA,298.216
1989-10-08,374.163,NA,NA,NA,297.982
1989-10-09,371.26,NA,NA,NA,297.729
1989-10-10,368.257,NA,NA,NA,297.485
1989-10-11,365.303,NA,NA,NA,297.247
1989-10-12,362.396,NA,NA,NA,297.022
1989-10-13,359.427,NA,NA,NA,296.762
1989-10-14,356.51,NA,NA,NA,296.534
1989-10-15,353.457,NA,NA,NA,296.287
1989-10-16,350.527,NA,NA,NA,296.003
1989-10-17,347.461,NA,NA,NA,295.766
1989-10-18,344.483,NA,NA,NA,295.51
1989-10-19,341.446,NA,NA,NA,295.26
1989-10-20,338.463,NA,NA,NA,295.004
1989-10-21,335.392,NA,NA,NA,294.766
1989-10-22,332.725,NA,NA,NA,294.547
1989-10-23,330.141,NA,NA,NA,294.294
1989-10-24,327.712,NA,NA,NA,294.062
1989-10-25,324.77,NA,NA,NA,293.803
1989-10-26,321.671,NA,NA,NA,293.574
1989-10-27,320.282,NA,NA,NA,293.532
1989-10-28,319.831,NA,NA,NA,293.443
1989-10-29,317.865,NA,NA,NA,293.242
1989-10-30,315.081,NA,NA,NA,292.943
1989-10-31,311.596,NA,NA,NA,292.632
1989-11-01,308.372,NA,NA,NA,292.337
1989-11-02,304.968,NA,NA,NA,292.023
1989-11-03,301.487,NA,NA,NA,291.709
1989-11-04,297.968,NA,NA,NA,291.419
1989-11-05,294.835,NA,NA,NA,291.118
1989-11-06,291.495,NA,NA,NA,290.801
1989-11-07,288.925,NA,NA,NA,290.682
1989-11-08,288.083,NA,NA,NA,290.545
1989-11-09,286.497,NA,NA,NA,290.551
1989-11-10,287.274,NA,NA,NA,290.487
1989-11-11,285.628,NA,NA,NA,290.304
1989-11-12,282.802,NA,NA,NA,290.17
1989-11-13,283.7,NA,NA,NA,290.194
1989-11-14,283.026,NA,NA,NA,290.099
1989-11-15,281.749,NA,NA,NA,289.941
1989-11-16,279.963,NA,NA,NA,289.758
1989-11-17,276.512,NA,NA,NA,289.307
1989-11-18,271.526,NA,NA,NA,288.853
1989-11-19,266.134,NA,NA,NA,288.28
1989-11-20,260.294,NA,NA,NA,287.679
1989-11-21,254.085,NA,NA,NA,287.097
1989-11-22,249.178,NA,NA,NA,286.588
1989-11-23,244.186,NA,NA,NA,286.073
1989-11-24,240.065,NA,NA,NA,285.744
1989-11-25,237.731,NA,NA,NA,285.582
1989-11-26,237.16,NA,NA,NA,285.537
1989-11-27,237.16,NA,NA,NA,285.485
1989-11-28,235.987,NA,NA,NA,285.369
1989-11-29,234.362,NA,NA,NA,285.174
1989-11-30,232.745,NA,NA,NA,284.958
1989-12-01,230.235,NA,NA,NA,284.714
1989-12-02,228.971,NA,NA,NA,284.659
1989-12-03,228.272,NA,NA,NA,284.637
1989-12-04,229.055,NA,NA,NA,284.89
1989-12-05,235.273,NA,NA,NA,286.091
1989-12-06,246.969,NA,NA,NA,286.817
1989-12-07,250.57,NA,NA,NA,286.93
1989-12-08,249.888,NA,NA,NA,287.067
1989-12-09,253.367,NA,NA,NA,287.338
1989-12-10,255.131,NA,NA,NA,287.445
1989-12-11,255.161,NA,NA,NA,287.399
1989-12-12,254.263,NA,NA,NA,287.207
1989-12-13,252.054,NA,NA,NA,286.902
1989-12-14,247.763,NA,NA,NA,286.439
1989-12-15,243.776,NA,NA,NA,286.003
1989-12-16,239.114,NA,NA,NA,285.537
1989-12-17,233.909,NA,NA,NA,284.942
1989-12-18,228.244,NA,NA,NA,284.281
1989-12-19,222.419,NA,NA,NA,283.702
1989-12-20,217.661,NA,NA,NA,283.098
1989-12-21,211.685,NA,NA,NA,282.431
1989-12-22,206.545,NA,NA,NA,281.885
1989-12-23,201.844,NA,NA,NA,281.443
1989-12-24,199.263,NA,NA,NA,281.242
1989-12-25,198.62,NA,NA,NA,281.172
1989-12-26,198.159,NA,NA,NA,281.111
1989-12-27,197.645,NA,NA,NA,281.035
1989-12-28,197.132,NA,NA,NA,281.01
1989-12-29,197.132,NA,NA,NA,281.026
1989-12-30,197.357,NA,NA,NA,281.047
1989-12-31,197.414,NA,NA,NA,281.071
1990-01-01,197.774,NA,NA,NA,281.16
1990-01-02,198.876,NA,NA,NA,281.282
1990-01-03,199.776,NA,NA,NA,281.361
1990-01-04,200.396,NA,NA,NA,281.474
1990-01-05,202.102,NA,NA,NA,281.839
1990-01-06,207.019,NA,NA,NA,283.104
1990-01-07,222.033,NA,NA,NA,285.296
1990-01-08,250.452,NA,NA,NA,288.883
1990-01-09,282.292,NA,NA,NA,290.633
1990-01-10,291.822,NA,NA,NA,291.349
1990-01-11,298.663,NA,NA,NA,291.694
1990-01-12,299.358,NA,NA,NA,291.361
1990-01-13,292.474,NA,NA,NA,290.538
1990-01-14,282.834,NA,NA,NA,289.877
1990-01-15,277.903,NA,NA,NA,289.35
1990-01-16,272.026,NA,NA,NA,288.74
1990-01-17,265.426,NA,NA,NA,288.06
1990-01-18,258.323,NA,NA,NA,287.32
1990-01-19,250.897,NA,NA,NA,286.542
1990-01-20,243.252,NA,NA,NA,286.043
1990-01-21,240.324,NA,NA,NA,285.683
1990-01-22,236.503,NA,NA,NA,285.323
1990-01-23,233.511,NA,NA,NA,285.098
1990-01-24,230.91,NA,NA,NA,284.455
1990-01-25,223.851,NA,NA,NA,283.641
1990-01-26,216.387,NA,NA,NA,282.873
1990-01-27,211.045,NA,NA,NA,282.553
1990-01-28,208.443,NA,NA,NA,282.376
1990-01-29,209.106,NA,NA,NA,282.696
1990-01-30,211.844,NA,NA,NA,282.9
1990-01-31,213.154,NA,NA,NA,282.982
1990-02-01,214.149,NA,NA,NA,283.059
1990-02-02,214.553,NA,NA,NA,282.921
1990-02-03,210.965,NA,NA,NA,282.412
1990-02-04,209.692,NA,NA,NA,282.714
1990-02-05,213.53,NA,NA,NA,283.181
1990-02-06,217.877,NA,NA,NA,283.668
1990-02-07,222.026,NA,NA,NA,284.08
1990-02-08,225.708,NA,NA,NA,284.509
1990-02-09,229.784,NA,NA,NA,285.055
1990-02-10,241.175,NA,NA,NA,286.512
1990-02-11,254.263,NA,NA,NA,287.945
1990-02-12,265.764,NA,NA,NA,288.877
1990-02-13,273.681,NA,NA,NA,289.545
1990-02-14,279.519,NA,NA,NA,290.029
1990-02-15,284.084,NA,NA,NA,290.45
1990-02-16,288.407,NA,NA,NA,290.822
1990-02-17,291.952,NA,NA,NA,291.066
1990-02-18,293.587,NA,NA,NA,291.258
1990-02-19,296.314,NA,NA,NA,291.489
1990-02-20,298.663,NA,NA,NA,291.77
1990-02-21,302.021,NA,NA,NA,292.221
1990-02-22,308.879,NA,NA,NA,292.846
1990-02-23,315.771,NA,NA,NA,293.443
1990-02-24,322.018,NA,NA,NA,293.986
1990-02-25,327.993,NA,NA,NA,294.537
1990-02-26,334.713,NA,NA,NA,295.132
1990-02-27,342.241,NA,NA,NA,295.757
1990-02-28,349.175,NA,NA,NA,296.229
1990-03-01,353.348,NA,NA,NA,296.5
1990-03-02,355.331,NA,NA,NA,296.613
1990-03-03,357.175,NA,NA,NA,296.808
1990-03-04,359.762,NA,NA,NA,297.128
1990-03-05,364.818,NA,NA,NA,297.457
1990-03-06,367.207,NA,NA,NA,297.524
1990-03-07,366.572,NA,NA,NA,297.47
1990-03-08,366.124,NA,NA,NA,297.448
1990-03-09,365.378,NA,NA,NA,297.406
1990-03-10,365.974,NA,NA,NA,297.646
1990-03-11,371.216,NA,NA,NA,297.942
1990-03-12,373.521,NA,NA,NA,298.073
1990-03-13,374.615,NA,NA,NA,298.079
1990-03-14,373.22,NA,NA,NA,298.064
1990-03-15,374.88,NA,NA,NA,298.222
1990-03-16,377.761,NA,NA,NA,298.469
1990-03-17,380.462,NA,NA,NA,298.713
1990-03-18,383.975,NA,NA,NA,299.039
1990-03-19,388.503,NA,NA,NA,299.405
1990-03-20,392.634,NA,NA,NA,299.695
1990-03-21,395.892,NA,NA,NA,299.966
1990-03-22,399.358,NA,NA,NA,300.222
1990-03-23,402.877,NA,NA,NA,300.515
1990-03-24,406.846,NA,NA,NA,300.81
1990-03-25,410.042,NA,NA,NA,301.005
1990-03-26,411.706,NA,NA,NA,301.103
1990-03-27,412.894,NA,NA,NA,301.173
1990-03-28,413.49,NA,NA,NA,301.219
1990-03-29,414.525,NA,NA,NA,301.337
1990-03-30,416.793,NA,NA,NA,301.526
1990-03-31,420.031,NA,NA,NA,301.813
1990-04-01,423.762,NA,NA,NA,302.16
1990-04-02,427.551,NA,NA,NA,302.392
1990-04-03,431.804,NA,NA,NA,302.691
1990-04-04,435.589,NA,NA,NA,302.965
1990-04-05,439.267,NA,NA,NA,303.261
1990-04-06,443.414,NA,NA,NA,303.559
1990-04-07,447.334,NA,NA,NA,303.861
1990-04-08,451.105,NA,NA,NA,304.123
1990-04-09,454.433,NA,NA,NA,304.312
1990-04-10,456.854,NA,NA,NA,304.465
1990-04-11,458.275,NA,NA,NA,304.8
1990-04-12,460.96,NA,NA,NA,304.803
1990-04-13,463.443,NA,NA,NA,304.977
1990-04-14,465.678,NA,NA,NA,305.16
1990-04-15,468.092,NA,NA,NA,305.349
1990-04-16,470.85,NA,NA,NA,305.541
1990-04-17,473.963,NA,NA,NA,305.724
1990-04-18,475.931,NA,NA,NA,305.849
1990-04-19,477.475,NA,NA,NA,305.958
1990-04-20,479.234,NA,NA,NA,306.074
1990-04-21,480.917,NA,NA,NA,306.202
1990-04-22,482.815,NA,NA,NA,306.351
1990-04-23,485.587,NA,NA,NA,306.653
1990-04-24,490.851,NA,NA,NA,306.976
1990-04-25,494.439,NA,NA,NA,307.299
1990-04-26,502.107,NA,NA,NA,307.799
1990-04-27,504.945,NA,NA,NA,308.217
1990-04-28,522.421,NA,NA,NA,309.18
1990-04-29,525.561,NA,NA,NA,308.951
1990-04-30,517.351,NA,NA,NA,308.336
1990-05-01,509.49,NA,NA,NA,307.9
1990-05-02,504.501,NA,NA,NA,307.665
1990-05-03,501.264,NA,NA,NA,307.549
1990-05-04,500.293,NA,NA,NA,307.488
1990-05-05,499.72,NA,NA,NA,307.449
1990-05-06,499.278,NA,NA,NA,307.415
1990-05-07,498.441,NA,NA,NA,307.309
1990-05-08,497.162,NA,NA,NA,307.275
1990-05-09,497.25,NA,NA,NA,307.26
1990-05-10,496.414,NA,NA,NA,307.251
1990-05-11,497.206,NA,NA,NA,307.315
1990-05-12,498.088,NA,NA,NA,307.388
1990-05-13,499.499,NA,NA,NA,307.479
1990-05-14,500.822,NA,NA,NA,307.565
1990-05-15,502.107,NA,NA,NA,307.65
1990-05-16,503.304,NA,NA,NA,307.711
1990-05-17,503.925,NA,NA,NA,307.757
1990-05-18,504.545,NA,NA,NA,307.796
1990-05-19,505.121,NA,NA,NA,307.848
1990-05-20,505.121,NA,NA,NA,307.866
1990-05-21,506.056,NA,NA,NA,307.9
1990-05-22,506.056,NA,NA,NA,307.885
1990-05-23,506.191,NA,NA,NA,307.863
1990-05-24,505.166,NA,NA,NA,307.848
1990-05-25,505.476,NA,NA,NA,307.851
1990-05-26,505.21,NA,NA,NA,307.814
1990-05-27,504.456,NA,NA,NA,307.76
1990-05-28,503.614,NA,NA,NA,307.693
1990-05-29,502.594,NA,NA,NA,307.665
1990-05-30,503.038,NA,NA,NA,307.741
1990-05-31,505.299,NA,NA,NA,307.952
1990-06-01,508.242,NA,NA,NA,308.046
1990-06-02,508.375,NA,NA,NA,308.019
1990-06-03,507.349,NA,NA,NA,307.955
1990-06-04,506.725,NA,NA,NA,307.921
1990-06-05,506.101,NA,NA,NA,307.869
1990-06-06,504.723,NA,NA,NA,307.848
1990-06-07,505.877,NA,NA,NA,307.897
1990-06-08,505.967,NA,NA,NA,307.79
1990-06-09,503.26,NA,NA,NA,307.555
1990-06-10,499.455,NA,NA,NA,307.339
1990-06-11,497.911,NA,NA,NA,307.324
1990-06-12,498.264,NA,NA,NA,307.47
1990-06-13,501.486,NA,NA,NA,307.696
1990-06-14,504.456,NA,NA,NA,307.875
1990-06-15,506.904,NA,NA,NA,307.946
1990-06-16,506.279,NA,NA,NA,307.949
1990-06-17,506.77,NA,NA,NA,307.967
1990-06-18,506.948,NA,NA,NA,307.946
1990-06-19,506.636,NA,NA,NA,307.952
1990-06-20,506.992,NA,NA,NA,307.982
1990-06-21,507.795,NA,NA,NA,308.031
1990-06-22,508.375,NA,NA,NA,308.061
1990-06-23,508.598,NA,NA,NA,308.071
1990-06-24,508.598,NA,NA,NA,308.058
1990-06-25,508.286,NA,NA,NA,308.034
1990-06-26,507.93,NA,NA,NA,308.049
1990-06-27,509.045,NA,NA,NA,308.083
1990-06-28,508.464,NA,NA,NA,308.046
1990-06-29,508.331,NA,NA,NA,308.043
1990-06-30,508.286,NA,NA,NA,308.043
1990-07-01,508.197,NA,NA,NA,308.034
1990-07-02,508.019,NA,NA,NA,308.028
1990-07-03,508.107,NA,NA,NA,308.019
1990-07-04,507.93,NA,NA,NA,308.003
1990-07-05,507.616,NA,NA,NA,307.988
1990-07-06,507.528,NA,NA,NA,307.985
1990-07-07,507.394,NA,NA,NA,307.973
1990-07-08,507.127,NA,NA,NA,307.958
1990-07-09,506.815,NA,NA,NA,307.927
1990-07-10,506.457,NA,NA,NA,307.894
1990-07-11,505.923,NA,NA,NA,307.854
1990-07-12,505.343,NA,NA,NA,307.814
1990-07-13,504.678,NA,NA,NA,307.775
1990-07-14,504.191,NA,NA,NA,307.735
1990-07-15,503.481,NA,NA,NA,307.683
1990-07-16,502.727,NA,NA,NA,307.632
1990-07-17,501.973,NA,NA,NA,307.604
1990-07-18,501.086,NA,NA,NA,307.522
1990-07-19,500.336,NA,NA,NA,307.47
1990-07-20,499.499,NA,NA,NA,307.4
1990-07-21,498.353,NA,NA,NA,307.33
1990-07-22,497.646,NA,NA,NA,307.275
1990-07-23,496.632,NA,NA,NA,307.199
1990-07-24,495.493,NA,NA,NA,307.132
1990-07-25,494.571,NA,NA,NA,307.065
1990-07-26,493.65,NA,NA,NA,307.004
1990-07-27,418.721,NA,NA,NA,306.934
1990-07-28,491.637,NA,NA,NA,306.867
1990-07-29,490.678,NA,NA,NA,306.806
1990-07-30,489.587,NA,NA,NA,306.72
1990-07-31,488.458,NA,NA,NA,306.644
1990-08-01,487.322,NA,NA,NA,306.562
1990-08-02,486.107,NA,NA,NA,306.479
1990-08-03,484.935,NA,NA,NA,306.391
1990-08-04,484.068,NA,NA,NA,306.339
1990-08-05,483.245,NA,NA,NA,306.278
1990-08-06,482.383,NA,NA,NA,306.217
1990-08-07,481.564,NA,NA,NA,306.159
1990-08-08,480.658,NA,NA,NA,306.098
1990-08-09,479.839,NA,NA,NA,306.034
1990-08-10,478.934,NA,NA,NA,305.973
1990-08-11,478.033,NA,NA,NA,305.909
1990-08-12,477.132,NA,NA,NA,305.845
1990-08-13,476.189,NA,NA,NA,305.772
1990-08-14,475.245,NA,NA,NA,305.669
1990-08-15,474.347,NA,NA,NA,305.638
1990-08-16,473.238,NA,NA,NA,305.556
1990-08-17,472.129,NA,NA,NA,305.492
1990-08-18,471.362,NA,NA,NA,305.437
1990-08-19,470.595,NA,NA,NA,305.373
1990-08-20,469.534,NA,NA,NA,305.303
1990-08-21,468.722,NA,NA,NA,305.242
1990-08-22,467.88,NA,NA,NA,305.19
1990-08-23,467.243,NA,NA,NA,305.135
1990-08-24,466.353,NA,NA,NA,305.071
1990-08-25,465.425,NA,NA,NA,305.001
1990-08-26,464.287,NA,NA,NA,304.925
1990-08-27,463.4,NA,NA,NA,304.864
1990-08-28,462.514,NA,NA,NA,304.785
1990-08-29,461.632,NA,NA,NA,304.8
1990-08-30,460.96,NA,NA,NA,304.8
1990-08-31,460.96,NA,NA,NA,304.8
1990-09-01,460.163,NA,NA,NA,304.626
1990-09-02,459.283,NA,NA,NA,304.8
1990-09-03,458.359,NA,NA,NA,304.489
1990-09-04,457.439,NA,NA,NA,304.425
1990-09-05,456.687,NA,NA,NA,304.343
1990-09-06,455.226,NA,NA,NA,304.23
1990-09-07,453.35,NA,NA,NA,304.093
1990-09-08,451.478,NA,NA,NA,303.959
1990-09-09,449.608,NA,NA,NA,303.819
1990-09-10,447.753,NA,NA,NA,303.681
1990-09-11,445.886,NA,NA,NA,303.541
1990-09-12,443.991,NA,NA,NA,303.401
1990-09-13,442.098,NA,NA,NA,303.261
1990-09-14,440.209,NA,NA,NA,303.124
1990-09-15,438.284,NA,NA,NA,302.993
1990-09-16,436.608,NA,NA,NA,302.861
1990-09-17,434.814,NA,NA,NA,302.688
1990-09-18,431.925,NA,NA,NA,302.468
1990-09-19,428.965,NA,NA,NA,302.249
1990-09-20,426.017,NA,NA,NA,302.02
1990-09-21,423.039,NA,NA,NA,301.798
1990-09-22,420.031,NA,NA,NA,301.569
1990-09-23,416.872,NA,NA,NA,301.319
1990-09-24,413.688,NA,NA,NA,301.075
1990-09-25,410.477,NA,NA,NA,300.832
1990-09-26,407.122,NA,NA,NA,300.575
1990-09-27,403.897,NA,NA,NA,300.326
1990-09-28,400.528,NA,NA,NA,300.066
1990-09-29,397.251,NA,NA,NA,299.774
1990-09-30,394.144,NA,NA,NA,299.533
1990-10-01,391.013,NA,NA,NA,299.286
1990-10-02,387.927,NA,NA,NA,299.085
1990-10-03,384.969,NA,NA,NA,298.856
1990-10-04,382.214,NA,NA,NA,298.634
1990-10-05,379.395,NA,NA,NA,298.424
1990-10-06,376.889,NA,NA,NA,298.195
1990-10-07,374.049,NA,NA,NA,297.966
1990-10-08,371.26,NA,NA,NA,297.713
1990-10-09,368.183,NA,NA,NA,297.476
1990-10-10,365.227,NA,NA,NA,297.232
1990-10-11,362.47,NA,NA,NA,297.015
1990-10-12,359.686,NA,NA,NA,296.805
1990-10-13,357.396,NA,NA,NA,296.607
1990-10-14,354.926,NA,NA,NA,296.4
1990-10-15,352.54,NA,NA,NA,296.226
1990-10-16,350.819,NA,NA,NA,296.083
1990-10-17,349.138,NA,NA,NA,295.93
1990-10-18,347.062,NA,NA,NA,295.802
1990-10-19,346.298,NA,NA,NA,295.732
1990-10-20,345.135,NA,NA,NA,295.595
1990-10-21,342.566,NA,NA,NA,295.437
1990-10-22,343.073,NA,NA,NA,295.626
1990-10-23,344.627,NA,NA,NA,295.574
1990-10-24,342.927,NA,NA,NA,295.369
1990-10-25,339.757,NA,NA,NA,295.068
1990-10-26,336.247,NA,NA,NA,294.821
1990-10-27,333.363,NA,NA,NA,294.565
1990-10-28,329.754,NA,NA,NA,294.269
1990-10-29,326.274,NA,NA,NA,293.922
1990-10-30,322.4,NA,NA,NA,293.766
1990-10-31,325.119,NA,NA,NA,294.3
1990-11-01,329.613,NA,NA,NA,294.211
1990-11-02,325.959,NA,NA,NA,293.775
1990-11-03,320.039,NA,NA,NA,293.37
1990-11-04,315.972,NA,NA,NA,293.279
1990-11-05,318.003,NA,NA,NA,293.376
1990-11-06,318.52,NA,NA,NA,293.205
1990-11-07,314.293,NA,NA,NA,292.77
1990-11-08,308.981,NA,NA,NA,292.294
1990-11-09,303.658,NA,NA,NA,291.822
1990-11-10,298.762,NA,NA,NA,291.474
1990-11-11,294.671,NA,NA,NA,291.047
1990-11-12,289.573,NA,NA,NA,290.551
1990-11-13,284.02,NA,NA,NA,290.066
1990-11-14,280.312,NA,NA,NA,289.688
1990-11-15,276.857,NA,NA,NA,289.456
1990-11-16,274.278,NA,NA,NA,289.225
1990-11-17,272.088,NA,NA,NA,288.99
1990-11-18,269.846,NA,NA,NA,288.789
1990-11-19,267.55,NA,NA,NA,288.539
1990-11-20,264.965,NA,NA,NA,288.31
1990-11-21,262.852,NA,NA,NA,288.143
1990-11-22,261.905,NA,NA,NA,288.295
1990-11-23,265.704,NA,NA,NA,288.615
1990-11-24,266.443,NA,NA,NA,288.374
1990-11-25,263.952,NA,NA,NA,289.392
1990-11-26,285.114,NA,NA,NA,290.487
1990-11-27,285.789,NA,NA,NA,290.206
1990-11-28,282.77,NA,NA,NA,289.968
1990-11-29,279.678,NA,NA,NA,289.621
1990-11-30,276.7,NA,NA,NA,289.414
1990-12-01,273.963,NA,NA,NA,289.072
1990-12-02,270.28,NA,NA,NA,288.664
1990-12-03,265.581,NA,NA,NA,288.149
1990-12-04,259.87,NA,NA,NA,287.588
1990-12-05,255.281,NA,NA,NA,287.173
1990-12-06,250.63,NA,NA,NA,286.622
1990-12-07,244.713,NA,NA,NA,285.963
1990-12-08,238.163,NA,NA,NA,285.506
1990-12-09,235.158,NA,NA,NA,285.314
1990-12-10,236.015,NA,NA,NA,285.826
1990-12-11,242.033,NA,NA,NA,286.061
1990-12-12,241.802,NA,NA,NA,285.835
1990-12-13,238.335,NA,NA,NA,285.369
1990-12-14,233.114,NA,NA,NA,284.756
1990-12-15,226.986,NA,NA,NA,284.302
1990-12-16,223.63,NA,NA,NA,283.897
1990-12-17,219.704,NA,NA,NA,283.54
1990-12-18,217.77,NA,NA,NA,283.619
1990-12-19,220.414,NA,NA,NA,283.772
1990-12-20,220.633,NA,NA,NA,283.717
1990-12-21,219.649,NA,NA,NA,283.464
1990-12-22,216.116,NA,NA,NA,283.049
1990-12-23,212.378,NA,NA,NA,282.611
1990-12-24,208.337,NA,NA,NA,282.236
1990-12-25,206.23,NA,NA,NA,282.047
1990-12-26,205.363,NA,NA,NA,281.928
1990-12-27,204.238,NA,NA,NA,281.827
1990-12-28,203.639,NA,NA,NA,281.763
1990-12-29,202.935,NA,NA,NA,281.641
1990-12-30,201.741,NA,NA,NA,281.474
1990-12-31,200.37,NA,NA,NA,281.312
1991-01-01,198.876,NA,NA,NA,281.178
1991-01-02,198.209,NA,NA,NA,281.096
1991-01-03,197.363,NA,NA,NA,281.077
1991-01-04,197.748,NA,NA,NA,281.111
1991-01-05,197.978,NA,NA,NA,281.144
1991-01-06,198.133,NA,NA,NA,281.163
1991-01-07,198.389,NA,NA,NA,281.224
1991-01-08,199.776,NA,NA,NA,281.428
1991-01-09,200.939,NA,NA,NA,281.498
1991-01-10,201.327,NA,NA,NA,281.711
1991-01-11,205.363,NA,NA,NA,282.355
1991-01-12,211.578,NA,NA,NA,283.912
1991-01-13,234.079,NA,NA,NA,286.012
1991-01-14,245.999,NA,NA,NA,286.795
1991-01-15,254.712,NA,NA,NA,288.036
1991-01-16,266.134,NA,NA,NA,288.627
1991-01-17,267.643,NA,NA,NA,288.533
1991-01-18,265.087,NA,NA,NA,288.173
1991-01-19,260.689,NA,NA,NA,287.67
1991-01-20,255.161,NA,NA,NA,287.067
1991-01-21,248.825,NA,NA,NA,286.381
1991-01-22,242.091,NA,NA,NA,285.652
1991-01-23,234.93,NA,NA,NA,284.854
1991-01-24,227.211,NA,NA,NA,284.287
1991-01-25,223.933,NA,NA,NA,283.955
1991-01-26,220.551,NA,NA,NA,283.647
1991-01-27,219.076,NA,NA,NA,283.504
1991-01-28,217.471,NA,NA,NA,283.342
1991-01-29,217.471,NA,NA,NA,283.424
1991-01-30,218.529,NA,NA,NA,283.534
1991-01-31,219.485,NA,NA,NA,283.647
1991-02-01,220.578,NA,NA,NA,283.641
1991-02-02,218.23,NA,NA,NA,283.406
1991-02-03,217.444,NA,NA,NA,283.644
1991-02-04,221.565,NA,NA,NA,284.061
1991-02-05,225.791,NA,NA,NA,284.842
1991-02-06,234.788,NA,NA,NA,285.613
1991-02-07,240.295,NA,NA,NA,286.104
1991-02-08,244.595,NA,NA,NA,286.503
1991-02-09,248.087,NA,NA,NA,286.835
1991-02-10,251.104,NA,NA,NA,287.109
1991-02-11,253.547,NA,NA,NA,287.323
1991-02-12,255.37,NA,NA,NA,287.527
1991-02-13,258.292,NA,NA,NA,288.283
1991-02-14,269.877,NA,NA,NA,289.365
1991-02-15,278.949,NA,NA,NA,290.075
1991-02-16,285.21,NA,NA,NA,290.602
1991-02-17,290.419,NA,NA,NA,291.078
1991-02-18,295.328,NA,NA,NA,291.526
1991-02-19,300.455,NA,NA,NA,292.02
1991-02-20,305.505,NA,NA,NA,292.571
1991-02-21,312.038,NA,NA,NA,293.242
1991-02-22,319.901,NA,NA,NA,293.745
1991-02-23,324.735,NA,NA,NA,294.147
1991-02-24,329.296,NA,NA,NA,294.504
1991-02-25,333.045,NA,NA,NA,294.803
1991-02-26,336.282,NA,NA,NA,295.059
1991-02-27,339.147,NA,NA,NA,295.287
1991-02-28,341.771,NA,NA,NA,295.51
1991-03-01,344.227,NA,NA,NA,295.714
1991-03-02,346.735,NA,NA,NA,296.01
1991-03-03,351.586,NA,NA,NA,296.58
1991-03-04,361.654,NA,NA,NA,297.756
1991-03-05,377.571,NA,NA,NA,298.686
1991-03-06,385.046,NA,NA,NA,299.045
1991-03-07,391.673,NA,NA,NA,298.841
1991-03-08,382.061,NA,NA,NA,298.524
1991-03-09,377.684,NA,NA,NA,298.165
1991-03-10,373.22,NA,NA,NA,297.872
1991-03-11,371.223,NA,NA,NA,297.869
1991-03-12,371.82,NA,NA,NA,297.936
1991-03-13,372.956,NA,NA,NA,298.113
1991-03-14,376.131,NA,NA,NA,298.347
1991-03-15,378.9,NA,NA,NA,298.546
1991-03-16,381.032,NA,NA,NA,298.759
1991-03-17,384.204,NA,NA,NA,299.003
1991-03-18,387.234,NA,NA,NA,299.25
1991-03-19,390.507,NA,NA,NA,299.509
1991-03-20,393.755,NA,NA,NA,299.746
1991-03-21,396.591,NA,NA,NA,299.966
1991-03-22,399.435,NA,NA,NA,300.191
1991-03-23,402.407,NA,NA,NA,300.435
1991-03-24,405.585,NA,NA,NA,300.713
1991-03-25,409.449,NA,NA,NA,300.996
1991-03-26,412.854,NA,NA,NA,301.209
1991-03-27,414.882,NA,NA,NA,301.35
1991-03-28,417.031,NA,NA,NA,301.533
1991-03-29,419.51,NA,NA,NA,301.715
1991-03-30,421.833,NA,NA,NA,301.892
1991-03-31,424.205,NA,NA,NA,302.096
1991-04-01,427.31,NA,NA,NA,302.365
1991-04-02,431.074,NA,NA,NA,302.63
1991-04-03,434.487,NA,NA,NA,302.807
1991-04-04,433.999,NA,NA,NA,302.535
1991-04-05,429.49,NA,NA,NA,302.499
1991-04-06,435.874,NA,NA,NA,303.066
1991-04-07,439.103,NA,NA,NA,303.029
1991-04-08,437.219,NA,NA,NA,302.95
1991-04-09,438.12,NA,NA,NA,303.316
1991-04-10,445.555,NA,NA,NA,303.77
1991-04-11,449.982,NA,NA,NA,303.992
1991-04-12,452.102,NA,NA,NA,304.111
1991-04-13,453.432,NA,NA,NA,304.187
1991-04-14,454.266,NA,NA,NA,304.254
1991-04-15,455.268,NA,NA,NA,304.318
1991-04-16,455.852,NA,NA,NA,304.34
1991-04-17,456.061,NA,NA,NA,304.41
1991-04-18,457.356,NA,NA,NA,304.492
1991-04-19,458.191,NA,NA,NA,304.605
1991-04-20,460.247,NA,NA,NA,304.754
1991-04-21,463.105,NA,NA,NA,304.952
1991-04-22,465.889,NA,NA,NA,305.135
1991-04-23,468.473,NA,NA,NA,305.318
1991-04-24,471.319,NA,NA,NA,305.562
1991-04-25,475.33,NA,NA,NA,305.867
1991-04-26,478.978,NA,NA,NA,306.111
1991-04-27,482.772,NA,NA,NA,306.354
1991-04-28,485.369,NA,NA,NA,306.537
1991-04-29,487.538,NA,NA,NA,306.659
1991-04-30,489.281,NA,NA,NA,306.781
1991-05-01,491.026,NA,NA,NA,306.903
1991-05-02,492.73,NA,NA,NA,307.025
1991-05-03,494.264,NA,NA,NA,307.116
1991-05-04,496.239,NA,NA,NA,307.238
1991-05-05,497.999,NA,NA,NA,307.36
1991-05-06,499.543,NA,NA,NA,307.482
1991-05-07,501.529,NA,NA,NA,307.604
1991-05-08,503.26,NA,NA,NA,307.939
1991-05-09,509.669,NA,NA,NA,308.122
1991-05-10,509.222,NA,NA,NA,308.122
1991-05-11,510.071,NA,NA,NA,308.153
1991-05-12,509.446,NA,NA,NA,308.122
1991-05-13,510.16,NA,NA,NA,308.183
1991-05-14,510.206,NA,NA,NA,308.183
1991-05-15,510.294,NA,NA,NA,308.153
1991-05-16,509.892,NA,NA,NA,308.122
1991-05-17,509.713,NA,NA,NA,308.183
1991-05-18,510.743,NA,NA,NA,308.183
1991-05-19,510.626,NA,NA,NA,308.122
1991-05-20,508.822,NA,NA,NA,308
1991-05-21,507.572,NA,NA,NA,307.97
1991-05-22,507.349,NA,NA,NA,307.97
1991-05-23,507.528,NA,NA,NA,307.97
1991-05-24,507.394,NA,NA,NA,307.97
1991-05-25,506.859,NA,NA,NA,307.939
1991-05-26,506.056,NA,NA,NA,307.878
1991-05-27,505.61,NA,NA,NA,307.848
1991-05-28,505.7,NA,NA,NA,307.909
1991-05-29,506.368,NA,NA,NA,307.939
1991-05-30,507.171,NA,NA,NA,308.031
1991-05-31,508.687,NA,NA,NA,308.061
1991-06-01,508.598,NA,NA,NA,308.031
1991-06-02,507.707,NA,NA,NA,307.97
1991-06-03,507.038,NA,NA,NA,307.909
1991-06-04,505.877,NA,NA,NA,307.848
1991-06-05,505.343,NA,NA,NA,307.818
1991-06-06,505.521,NA,NA,NA,307.848
1991-06-07,506.145,NA,NA,NA,307.909
1991-06-08,506.992,NA,NA,NA,307.97
1991-06-09,507.84,NA,NA,NA,308
1991-06-10,508.286,NA,NA,NA,308.031
1991-06-11,508.464,NA,NA,NA,308.031
1991-06-12,508.598,NA,NA,NA,308.061
1991-06-13,508.643,NA,NA,NA,308.061
1991-06-14,508.822,NA,NA,NA,308.061
1991-06-15,508.822,NA,NA,NA,308.061
1991-06-16,508.866,NA,NA,NA,308.061
1991-06-17,509.045,NA,NA,NA,308.092
1991-06-18,508.866,NA,NA,NA,308.092
1991-06-19,508.91,NA,NA,NA,308.092
1991-06-20,508.822,NA,NA,NA,308.092
1991-06-21,509.178,NA,NA,NA,308.122
1991-06-22,509.892,NA,NA,NA,308.122
1991-06-23,509.268,NA,NA,NA,308.092
1991-06-24,508.375,NA,NA,NA,308
1991-06-25,507.349,NA,NA,NA,307.939
1991-06-26,506.368,NA,NA,NA,307.909
1991-06-27,506.368,NA,NA,NA,307.909
1991-06-28,506.77,NA,NA,NA,307.939
1991-06-29,507.349,NA,NA,NA,307.97
1991-06-30,507.528,NA,NA,NA,307.97
1991-07-01,507.662,NA,NA,NA,307.97
1991-07-02,507.751,NA,NA,NA,307.97
1991-07-03,507.662,NA,NA,NA,307.97
1991-07-04,507.483,NA,NA,NA,307.97
1991-07-05,507.382,NA,NA,NA,307.939
1991-07-06,506.948,NA,NA,NA,307.939
1991-07-07,506.725,NA,NA,NA,307.909
1991-07-08,506.279,NA,NA,NA,307.878
1991-07-09,505.923,NA,NA,NA,307.848
1991-07-10,504.9,NA,NA,NA,307.787
1991-07-11,504.236,NA,NA,NA,307.726
1991-07-12,503.525,NA,NA,NA,307.696
1991-07-13,502.86,NA,NA,NA,307.635
1991-07-14,501.929,NA,NA,NA,307.574
1991-07-15,501.131,NA,NA,NA,307.513
1991-07-16,500.028,NA,NA,NA,307.421
1991-07-17,499.146,NA,NA,NA,307.391
1991-07-18,498.617,NA,NA,NA,307.33
1991-07-19,497.779,NA,NA,NA,307.269
1991-07-20,497.117,NA,NA,NA,307.238
1991-07-21,496.325,NA,NA,NA,307.208
1991-07-22,495.668,NA,NA,NA,307.147
1991-07-23,495.01,NA,NA,NA,307.086
1991-07-24,494.001,NA,NA,NA,306.995
1991-07-25,492.466,NA,NA,NA,306.903
1991-07-26,491.069,NA,NA,NA,306.812
1991-07-27,489.63,NA,NA,NA,306.72
1991-07-28,488.235,NA,NA,NA,306.598
1991-07-29,486.757,NA,NA,NA,306.507
1991-07-30,485.283,NA,NA,NA,306.415
1991-07-31,484.154,NA,NA,NA,306.324
1991-08-01,482.902,NA,NA,NA,306.263
1991-08-02,481.908,NA,NA,NA,306.172
1991-08-03,480.917,NA,NA,NA,306.111
1991-08-04,479.839,NA,NA,NA,306.05
1991-08-05,478.848,NA,NA,NA,305.958
1991-08-06,477.818,NA,NA,NA,305.897
1991-08-07,476.789,NA,NA,NA,305.806
1991-08-08,475.673,NA,NA,NA,305.745
1991-08-09,474.732,NA,NA,NA,305.684
1991-08-10,474.13,NA,NA,NA,305.623
1991-08-11,472.983,NA,NA,NA,305.532
1991-08-12,471.959,NA,NA,NA,305.471
1991-08-13,470.807,NA,NA,NA,305.379
1991-08-14,469.746,NA,NA,NA,305.318
1991-08-15,468.643,NA,NA,NA,305.227
1991-08-16,467.498,NA,NA,NA,305.135
1991-08-17,466.438,NA,NA,NA,305.074
1991-08-18,465.214,NA,NA,NA,304.983
1991-08-19,464.033,NA,NA,NA,304.891
1991-08-20,462.725,NA,NA,NA,304.8
1991-08-21,461.716,NA,NA,NA,304.742
1991-08-22,460.583,NA,NA,NA,304.657
1991-08-23,459.408,NA,NA,NA,304.571
1991-08-24,458.233,NA,NA,NA,304.471
1991-08-25,457.022,NA,NA,NA,304.382
1991-08-26,455.726,NA,NA,NA,304.291
1991-08-27,454.516,NA,NA,NA,304.206
1991-08-28,453.516,NA,NA,NA,304.142
1991-08-29,452.685,NA,NA,NA,304.078
1991-08-30,451.687,NA,NA,NA,303.998
1991-08-31,450.606,NA,NA,NA,303.916
1991-09-01,449.485,NA,NA,NA,303.837
1991-09-02,448.368,NA,NA,NA,303.755
1991-09-03,NA,NA,NA,NA,NA
1991-09-04,NA,NA,NA,NA,NA
1991-09-05,NA,NA,NA,NA,NA
1991-09-06,NA,NA,NA,NA,NA
1991-09-07,NA,NA,NA,NA,NA
1991-09-08,NA,NA,NA,NA,NA
1991-09-09,NA,NA,NA,NA,NA
1991-09-10,NA,NA,NA,NA,NA
1991-09-11,NA,NA,NA,NA,NA
1991-09-12,NA,NA,NA,NA,NA
1991-09-13,NA,NA,NA,NA,NA
1991-09-14,NA,NA,NA,NA,NA
1991-09-15,NA,NA,NA,NA,NA
1991-09-16,NA,NA,NA,NA,NA
1991-09-17,NA,NA,NA,NA,NA
1991-09-18,NA,NA,NA,NA,NA
1991-09-19,NA,NA,NA,NA,NA
1991-09-20,NA,NA,NA,NA,NA
1991-09-21,NA,NA,NA,NA,NA
1991-09-22,NA,NA,NA,NA,NA
1991-09-23,NA,NA,NA,NA,NA
1991-09-24,NA,NA,NA,NA,NA
1991-09-25,NA,NA,NA,NA,NA
1991-09-26,NA,NA,NA,NA,NA
1991-09-27,NA,NA,NA,NA,NA
1991-09-28,NA,NA,NA,NA,NA
1991-09-29,NA,NA,NA,NA,NA
1991-09-30,NA,NA,NA,NA,NA
1991-10-01,NA,NA,NA,NA,NA
1991-10-02,359.91,NA,NA,NA,296.866
1991-10-03,357.729,NA,NA,NA,296.628
1991-10-04,354.854,NA,NA,NA,296.388
1991-10-05,351.99,NA,NA,NA,296.168
1991-10-06,349.285,NA,NA,NA,295.943
1991-10-07,346.589,NA,NA,NA,295.726
1991-10-08,343.904,NA,NA,NA,295.501
1991-10-09,341.197,NA,NA,NA,295.272
1991-10-10,338.5,NA,NA,NA,295.043
1991-10-11,335.784,NA,NA,NA,294.803
1991-10-12,332.903,NA,NA,NA,294.537
1991-10-13,329.965,NA,NA,NA,294.297
1991-10-14,327.255,NA,NA,NA,294.001
1991-10-15,324.281,NA,NA,NA,293.745
1991-10-16,321.359,NA,NA,NA,293.574
1991-10-17,320.213,NA,NA,NA,293.474
1991-10-18,319.073,NA,NA,NA,293.373
1991-10-19,317.969,NA,NA,NA,293.272
1991-10-20,316.796,NA,NA,NA,293.181
1991-10-21,315.664,NA,NA,NA,293.681
1991-10-22,314.532,NA,NA,NA,292.977
1991-10-23,313.607,NA,NA,NA,292.913
1991-10-24,312.957,NA,NA,NA,292.873
1991-10-25,312.719,NA,NA,NA,293.123
1991-10-26,312.992,NA,NA,NA,292.882
1991-10-27,312.106,NA,NA,NA,292.766
1991-10-28,310.303,NA,NA,NA,292.547
1991-10-29,307.899,NA,NA,NA,292.358
1991-10-30,306.009,NA,NA,NA,292.169
1991-10-31,303.691,NA,NA,NA,291.937
1991-11-01,300.988,NA,NA,NA,291.688
1991-11-02,298.265,NA,NA,NA,291.45
1991-11-03,295.824,NA,NA,NA,291.224
1991-11-04,293.421,NA,NA,NA,290.996
1991-11-05,291.126,NA,NA,NA,290.977
1991-11-06,297.663,NA,NA,NA,291.642
1991-11-07,299.39,NA,NA,NA,291.569
1991-11-08,296.775,NA,NA,NA,291.349
1991-11-09,294.342,NA,NA,NA,291.096
1991-11-10,291.626,NA,NA,NA,290.807
1991-11-11,288.342,NA,NA,NA,290.368
1991-11-12,285.018,NA,NA,NA,290.298
1991-11-13,284.246,NA,NA,NA,290.301
1991-11-14,284.728,NA,NA,NA,290.325
1991-11-15,284.438,NA,NA,NA,290.221
1991-11-16,282.738,NA,NA,NA,289.99
1991-11-17,279.424,NA,NA,NA,289.752
1991-11-18,278.22,NA,NA,NA,289.898
1991-11-19,281.813,NA,NA,NA,290.005
1991-11-20,279.995,NA,NA,NA,290.133
1991-11-21,286.303,NA,NA,NA,290.526
1991-11-22,286.917,NA,NA,NA,290.322
1991-11-23,282.675,NA,NA,NA,289.807
1991-11-24,276.575,NA,NA,NA,289.246
1991-11-25,272.307,NA,NA,NA,289.667
1991-11-26,288.472,NA,NA,NA,291.072
1991-11-27,300.954,NA,NA,NA,292.715
1991-11-28,315.149,NA,NA,NA,292.983
1991-11-29,311.324,NA,NA,NA,292.407
1991-11-30,303.557,NA,NA,NA,291.526
1991-12-01,289.843,NA,NA,NA,290.38
1991-12-02,280.728,NA,NA,NA,289.697
1991-12-03,275.913,NA,NA,NA,289.145
1991-12-04,269.691,NA,NA,NA,288.502
1991-12-05,263.098,NA,NA,NA,287.878
1991-12-06,258.383,NA,NA,NA,288.819
1991-12-07,286.143,NA,NA,NA,292.48
1991-12-08,302.687,NA,NA,NA,292.023
1991-12-09,302.388,NA,NA,NA,291.63
1991-12-10,295.196,NA,NA,NA,290.788
1991-12-11,284.728,NA,NA,NA,289.92
1991-12-12,278.854,NA,NA,NA,289.594
1991-12-13,276.008,NA,NA,NA,289.435
1991-12-14,274.97,NA,NA,NA,289.185
1991-12-15,271.276,NA,NA,NA,288.755
1991-12-16,266.289,NA,NA,NA,288.207
1991-12-17,260.263,NA,NA,NA,287.576
1991-12-18,253.696,NA,NA,NA,286.914
1991-12-19,247.675,NA,NA,NA,286.277
1991-12-20,241.075,NA,NA,NA,285.549
1991-12-21,233.937,NA,NA,NA,284.769
1991-12-22,226.818,NA,NA,NA,284.052
1991-12-23,220.469,NA,NA,NA,283.302
1991-12-24,213.557,NA,NA,NA,282.827
1991-12-25,210.884,NA,NA,NA,282.547
1991-12-26,208.549,NA,NA,NA,282.245
1991-12-27,205.81,NA,NA,NA,281.952
1991-12-28,203.744,NA,NA,NA,281.766
1991-12-29,202.492,NA,NA,NA,281.605
1991-12-30,200.885,NA,NA,NA,281.376
1991-12-31,199.133,NA,NA,NA,281.208
1992-01-01,198.701,NA,NA,NA,281.208
1992-01-02,198.876,NA,NA,NA,281.282
1992-01-03,200.758,NA,NA,NA,281.419
1992-01-04,203.793,NA,NA,NA,281.696
1992-01-05,205.468,NA,NA,NA,281.867
1992-01-06,205.004,NA,NA,NA,281.964
1992-01-07,204.891,NA,NA,NA,281.943
1992-01-08,203.168,NA,NA,NA,281.934
1992-01-09,202.647,NA,NA,NA,281.91
1992-01-10,204.185,NA,NA,NA,281.852
1992-01-11,204.76,NA,NA,NA,281.803
1992-01-12,203.064,NA,NA,NA,282.041
1992-01-13,204.906,NA,NA,NA,282.169
1992-01-14,208.952,NA,NA,NA,282.196
1992-01-15,207.254,NA,NA,NA,282.19
1992-01-16,206.707,NA,NA,NA,282.187
1992-01-17,209.926,NA,NA,NA,282.214
1992-01-18,208.337,NA,NA,NA,282.327
1992-01-19,210.456,NA,NA,NA,282.419
1992-01-20,211.685,NA,NA,NA,282.431
1992-01-21,208.443,NA,NA,NA,282.376
1992-01-22,209.926,NA,NA,NA,282.318
1992-01-23,208.337,NA,NA,NA,282.446
1992-01-24,211.214,NA,NA,NA,282.556
1992-01-25,211.682,NA,NA,NA,282.69
1992-01-26,212.805,NA,NA,NA,282.867
1992-01-27,214.848,NA,NA,NA,283.144
1992-01-28,214.175,NA,NA,NA,283.449
1992-01-29,226.368,NA,NA,NA,284.15
1992-01-30,231.078,NA,NA,NA,284.671
1992-01-31,233.937,NA,NA,NA,284.769
1992-02-01,231.19,NA,NA,NA,284.689
1992-02-02,230.957,NA,NA,NA,284.619
1992-02-03,231.5,NA,NA,NA,284.674
1992-02-04,233.086,NA,NA,NA,284.872
1992-02-05,232.064,NA,NA,NA,285.113
1992-02-06,236.042,NA,NA,NA,285.335
1992-02-07,234.077,NA,NA,NA,285.579
1992-02-08,237.846,NA,NA,NA,285.79
1992-02-09,242.701,NA,NA,NA,285.957
1992-02-10,244.186,NA,NA,NA,286.082
1992-02-11,238.277,NA,NA,NA,286.183
1992-02-12,239.977,NA,NA,NA,286.25
1992-02-13,245.385,NA,NA,NA,286.338
1992-02-14,247.763,NA,NA,NA,286.442
1992-02-15,248.147,NA,NA,NA,286.558
1992-02-16,249.265,NA,NA,NA,286.677
1992-02-17,248.916,NA,NA,NA,286.777
1992-02-18,251.726,NA,NA,NA,286.887
1992-02-19,253.247,NA,NA,NA,287.103
1992-02-20,261.374,NA,NA,NA,287.963
1992-02-21,281.781,NA,NA,NA,289.706
1992-02-22,298.502,NA,NA,NA,291.435
1992-02-23,312.481,NA,NA,NA,293.05
1992-02-24,332.465,NA,NA,NA,294.367
1992-02-25,337.317,NA,NA,NA,295.156
1992-02-26,341.987,NA,NA,NA,295.589
1992-02-27,345.027,NA,NA,NA,295.869
1992-02-28,351.974,NA,NA,NA,296.156
1992-02-29,355.552,NA,NA,NA,296.464
1992-03-01,357.469,NA,NA,NA,296.72
1992-03-02,355.845,NA,NA,NA,296.942
1992-03-03,361.95,NA,NA,NA,297.143
1992-03-04,366.384,NA,NA,NA,297.323
1992-03-05,363.847,NA,NA,NA,297.491
1992-03-06,370.537,NA,NA,NA,297.662
1992-03-07,370.473,NA,NA,NA,297.79
1992-03-08,374.692,NA,NA,NA,297.96
1992-03-09,371.524,NA,NA,NA,298.094
1992-03-10,376.606,NA,NA,NA,298.213
1992-03-11,376.394,NA,NA,NA,298.323
1992-03-12,379.395,NA,NA,NA,298.424
1992-03-13,382.061,NA,NA,NA,298.524
1992-03-14,380.307,NA,NA,NA,298.619
1992-03-15,383.475,NA,NA,NA,298.707
1992-03-16,382.215,NA,NA,NA,298.78
1992-03-17,384.701,NA,NA,NA,298.817
1992-03-18,384.969,NA,NA,NA,298.875
1992-03-19,384.74,NA,NA,NA,298.984
1992-03-20,390.236,NA,NA,NA,299.091
1992-03-21,383.056,NA,NA,NA,299.179
1992-03-22,388.586,NA,NA,NA,299.259
1992-03-23,390.738,NA,NA,NA,299.323
1992-03-24,391.473,NA,NA,NA,299.362
1992-03-25,382.366,NA,NA,NA,299.384
1992-03-26,388.503,NA,NA,NA,299.402
1992-03-27,392.517,NA,NA,NA,299.42
1992-03-28,390.121,NA,NA,NA,299.426
1992-03-29,400.256,NA,NA,NA,299.442
1992-03-30,391.473,NA,NA,NA,299.432
1992-03-31,391.861,NA,NA,NA,299.414
1992-04-01,391.783,NA,NA,NA,299.411
1992-04-02,392.207,NA,NA,NA,299.411
1992-04-03,386.811,NA,NA,NA,299.399
1992-04-04,395.503,NA,NA,NA,299.39
1992-04-05,391.667,NA,NA,NA,299.393
1992-04-06,391.009,NA,NA,NA,299.408
1992-04-07,392.517,NA,NA,NA,299.423
1992-04-08,400.256,NA,NA,NA,299.442
1992-04-09,391.937,NA,NA,NA,299.469
1992-04-10,399.163,NA,NA,NA,299.896
1992-04-11,413.728,NA,NA,NA,301.383
1992-04-12,426.344,NA,NA,NA,302.301
1992-04-13,438.284,NA,NA,NA,302.858
1992-04-14,442.179,NA,NA,NA,303.3
1992-04-15,447.581,NA,NA,NA,303.697
1992-04-16,450.937,NA,NA,NA,304.041
1992-04-17,456.521,NA,NA,NA,304.355
1992-04-18,465.889,NA,NA,NA,305.01
1992-04-19,480.353,NA,NA,NA,306.059
1992-04-20,489.846,NA,NA,NA,306.748
1992-04-21,495.359,NA,NA,NA,307.165
1992-04-22,497.292,NA,NA,NA,307.257
1992-04-23,496.239,NA,NA,NA,307.254
1992-04-24,496.325,NA,NA,NA,307.208
1992-04-25,495.315,NA,NA,NA,307.129
1992-04-26,495.229,NA,NA,NA,307.104
1992-04-27,495.403,NA,NA,NA,307.123
1992-04-28,495.095,NA,NA,NA,307.107
1992-04-29,495.622,NA,NA,NA,307.135
1992-04-30,489.322,NA,NA,NA,307.177
1992-05-01,495.58,NA,NA,NA,307.272
1992-05-02,498.085,NA,NA,NA,307.376
1992-05-03,499.278,NA,NA,NA,307.415
1992-05-04,498.481,NA,NA,NA,307.418
1992-05-05,499.014,NA,NA,NA,307.394
1992-05-06,498.882,NA,NA,NA,307.357
1992-05-07,497.82,NA,NA,NA,307.296
1992-05-08,495.753,NA,NA,NA,307.196
1992-05-09,493.431,NA,NA,NA,307.01
1992-05-10,491.285,NA,NA,NA,306.848
1992-05-11,489.191,NA,NA,NA,306.693
1992-05-12,486.408,NA,NA,NA,306.489
1992-05-13,483.591,NA,NA,NA,306.269
1992-05-14,480.269,NA,NA,NA,306.047
1992-05-15,476.746,NA,NA,NA,305.815
1992-05-16,474.132,NA,NA,NA,305.58
1992-05-17,470.468,NA,NA,NA,305.343
1992-05-18,466.989,NA,NA,NA,305.099
1992-05-19,461.322,NA,NA,NA,304.849
1992-05-20,458.191,NA,NA,NA,304.605
1992-05-21,457.439,NA,NA,NA,304.425
1992-05-22,455.015,NA,NA,NA,304.245
1992-05-23,448.697,NA,NA,NA,304.129
1992-05-24,448.697,NA,NA,NA,304.126
1992-05-25,451.105,NA,NA,NA,304.123
1992-05-26,452.058,NA,NA,NA,304.117
1992-05-27,452.017,NA,NA,NA,304.108
1992-05-28,453.972,NA,NA,NA,304.087
1992-05-29,452.892,NA,NA,NA,304.059
1992-05-30,452.687,NA,NA,NA,304.032
1992-05-31,449.485,NA,NA,NA,303.995
1992-06-01,443.785,NA,NA,NA,303.953
1992-06-02,444.237,NA,NA,NA,303.91
1992-06-03,447.869,NA,NA,NA,303.87
1992-06-04,448.201,NA,NA,NA,303.84
1992-06-05,449.402,NA,NA,NA,303.822
1992-06-06,448.987,NA,NA,NA,303.782
1992-06-07,448.697,NA,NA,NA,303.73
1992-06-08,444.773,NA,NA,NA,303.66
1992-06-09,445.473,NA,NA,NA,303.59
1992-06-10,445.226,NA,NA,NA,303.514
1992-06-11,449.485,NA,NA,NA,303.462
1992-06-12,448.078,NA,NA,NA,303.41
1992-06-13,443.043,NA,NA,NA,303.364
1992-06-14,446.341,NA,NA,NA,303.34
1992-06-15,438.897,NA,NA,NA,303.322
1992-06-16,442.837,NA,NA,NA,303.294
1992-06-17,440.085,NA,NA,NA,303.249
1992-06-18,440.905,NA,NA,NA,303.209
1992-06-19,440.454,NA,NA,NA,303.166
1992-06-20,437.628,NA,NA,NA,303.121
1992-06-21,439.839,NA,NA,NA,303.072
1992-06-22,438.405,NA,NA,NA,303.011
1992-06-23,437.587,NA,NA,NA,302.941
1992-06-24,435.423,NA,NA,NA,302.88
1992-06-25,433.794,NA,NA,NA,302.819
1992-06-26,435.098,NA,NA,NA,302.752
1992-06-27,436.363,NA,NA,NA,302.685
1992-06-28,427.631,NA,NA,NA,302.618
1992-06-29,432.818,NA,NA,NA,302.548
1992-06-30,429.857,NA,NA,NA,302.502
1992-07-01,428.359,NA,NA,NA,302.45
1992-07-02,429.978,NA,NA,NA,302.404
1992-07-03,427.348,NA,NA,NA,302.356
1992-07-04,427.307,NA,NA,NA,302.322
1992-07-05,427.793,NA,NA,NA,302.246
1992-07-06,424.686,NA,NA,NA,302.197
1992-07-07,424.13,NA,NA,NA,302.179
1992-07-08,424.405,NA,NA,NA,302.112
1992-07-09,426.42,NA,NA,NA,302.06
1992-07-10,425.734,NA,NA,NA,302.005
1992-07-11,424.405,NA,NA,NA,301.95
1992-07-12,422.395,NA,NA,NA,301.898
1992-07-13,422.837,NA,NA,NA,301.828
1992-07-14,419.99,NA,NA,NA,301.752
1992-07-15,417.87,NA,NA,NA,301.633
1992-07-16,417.031,NA,NA,NA,301.533
1992-07-17,418.271,NA,NA,NA,301.456
1992-07-18,415.278,NA,NA,NA,301.38
1992-07-19,413.926,NA,NA,NA,301.307
1992-07-20,414.642,NA,NA,NA,301.228
1992-07-21,412.418,NA,NA,NA,301.145
1992-07-22,412.34,NA,NA,NA,301.072
1992-07-23,411.627,NA,NA,NA,300.993
1992-07-24,412.26,NA,NA,NA,300.92
1992-07-25,410.16,NA,NA,NA,300.841
1992-07-26,407.673,NA,NA,NA,300.761
1992-07-27,414.125,NA,NA,NA,300.682
1992-07-28,408.225,NA,NA,NA,300.603
1992-07-29,404.132,NA,NA,NA,300.536
1992-07-30,405.349,NA,NA,NA,300.454
1992-07-31,404.054,NA,NA,NA,300.371
1992-08-01,403.777,NA,NA,NA,300.286
1992-08-02,402.995,NA,NA,NA,300.201
1992-08-03,398.655,NA,NA,NA,300.118
1992-08-04,399.553,NA,NA,NA,300.03
1992-08-05,396.746,NA,NA,NA,299.932
1992-08-06,394.493,NA,NA,NA,299.798
1992-08-07,393.95,NA,NA,NA,299.585
1992-08-08,389.889,NA,NA,NA,299.375
1992-08-09,383.056,NA,NA,NA,299.179
1992-08-10,384.625,NA,NA,NA,298.994
1992-08-11,381.451,NA,NA,NA,298.792
1992-08-12,381.947,NA,NA,NA,298.613
1992-08-13,378.879,NA,NA,NA,298.433
1992-08-14,377.683,NA,NA,NA,298.25
1992-08-15,366.124,NA,NA,NA,298.058
1992-08-16,372.803,NA,NA,NA,297.86
1992-08-17,370.044,NA,NA,NA,297.659
1992-08-18,375.524,NA,NA,NA,297.433
1992-08-19,365.303,NA,NA,NA,297.247
1992-08-20,360.28,NA,NA,NA,297.043
1992-08-21,355.853,NA,NA,NA,296.836
1992-08-22,357.729,NA,NA,NA,296.628
1992-08-23,354.193,NA,NA,NA,296.406
1992-08-24,351.702,NA,NA,NA,296.183
1992-08-25,346.298,NA,NA,NA,295.933
1992-08-26,344.227,NA,NA,NA,295.714
1992-08-27,346.117,NA,NA,NA,295.479
1992-08-28,341.05,NA,NA,NA,295.245
1992-08-29,338.416,NA,NA,NA,295.007
1992-08-30,336.493,NA,NA,NA,294.769
1992-08-31,332.758,NA,NA,NA,294.559
1992-09-01,327.044,NA,NA,NA,294.287
1992-09-02,327.02,NA,NA,NA,294.047
1992-09-03,324.77,NA,NA,NA,293.803
1992-09-04,321.53,NA,NA,NA,293.556
1992-09-05,317.139,NA,NA,NA,293.321
1992-09-06,311.151,NA,NA,NA,293.099
1992-09-07,312.175,NA,NA,NA,292.901
1992-09-08,312.309,NA,NA,NA,292.672
1992-09-09,307.93,NA,NA,NA,292.413
1992-09-10,303.758,NA,NA,NA,292.184
1992-09-11,302.087,NA,NA,NA,292.001
1992-09-12,300.552,NA,NA,NA,291.819
1992-09-13,297.663,NA,NA,NA,291.642
1992-09-14,302.052,NA,NA,NA,291.441
1992-09-15,291.069,NA,NA,NA,291.252
1992-09-16,294.931,NA,NA,NA,291.09
1992-09-17,292.57,NA,NA,NA,290.913
1992-09-18,287.918,NA,NA,NA,290.746
1992-09-19,288.338,NA,NA,NA,290.572
1992-09-20,286.271,NA,NA,NA,290.407
1992-09-21,284.115,NA,NA,NA,290.203
1992-09-22,285.336,NA,NA,NA,290.017
1992-09-23,280.376,NA,NA,NA,289.819
1992-09-24,279.106,NA,NA,NA,289.618
1992-09-25,275.694,NA,NA,NA,289.475
1992-09-26,273.274,NA,NA,NA,289.38
1992-09-27,272.523,NA,NA,NA,289.243
1992-09-28,269.443,NA,NA,NA,289.094
1992-09-29,269.38,NA,NA,NA,288.996
1992-09-30,268.542,NA,NA,NA,288.832
1992-10-01,267.492,NA,NA,NA,288.697
1992-10-02,267.55,NA,NA,NA,288.539
1992-10-03,269.471,NA,NA,NA,288.387
1992-10-04,263.373,NA,NA,NA,288.24
1992-10-05,261.387,NA,NA,NA,288.076
1992-10-06,255.311,NA,NA,NA,287.865
1992-10-07,257.329,NA,NA,NA,287.689
1992-10-08,254.921,NA,NA,NA,287.451
1992-10-09,249.857,NA,NA,NA,287.262
1992-10-10,252.143,NA,NA,NA,287.073
1992-10-11,250.285,NA,NA,NA,286.866
1992-10-12,249.265,NA,NA,NA,286.677
1992-10-13,244.74,NA,NA,NA,286.475
1992-10-14,243.952,NA,NA,NA,286.28
1992-10-15,241.191,NA,NA,NA,286.094
1992-10-16,243.366,NA,NA,NA,285.997
1992-10-17,243.776,NA,NA,NA,286.003
1992-10-18,240.67,NA,NA,NA,286.006
1992-10-19,234.079,NA,NA,NA,286.012
1992-10-20,243.427,NA,NA,NA,286.018
1992-10-21,243.427,NA,NA,NA,286.027
1992-10-22,239.919,NA,NA,NA,286.046
1992-10-23,243.664,NA,NA,NA,286.07
1992-10-24,242.061,NA,NA,NA,286.085
1992-10-25,241.712,NA,NA,NA,286.03
1992-10-26,239.661,NA,NA,NA,285.933
1992-10-27,240.282,NA,NA,NA,285.82
1992-10-28,240.775,NA,NA,NA,285.71
1992-10-29,239.073,NA,NA,NA,285.604
1992-10-30,236.272,NA,NA,NA,285.567
1992-10-31,237.731,NA,NA,NA,285.582
1992-11-01,240.282,NA,NA,NA,285.915
1992-11-02,251.726,NA,NA,NA,286.887
1992-11-03,259.504,NA,NA,NA,287.871
1992-11-04,264.35,NA,NA,NA,288.35
1992-11-05,268.45,NA,NA,NA,288.597
1992-11-06,267.12,NA,NA,NA,288.78
1992-11-07,269.068,NA,NA,NA,288.92
1992-11-08,271.805,NA,NA,NA,289.1
1992-11-09,276.857,NA,NA,NA,289.456
1992-11-10,281.206,NA,NA,NA,289.926
1992-11-11,279.995,NA,NA,NA,290.133
1992-11-12,283.058,NA,NA,NA,290.084
1992-11-13,282.515,NA,NA,NA,290.179
1992-11-14,279.329,NA,NA,NA,290.31
1992-11-15,286.851,NA,NA,NA,290.188
1992-11-16,281.494,NA,NA,NA,289.837
1992-11-17,274.341,NA,NA,NA,289.31
1992-11-18,268.419,NA,NA,NA,288.868
1992-11-19,271.088,NA,NA,NA,288.63
1992-11-20,263.37,NA,NA,NA,288.496
1992-11-21,266.224,NA,NA,NA,288.463
1992-11-22,272.461,NA,NA,NA,288.929
1992-11-23,298.265,NA,NA,NA,291.45
1992-11-24,304.598,NA,NA,NA,292.136
1992-11-25,306.277,NA,NA,NA,292.004
1992-11-26,297.039,NA,NA,NA,291.611
1992-11-27,292.865,NA,NA,NA,291.081
1992-11-28,288.083,NA,NA,NA,290.545
1992-11-29,284.629,NA,NA,NA,290.264
1992-11-30,281.781,NA,NA,NA,289.85
1992-12-01,273.868,NA,NA,NA,289.411
1992-12-02,274.088,NA,NA,NA,289.252
1992-12-03,274.529,NA,NA,NA,289.539
1992-12-04,276.953,NA,NA,NA,289.551
1992-12-05,274.623,NA,NA,NA,289.203
1992-12-06,267.492,NA,NA,NA,288.682
1992-12-07,262.457,NA,NA,NA,288.085
1992-12-08,254.615,NA,NA,NA,287.402
1992-12-09,260.78,NA,NA,NA,287.058
1992-12-10,248.235,NA,NA,NA,287.164
1992-12-11,254.324,NA,NA,NA,287.341
1992-12-12,259.171,NA,NA,NA,287.743
1992-12-13,257.78,NA,NA,NA,287.749
1992-12-14,256.564,NA,NA,NA,287.436
1992-12-15,253.367,NA,NA,NA,287.064
1992-12-16,250.125,NA,NA,NA,286.725
1992-12-17,245.385,NA,NA,NA,286.332
1992-12-18,240.065,NA,NA,NA,285.744
1992-12-19,233.086,NA,NA,NA,285.177
1992-12-20,234.646,NA,NA,NA,284.811
1992-12-21,228.661,NA,NA,NA,284.634
1992-12-22,228.909,NA,NA,NA,284.613
1992-12-23,227.762,NA,NA,NA,284.561
1992-12-24,228.07,NA,NA,NA,284.449
1992-12-25,225.32,NA,NA,NA,284.208
1992-12-26,215.02,NA,NA,NA,283.827
1992-12-27,221.236,NA,NA,NA,283.421
1992-12-28,215.71,NA,NA,NA,283.092
1992-12-29,208.549,NA,NA,NA,282.775
1992-12-30,211.284,NA,NA,NA,282.586
1992-12-31,210.511,NA,NA,NA,282.473
1993-01-01,207.644,NA,NA,NA,282.12
1993-01-02,204.812,NA,NA,NA,281.879
1993-01-03,202.623,NA,NA,NA,281.611
1993-01-04,200.422,NA,NA,NA,281.297
1993-01-05,198.056,NA,NA,NA,281.141
1993-01-06,198.209,NA,NA,NA,280.986
1993-01-07,194.764,NA,NA,NA,280.715
1993-01-08,194.511,NA,NA,NA,280.8
1993-01-09,196.139,NA,NA,NA,280.974
1993-01-10,197.363,NA,NA,NA,281.129
1993-01-11,198.492,NA,NA,NA,281.026
1993-01-12,195.656,NA,NA,NA,280.812
1993-01-13,195.732,NA,NA,NA,280.888
1993-01-14,196.496,NA,NA,NA,281.032
1993-01-15,197.85,NA,NA,NA,281.151
1993-01-16,198.748,NA,NA,NA,281.26
1993-01-17,199.673,NA,NA,NA,281.367
1993-01-18,200.526,NA,NA,NA,281.455
1993-01-19,201.276,NA,NA,NA,281.583
1993-01-20,203.508,NA,NA,NA,282.239
1993-01-21,211.711,NA,NA,NA,283.013
1993-01-22,216.251,NA,NA,NA,283.382
1993-01-23,218.365,NA,NA,NA,283.549
1993-01-24,218.748,NA,NA,NA,283.583
1993-01-25,219.595,NA,NA,NA,283.997
1993-01-26,224.931,NA,NA,NA,284.461
1993-01-27,228.468,NA,NA,NA,284.644
1993-01-28,228.328,NA,NA,NA,284.61
1993-01-29,228.3,NA,NA,NA,284.625
1993-01-30,228.216,NA,NA,NA,284.653
1993-01-31,229.137,NA,NA,NA,284.695
1993-02-01,229.39,NA,NA,NA,284.723
1993-02-02,229.25,NA,NA,NA,284.717
1993-02-03,229.672,NA,NA,NA,284.747
1993-02-04,229.812,NA,NA,NA,284.662
1993-02-05,230.545,NA,NA,NA,284.894
1993-02-06,231.924,NA,NA,NA,285.137
1993-02-07,234.703,NA,NA,NA,285.451
1993-02-08,237.646,NA,NA,NA,285.738
1993-02-09,240.785,NA,NA,NA,286.128
1993-02-10,244.829,NA,NA,NA,286.552
1993-02-11,248.766,NA,NA,NA,286.936
1993-02-12,252.381,NA,NA,NA,287.295
1993-02-13,255.821,NA,NA,NA,287.609
1993-02-14,258.928,NA,NA,NA,287.923
1993-02-15,261.721,NA,NA,NA,288.194
1993-02-16,264.351,NA,NA,NA,288.435
1993-02-17,266.565,NA,NA,NA,288.64
1993-02-18,268.542,NA,NA,NA,288.832
1993-02-19,270.528,NA,NA,NA,289.072
1993-02-20,273.4,NA,NA,NA,289.344
1993-02-21,276.008,NA,NA,NA,289.594
1993-02-22,278.537,NA,NA,NA,289.81
1993-02-23,280.599,NA,NA,NA,289.999
1993-02-24,282.515,NA,NA,NA,290.179
1993-02-25,284.342,NA,NA,NA,290.349
1993-02-26,286.111,NA,NA,NA,290.508
1993-02-27,287.694,NA,NA,NA,290.654
1993-02-28,289.249,NA,NA,NA,290.74
1993-03-01,290.386,NA,NA,NA,290.901
1993-03-02,291.919,NA,NA,NA,291.047
1993-03-03,293.52,NA,NA,NA,291.288
1993-03-04,297.207,NA,NA,NA,291.822
1993-03-05,306.953,NA,NA,NA,292.962
1993-03-06,319.315,NA,NA,NA,293.876
1993-03-07,328.1,NA,NA,NA,294.565
1993-03-08,336.212,NA,NA,NA,295.251
1993-03-09,343.47,NA,NA,NA,295.827
1993-03-10,349.796,NA,NA,NA,296.327
1993-03-11,355.625,NA,NA,NA,296.784
1993-03-12,360.689,NA,NA,NA,297.162
1993-03-13,362.425,NA,NA,NA,297.46
1993-03-14,369.008,NA,NA,NA,297.908
1993-03-15,377.192,NA,NA,NA,299.103
1993-03-16,395.464,NA,NA,NA,300.198
1993-03-17,406.295,NA,NA,NA,301.124
1993-03-18,420.83,NA,NA,NA,302.797
1993-03-19,445.555,NA,NA,NA,304.075
1993-03-20,456.521,NA,NA,NA,304.529
1993-03-21,458.107,NA,NA,NA,304.267
1993-03-22,450.191,NA,NA,NA,303.468
1993-03-23,440.825,NA,NA,NA,303.727
1993-03-24,454.14,NA,NA,NA,304.321
1993-03-25,454.14,NA,NA,NA,303.819
1993-03-26,442.714,NA,NA,NA,302.776
1993-03-27,429.251,NA,NA,NA,302.182
1993-03-28,425.896,NA,NA,NA,302.078
1993-03-29,425.491,NA,NA,NA,302.127
1993-03-30,427.631,NA,NA,NA,302.322
1993-03-31,429.41,NA,NA,NA,302.453
1993-04-01,431.358,NA,NA,NA,302.636
1993-04-02,434.08,NA,NA,NA,302.941
1993-04-03,440.414,NA,NA,NA,303.599
1993-04-04,451.229,NA,NA,NA,303.94
1993-04-05,448.078,NA,NA,NA,303.41
1993-04-06,438.653,NA,NA,NA,303.06
1993-04-07,438.734,NA,NA,NA,303.084
1993-04-08,438.776,NA,NA,NA,303.102
1993-04-09,440.209,NA,NA,NA,303.3
1993-04-10,443.291,NA,NA,NA,303.529
1993-04-11,446.713,NA,NA,NA,303.77
1993-04-12,449.485,NA,NA,NA,303.995
1993-04-13,452.976,NA,NA,NA,304.261
1993-04-14,456.437,NA,NA,NA,304.486
1993-04-15,459.199,NA,NA,NA,304.69
1993-04-16,462.261,NA,NA,NA,304.806
1993-04-17,462.556,NA,NA,NA,304.891
1993-04-18,464.876,NA,NA,NA,305.105
1993-04-19,464.886,NA,NA,NA,305.388
1993-04-20,471.789,NA,NA,NA,305.556
1993-04-21,473.665,NA,NA,NA,305.678
1993-04-22,475.33,NA,NA,NA,305.827
1993-04-23,478.205,NA,NA,NA,306.041
1993-04-24,480.442,NA,NA,NA,306.22
1993-04-25,483.851,NA,NA,NA,306.452
1993-04-26,486.845,NA,NA,NA,306.644
1993-04-27,489.15,NA,NA,NA,306.732
1993-04-28,489.804,NA,NA,NA,306.775
1993-04-29,491.026,NA,NA,NA,307.034
1993-04-30,496.721,NA,NA,NA,307.263
1993-05-01,497.25,NA,NA,NA,307.363
1993-05-02,499.852,NA,NA,NA,307.555
1993-05-03,502.416,NA,NA,NA,307.766
1993-05-04,505.833,NA,NA,NA,307.927
1993-05-05,507.707,NA,NA,NA,307.997
1993-05-06,507.572,NA,NA,NA,308
1993-05-07,507.795,NA,NA,NA,308.01
1993-05-08,508.197,NA,NA,NA,307.985
1993-05-09,507.528,NA,NA,NA,307.979
1993-05-10,507.528,NA,NA,NA,308.031
1993-05-11,508.421,NA,NA,NA,308.006
1993-05-12,507.528,NA,NA,NA,308.022
1993-05-13,509.134,NA,NA,NA,308.147
1993-05-14,510.565,NA,NA,NA,308.232
1993-05-15,511.596,NA,NA,NA,308.238
1993-05-16,510.878,NA,NA,NA,308.177
1993-05-17,509.847,NA,NA,NA,308.135
1993-05-18,510.519,NA,NA,NA,308.269
1993-05-19,63.535,NA,NA,NA,308.366
1993-05-20,513.658,NA,NA,NA,308.436
1993-05-21,513.702,NA,NA,NA,308.445
1993-05-22,514.69,NA,NA,NA,308.506
1993-05-23,515.006,NA,NA,NA,308.528
1993-05-24,514.961,NA,NA,NA,308.418
1993-05-25,513.03,NA,NA,NA,308.327
1993-05-26,512.088,NA,NA,NA,308.25
1993-05-27,510.743,NA,NA,NA,308.171
1993-05-28,509.892,NA,NA,NA,308.107
1993-05-29,508.866,NA,NA,NA,308.086
1993-05-30,508.421,NA,NA,NA,308.052
1993-05-31,507.93,NA,NA,NA,308.052
1993-06-01,508.554,NA,NA,NA,308.089
1993-06-02,509.892,NA,NA,NA,308.186
1993-06-03,510.878,NA,NA,NA,308.205
1993-06-04,510.116,NA,NA,NA,308.086
1993-06-05,507.974,NA,NA,NA,307.961
1993-06-06,506.904,NA,NA,NA,307.93
1993-06-07,506.636,NA,NA,NA,307.927
1993-06-08,507.207,NA,NA,NA,307.958
1993-06-09,507.602,NA,NA,NA,307.961
1993-06-10,507.216,NA,NA,NA,308.025
1993-06-11,509.446,NA,NA,NA,308.131
1993-06-12,509.892,NA,NA,NA,308.232
1993-06-13,511.416,NA,NA,NA,308.308
1993-06-14,512.224,NA,NA,NA,308.336
1993-06-15,512.358,NA,NA,NA,308.323
1993-06-16,512.043,NA,NA,NA,308.287
1993-06-17,511.326,NA,NA,NA,308.229
1993-06-18,510.34,NA,NA,NA,308.122
1993-06-19,509.087,NA,NA,NA,308.058
1993-06-20,507.885,NA,NA,NA,307.976
1993-06-21,506.547,NA,NA,NA,307.924
1993-06-22,507.216,NA,NA,NA,308.046
1993-06-23,509.357,NA,NA,NA,308.195
1993-06-24,511.281,NA,NA,NA,308.266
1993-06-25,511.506,NA,NA,NA,308.272
1993-06-26,511.461,NA,NA,NA,308.272
1993-06-27,512.088,NA,NA,NA,308.327
1993-06-28,512.581,NA,NA,NA,308.354
1993-06-29,513.03,NA,NA,NA,308.36
1993-06-30,512.806,NA,NA,NA,308.342
1993-07-01,512.447,NA,NA,NA,308.32
1993-07-02,512.268,NA,NA,NA,308.314
1993-07-03,512.268,NA,NA,NA,308.311
1993-07-04,512.133,NA,NA,NA,308.299
1993-07-05,511.953,NA,NA,NA,308.287
1993-07-06,511.819,NA,NA,NA,308.278
1993-07-07,511.685,NA,NA,NA,308.275
1993-07-08,511.55,NA,NA,NA,308.259
1993-07-09,511.326,NA,NA,NA,308.241
1993-07-10,511.012,NA,NA,NA,308.226
1993-07-11,510.788,NA,NA,NA,308.205
1993-07-12,510.653,NA,NA,NA,308.195
1993-07-13,510.474,NA,NA,NA,308.189
1993-07-14,510.384,NA,NA,NA,308.189
1993-07-15,510.116,NA,NA,NA,308.171
1993-07-16,509.892,NA,NA,NA,308.159
1993-07-17,509.802,NA,NA,NA,308.131
1993-07-18,509.536,NA,NA,NA,308.11
1993-07-19,509.134,NA,NA,NA,308.107
1993-07-20,508.822,NA,NA,NA,308.08
1993-07-21,508.375,NA,NA,NA,308.052
1993-07-22,507.84,NA,NA,NA,308.022
1993-07-23,509,NA,NA,NA,308.162
1993-07-24,510.968,NA,NA,NA,308.272
1993-07-25,512.224,NA,NA,NA,308.314
1993-07-26,512.312,NA,NA,NA,308.305
1993-07-27,512.178,NA,NA,NA,308.299
1993-07-28,512.088,NA,NA,NA,308.299
1993-07-29,512.358,NA,NA,NA,308.308
1993-07-30,512.178,NA,NA,NA,308.296
1993-07-31,512.043,NA,NA,NA,308.272
1993-08-01,511.192,NA,NA,NA,308.226
1993-08-02,510.429,NA,NA,NA,308.174
1993-08-03,509.758,NA,NA,NA,308.122
1993-08-04,509.178,NA,NA,NA,308.092
1993-08-05,508.687,NA,NA,NA,308.055
1993-08-06,508.153,NA,NA,NA,308.013
1993-08-07,507.528,NA,NA,NA,307.973
1993-08-08,506.948,NA,NA,NA,307.93
1993-08-09,506.279,NA,NA,NA,307.885
1993-08-10,505.61,NA,NA,NA,307.854
1993-08-11,504.989,NA,NA,NA,307.811
1993-08-12,504.323,NA,NA,NA,307.763
1993-08-13,503.658,NA,NA,NA,307.714
1993-08-14,502.949,NA,NA,NA,307.65
1993-08-15,502.062,NA,NA,NA,307.592
1993-08-16,501.264,NA,NA,NA,307.549
1993-08-17,500.336,NA,NA,NA,307.464
1993-08-18,498.882,NA,NA,NA,307.373
1993-08-19,497.603,NA,NA,NA,307.278
1993-08-20,496.192,NA,NA,NA,307.18
1993-08-21,494.835,NA,NA,NA,307.056
1993-08-22,493.299,NA,NA,NA,306.955
1993-08-23,491.898,NA,NA,NA,306.86
1993-08-24,490.407,NA,NA,NA,306.751
1993-08-25,488.584,NA,NA,NA,306.623
1993-08-26,486.757,NA,NA,NA,306.492
1993-08-27,484.892,NA,NA,NA,306.361
1993-08-28,482.986,NA,NA,NA,306.245
1993-08-29,482.981,NA,NA,NA,306.108
1993-08-30,479.277,NA,NA,NA,305.967
1993-08-31,477.347,NA,NA,NA,305.827
1993-09-01,475.33,NA,NA,NA,305.69
1993-09-02,473.41,NA,NA,NA,305.55
1993-09-03,471.404,NA,NA,NA,305.41
1993-09-04,370.814,NA,NA,NA,305.269
1993-09-05,467.498,NA,NA,NA,305.123
1993-09-06,465.552,NA,NA,NA,304.983
1993-09-07,463.527,NA,NA,NA,304.84
1993-09-08,461.548,NA,NA,NA,304.687
1993-09-09,459.325,NA,NA,NA,304.501
1993-09-10,456.395,NA,NA,NA,304.285
1993-09-11,453.35,NA,NA,NA,304.075
1993-09-12,450.357,NA,NA,NA,303.858
1993-09-13,447.457,NA,NA,NA,303.663
1993-09-14,445.72,NA,NA,NA,303.52
1993-09-15,442.88,NA,NA,NA,303.31
1993-09-16,440.128,NA,NA,NA,303.124
1993-09-17,437.301,NA,NA,NA,302.892
1993-09-18,434.487,NA,NA,NA,302.682
1993-09-19,431.642,NA,NA,NA,302.468
1993-09-20,428.763,NA,NA,NA,302.255
1993-09-21,425.976,NA,NA,NA,302.002
1993-09-22,423.119,NA,NA,NA,301.807
1993-09-23,420.27,NA,NA,NA,301.59
1993-09-24,417.39,NA,NA,NA,301.371
1993-09-25,414.484,NA,NA,NA,301.148
1993-09-26,411.627,NA,NA,NA,300.944
1993-09-27,408.699,NA,NA,NA,300.664
1993-09-28,405.821,NA,NA,NA,300.478
1993-09-29,403.035,NA,NA,NA,300.258
1993-09-30,400.138,NA,NA,NA,300.033
1993-10-01,397.251,NA,NA,NA,299.807
1993-10-02,394.377,NA,NA,NA,299.579
1993-10-03,391.473,NA,NA,NA,299.362
1993-10-04,388.541,NA,NA,NA,299.122
1993-10-05,385.582,NA,NA,NA,298.884
1993-10-06,382.672,NA,NA,NA,298.652
1993-10-07,379.814,NA,NA,NA,298.427
1993-10-08,376.927,NA,NA,NA,298.195
1993-10-09,374.011,NA,NA,NA,297.991
1993-10-10,371.335,NA,NA,NA,297.771
1993-10-11,368.745,NA,NA,NA,297.54
1993-10-12,366.384,NA,NA,NA,297.323
1993-10-13,363.362,NA,NA,NA,297.107
1993-10-14,360.8,NA,NA,NA,296.893
1993-10-15,358.431,NA,NA,NA,296.723
1993-10-16,356.214,NA,NA,NA,296.598
1993-10-17,356.067,NA,NA,NA,296.576
1993-10-18,355.734,NA,NA,NA,296.54
1993-10-19,355.294,NA,NA,NA,296.412
1993-10-20,351.953,NA,NA,NA,296.104
1993-10-21,348.226,NA,NA,NA,295.79
1993-10-22,344.518,NA,NA,NA,295.476
1993-10-23,340.762,NA,NA,NA,295.135
1993-10-24,335.784,NA,NA,NA,294.711
1993-10-25,330.74,NA,NA,NA,294.263
1993-10-26,325.784,NA,NA,NA,293.876
1993-10-27,322.4,NA,NA,NA,293.577
1993-10-28,318.969,NA,NA,NA,293.272
1993-10-29,315.423,NA,NA,NA,292.965
1993-10-30,312.038,NA,NA,NA,292.657
1993-10-31,308.439,NA,NA,NA,292.325
1993-11-01,305.068,NA,NA,NA,292.032
1993-11-02,300.969,NA,NA,NA,291.703
1993-11-03,297.935,NA,NA,NA,291.389
1993-11-04,294.77,NA,NA,NA,291.09
1993-11-05,291.397,NA,NA,NA,290.764
1993-11-06,287.888,NA,NA,NA,290.459
1993-11-07,284.664,NA,NA,NA,290.167
1993-11-08,281.494,NA,NA,NA,289.837
1993-11-09,278.315,NA,NA,NA,289.606
1993-11-10,276.48,NA,NA,NA,289.42
1993-11-11,274.434,NA,NA,NA,289.225
1993-11-12,272.431,NA,NA,NA,289.042
1993-11-13,270.933,NA,NA,NA,288.935
1993-11-14,269.38,NA,NA,NA,288.725
1993-11-15,267.396,NA,NA,NA,288.524
1993-11-16,264.442,NA,NA,NA,288.414
1993-11-17,264.442,NA,NA,NA,288.28
1993-11-18,263.189,NA,NA,NA,288.149
1993-11-19,261.844,NA,NA,NA,288.006
1993-11-20,260.288,NA,NA,NA,287.859
1993-11-21,258.898,NA,NA,NA,287.725
1993-11-22,257.659,NA,NA,NA,287.618
1993-11-23,256.815,NA,NA,NA,287.304
1993-11-24,251.134,NA,NA,NA,286.701
1993-11-25,244.683,NA,NA,NA,286.204
1993-11-26,241.51,NA,NA,NA,286.03
1993-11-27,241.221,NA,NA,NA,285.887
1993-11-28,239.69,NA,NA,NA,285.732
1993-11-29,238.335,NA,NA,NA,285.607
1993-11-30,237.646,NA,NA,NA,285.592
1993-12-01,237.618,NA,NA,NA,286.186
1993-12-02,250.808,NA,NA,NA,287.274
1993-12-03,254.085,NA,NA,NA,287.17
1993-12-04,250.452,NA,NA,NA,286.881
1993-12-05,249.65,NA,NA,NA,286.829
1993-12-06,248.147,NA,NA,NA,286.558
1993-12-07,245.444,NA,NA,NA,286.296
1993-12-08,244.069,NA,NA,NA,286.46
1993-12-09,248.087,NA,NA,NA,286.875
1993-12-10,249.385,NA,NA,NA,286.628
1993-12-11,246.409,NA,NA,NA,286.329
1993-12-12,243.456,NA,NA,NA,285.988
1993-12-13,239.315,NA,NA,NA,285.549
1993-12-14,235.787,NA,NA,NA,285.241
1993-12-15,232.15,NA,NA,NA,284.897
1993-12-16,229.757,NA,NA,NA,284.604
1993-12-17,226.763,NA,NA,NA,284.26
1993-12-18,223.519,NA,NA,NA,283.961
1993-12-19,221.317,NA,NA,NA,283.702
1993-12-20,218.939,NA,NA,NA,283.403
1993-12-21,216.278,NA,NA,NA,283.153
1993-12-22,214.444,NA,NA,NA,282.943
1993-12-23,212.511,NA,NA,NA,282.717
1993-12-24,210.483,NA,NA,NA,282.483
1993-12-25,208.655,NA,NA,NA,282.287
1993-12-26,206.703,NA,NA,NA,282.062
1993-12-27,204.76,NA,NA,NA,281.803
1993-12-28,202.674,NA,NA,NA,281.577
1993-12-29,200.861,NA,NA,NA,281.367
1993-12-30,198.902,NA,NA,NA,281.205
1993-12-31,198.518,NA,NA,NA,281.263
1994-01-01,199.441,NA,NA,NA,281.577
1994-01-02,204.212,NA,NA,NA,282.263
1994-01-03,213.612,NA,NA,NA,284.138
1994-01-04,232.235,NA,NA,NA,285.366
1994-01-05,238.277,NA,NA,NA,286.177
1994-01-06,245.736,NA,NA,NA,286.509
1994-01-07,246.468,NA,NA,NA,286.363
1994-01-08,243.484,NA,NA,NA,286.012
1994-01-09,240.701,NA,NA,NA,285.96
1994-01-10,242.614,NA,NA,NA,286.134
1994-01-11,242.817,NA,NA,NA,286.219
1994-01-12,244.536,NA,NA,NA,286.262
1994-01-13,243.398,NA,NA,NA,286.003
1994-01-14,240.007,NA,NA,NA,285.573
1994-01-15,235.301,NA,NA,NA,285.241
1994-01-16,232.064,NA,NA,NA,284.839
1994-01-17,227.909,NA,NA,NA,284.351
1994-01-18,223.051,NA,NA,NA,283.869
1994-01-19,220.25,NA,NA,NA,283.629
1994-01-20,218.967,NA,NA,NA,283.543
1994-01-21,218.721,NA,NA,NA,283.558
1994-01-22,219.35,NA,NA,NA,283.653
1994-01-23,220.333,NA,NA,NA,283.793
1994-01-24,221.675,NA,NA,NA,283.927
1994-01-25,222.996,NA,NA,NA,284.049
1994-01-26,223.905,NA,NA,NA,284.135
1994-01-27,224.571,NA,NA,NA,284.199
1994-01-28,225.098,NA,NA,NA,284.244
1994-01-29,225.486,NA,NA,NA,284.333
1994-01-30,226.595,NA,NA,NA,284.442
1994-01-31,227.295,NA,NA,NA,284.497
1994-02-01,227.825,NA,NA,NA,284.564
1994-02-02,228.188,NA,NA,NA,284.577
1994-02-03,228.529,NA,NA,NA,284.589
1994-02-04,228.691,NA,NA,NA,284.607
1994-02-05,228.943,NA,NA,NA,284.637
1994-02-06,229.055,NA,NA,NA,284.653
1994-02-07,229.166,NA,NA,NA,284.653
1994-02-08,229.25,NA,NA,NA,284.625
1994-02-09,228.859,NA,NA,NA,284.625
1994-02-10,229.11,NA,NA,NA,284.647
1994-02-11,229.166,NA,NA,NA,284.656
1994-02-12,229.278,NA,NA,NA,284.668
1994-02-13,229.334,NA,NA,NA,284.674
1994-02-14,229.446,NA,NA,NA,284.705
1994-02-15,229.84,NA,NA,NA,284.714
1994-02-16,230.404,NA,NA,NA,284.802
1994-02-17,230.826,NA,NA,NA,284.878
1994-02-18,232.037,NA,NA,NA,285.089
1994-02-19,234.164,NA,NA,NA,285.32
1994-02-20,236.245,NA,NA,NA,285.534
1994-02-21,238.221,NA,NA,NA,285.759
1994-02-22,240.439,NA,NA,NA,285.988
1994-02-23,242.585,NA,NA,NA,286.372
1994-02-24,249.77,NA,NA,NA,288.353
1994-02-25,279.931,NA,NA,NA,290.685
1994-02-26,295.558,NA,NA,NA,291.864
1994-02-27,306.109,NA,NA,NA,293.065
1994-02-28,322.226,NA,NA,NA,294.29
1994-03-01,334.607,NA,NA,NA,295.36
1994-03-02,346.371,NA,NA,NA,296.256
1994-03-03,356.695,NA,NA,NA,297.153
1994-03-04,368.633,NA,NA,NA,298.052
1994-03-05,376.093,NA,NA,NA,298.256
1994-03-06,376.358,NA,NA,NA,298.158
1994-03-07,373.936,NA,NA,NA,298.149
1994-03-08,374.729,NA,NA,NA,298.152
1994-03-09,375.449,NA,NA,NA,298.244
1994-03-10,376.775,NA,NA,NA,298.353
1994-03-11,378.215,NA,NA,NA,298.448
1994-03-12,379.129,NA,NA,NA,298.509
1994-03-13,379.814,NA,NA,NA,298.549
1994-03-14,380.233,NA,NA,NA,298.57
1994-03-15,380.652,NA,NA,NA,298.64
1994-03-16,381.832,NA,NA,NA,298.747
1994-03-17,383.285,NA,NA,NA,298.853
1994-03-18,384.625,NA,NA,NA,299.006
1994-03-19,387.35,NA,NA,NA,299.28
1994-03-20,390.971,NA,NA,NA,299.545
1994-03-21,394.377,NA,NA,NA,299.865
1994-03-22,398.499,NA,NA,NA,300.103
1994-03-23,400.84,NA,NA,NA,300.274
1994-03-24,403.231,NA,NA,NA,300.484
1994-03-25,406.058,NA,NA,NA,300.703
1994-03-26,408.895,NA,NA,NA,300.899
1994-03-27,411.667,NA,NA,NA,301.142
1994-03-28,414.643,NA,NA,NA,301.377
1994-03-29,417.87,NA,NA,NA,301.627
1994-03-30,421.03,NA,NA,NA,301.886
1994-03-31,425.25,NA,NA,NA,302.078
1994-04-01,430.546,NA,NA,NA,302.63
1994-04-02,434.855,NA,NA,NA,302.932
1994-04-03,372.906,NA,NA,NA,303.194
1994-04-04,441.85,NA,NA,NA,303.419
1994-04-05,444.814,NA,NA,NA,303.63
1994-04-06,447.872,NA,NA,NA,303.898
1994-04-07,451.853,NA,NA,NA,304.215
1994-04-08,456.019,NA,NA,NA,304.574
1994-04-09,462.178,NA,NA,NA,305.019
1994-04-10,466.862,NA,NA,NA,305.227
1994-04-11,468.856,NA,NA,NA,305.257
1994-04-12,467.965,NA,NA,NA,305.132
1994-04-13,465.805,NA,NA,NA,304.931
1994-04-14,462.388,NA,NA,NA,304.852
1994-04-15,463.274,NA,NA,NA,304.94
1994-04-16,464.793,NA,NA,NA,305.065
1994-04-17,466.819,NA,NA,NA,305.205
1994-04-18,468.812,NA,NA,NA,305.376
1994-04-19,471.746,NA,NA,NA,305.599
1994-04-20,474.817,NA,NA,NA,305.806
1994-04-21,477.562,NA,NA,NA,305.995
1994-04-22,480.139,NA,NA,NA,306.162
1994-04-23,482.124,NA,NA,NA,306.287
1994-04-24,483.634,NA,NA,NA,306.409
1994-04-25,483.524,NA,NA,NA,306.559
1994-04-26,487.755,NA,NA,NA,306.662
1994-04-27,489.15,NA,NA,NA,306.76
1994-04-28,490.59,NA,NA,NA,306.842
1994-04-29,491.506,NA,NA,NA,306.915
1994-04-30,492.51,NA,NA,NA,306.992
1994-05-01,493.65,NA,NA,NA,307.062
1994-05-02,494.352,NA,NA,NA,307.126
1994-05-03,495.448,NA,NA,NA,307.18
1994-05-04,496.239,NA,NA,NA,307.254
1994-05-05,497.559,NA,NA,NA,307.348
1994-05-06,498.882,NA,NA,NA,307.446
1994-05-07,500.16,NA,NA,NA,307.516
1994-05-08,500.954,NA,NA,NA,307.54
1994-05-09,501.662,NA,NA,NA,307.61
1994-05-10,502.24,NA,NA,NA,307.644
1994-05-11,502.683,NA,NA,NA,307.671
1994-05-12,502.949,NA,NA,NA,307.674
1994-05-13,502.905,NA,NA,NA,307.668
1994-05-14,502.771,NA,NA,NA,307.665
1994-05-15,502.594,NA,NA,NA,307.662
1994-05-16,503.082,NA,NA,NA,307.744
1994-05-17,504.723,NA,NA,NA,307.86
1994-05-18,506.324,NA,NA,NA,307.933
1994-05-19,505.655,NA,NA,NA,307.793
1994-05-20,503.127,NA,NA,NA,307.641
1994-05-21,501.042,NA,NA,NA,307.516
1994-05-22,499.323,NA,NA,NA,307.388
1994-05-23,497.338,NA,NA,NA,307.232
1994-05-24,495.229,NA,NA,NA,307.052
1994-05-25,492.775,NA,NA,NA,306.882
1994-05-26,490.371,NA,NA,NA,306.793
1994-05-27,489.238,NA,NA,NA,306.635
1994-05-28,486.628,NA,NA,NA,306.54
1994-05-29,486.802,NA,NA,NA,306.562
1994-05-30,487.148,NA,NA,NA,306.589
1994-05-31,487.495,NA,NA,NA,306.604
1994-06-01,487.755,NA,NA,NA,306.629
1994-06-02,487.972,NA,NA,NA,306.638
1994-06-03,488.016,NA,NA,NA,306.644
1994-06-04,488.103,NA,NA,NA,306.656
1994-06-05,488.321,NA,NA,NA,306.671
1994-06-06,488.67,NA,NA,NA,306.739
1994-06-07,490.851,NA,NA,NA,307.01
1994-06-08,495.58,NA,NA,NA,307.29
1994-06-09,498.925,NA,NA,NA,307.482
1994-06-10,501.308,NA,NA,NA,307.632
1994-06-11,503.26,NA,NA,NA,307.757
1994-06-12,504.989,NA,NA,NA,307.851
1994-06-13,506.145,NA,NA,NA,307.952
1994-06-14,508.063,NA,NA,NA,308.113
1994-06-15,509.847,NA,NA,NA,308.192
1994-06-16,510.16,NA,NA,NA,308.18
1994-06-17,509.536,NA,NA,NA,308.128
1994-06-18,509.134,NA,NA,NA,308.092
1994-06-19,507.751,NA,NA,NA,308.028
1994-06-20,507.836,NA,NA,NA,308.025
1994-06-21,507.885,NA,NA,NA,308.025
1994-06-22,507.974,NA,NA,NA,308.022
1994-06-23,507.795,NA,NA,NA,308.016
1994-06-24,507.707,NA,NA,NA,308
1994-06-25,507.394,NA,NA,NA,307.991
1994-06-26,507.707,NA,NA,NA,308.01
1994-06-27,507.935,NA,NA,NA,308.016
1994-06-28,507.93,NA,NA,NA,308.019
1994-06-29,507.974,NA,NA,NA,308.016
1994-06-30,507.84,NA,NA,NA,308.003
1994-07-01,507.751,NA,NA,NA,307.988
1994-07-02,507.439,NA,NA,NA,307.97
1994-07-03,507.082,NA,NA,NA,307.955
1994-07-04,506.68,NA,NA,NA,307.918
1994-07-05,506.279,NA,NA,NA,307.897
1994-07-06,505.923,NA,NA,NA,307.863
1994-07-07,505.299,NA,NA,NA,307.814
1994-07-08,504.501,NA,NA,NA,307.757
1994-07-09,503.614,NA,NA,NA,307.699
1994-07-10,502.727,NA,NA,NA,307.638
1994-07-11,501.84,NA,NA,NA,307.528
1994-07-12,500.855,NA,NA,NA,307.507
1994-07-13,499.896,NA,NA,NA,307.427
1994-07-14,498.838,NA,NA,NA,307.366
1994-07-15,497.824,NA,NA,NA,307.293
1994-07-16,496.766,NA,NA,NA,307.229
1994-07-17,495.932,NA,NA,NA,307.168
1994-07-18,495.053,NA,NA,NA,307.107
1994-07-19,494.176,NA,NA,NA,307.04
1994-07-20,493.124,NA,NA,NA,306.964
1994-07-21,492.072,NA,NA,NA,306.891
1994-07-22,490.937,NA,NA,NA,306.812
1994-07-23,489.804,NA,NA,NA,306.735
1994-07-24,488.67,NA,NA,NA,306.65
1994-07-25,487.452,NA,NA,NA,306.568
1994-07-26,486.237,NA,NA,NA,306.482
1994-07-27,485.023,NA,NA,NA,306.4
1994-07-28,483.808,NA,NA,NA,306.312
1994-07-29,482.562,NA,NA,NA,306.312
1994-07-30,482.556,NA,NA,NA,306.141
1994-07-31,480.139,NA,NA,NA,306.059
1994-08-01,478.891,NA,NA,NA,305.964
1994-08-02,477.818,NA,NA,NA,305.891
1994-08-03,476.746,NA,NA,NA,305.815
1994-08-04,475.673,NA,NA,NA,305.736
1994-08-05,474.604,NA,NA,NA,305.66
1994-08-06,473.495,NA,NA,NA,305.58
1994-08-07,472.386,NA,NA,NA,305.501
1994-08-08,471.234,NA,NA,NA,305.428
1994-08-09,470.171,NA,NA,NA,305.349
1994-08-10,469.025,NA,NA,NA,305.269
1994-08-11,467.88,NA,NA,NA,305.263
1994-08-12,466.819,NA,NA,NA,305.108
1994-08-13,465.678,NA,NA,NA,305.023
1994-08-14,464.371,NA,NA,NA,304.928
1994-08-15,463.105,NA,NA,NA,304.955
1994-08-16,461.758,NA,NA,NA,304.742
1994-08-17,460.625,NA,NA,NA,304.66
1994-08-18,459.45,NA,NA,NA,304.574
1994-08-19,458.275,NA,NA,NA,304.489
1994-08-20,457.146,NA,NA,NA,304.404
1994-08-21,455.978,NA,NA,NA,304.318
1994-08-22,454.809,NA,NA,NA,304.236
1994-08-23,453.683,NA,NA,NA,304.145
1994-08-24,452.476,NA,NA,NA,304.072
1994-08-25,451.313,NA,NA,NA,303.968
1994-08-26,450.066,NA,NA,NA,303.88
1994-08-27,448.905,NA,NA,NA,303.751
1994-08-28,447.499,NA,NA,NA,303.684
1994-08-29,446.092,NA,NA,NA,303.581
1994-08-30,444.757,NA,NA,NA,303.48
1994-08-31,443.332,NA,NA,NA,303.38
1994-09-01,441.932,NA,NA,NA,303.273
1994-09-02,440.537,NA,NA,NA,303.172
1994-09-03,439.226,NA,NA,NA,303.084
1994-09-04,438.079,NA,NA,NA,302.996
1994-09-05,436.852,NA,NA,NA,302.898
1994-09-06,435.507,NA,NA,NA,302.797
1994-09-07,434.121,NA,NA,NA,302.651
1994-09-08,430.952,NA,NA,NA,302.356
1994-09-09,426.541,NA,NA,NA,302.023
1994-09-10,422.155,NA,NA,NA,301.731
1994-09-11,418.03,NA,NA,NA,301.386
1994-09-12,413.768,NA,NA,NA,301.057
1994-09-13,409.408,NA,NA,NA,300.694
1994-09-14,404.289,NA,NA,NA,300.298
1994-09-15,399.163,NA,NA,NA,299.896
1994-09-16,394.027,NA,NA,NA,299.49
1994-09-17,388.85,NA,NA,NA,299.088
1994-09-18,383.744,NA,NA,NA,298.686
1994-09-19,378.747,NA,NA,NA,298.28
1994-09-20,373.672,NA,NA,NA,297.872
1994-09-21,368.595,NA,NA,NA,297.506
1994-09-22,364.407,NA,NA,NA,297.195
1994-09-23,361.209,NA,NA,NA,296.93
1994-09-24,357.951,NA,NA,NA,296.671
1994-09-25,354.78,NA,NA,NA,296.391
1994-09-26,351.258,NA,NA,NA,296.107
1994-09-27,348.008,NA,NA,NA,295.836
1994-09-28,344.735,NA,NA,NA,295.558
1994-09-29,341.41,NA,NA,NA,295.29
1994-09-30,338.427,NA,NA,NA,295.022
1994-10-01,335.141,NA,NA,NA,294.732
1994-10-02,332.087,NA,NA,NA,294.467
1994-10-03,328.979,NA,NA,NA,294.178
1994-10-04,325.924,NA,NA,NA,293.943
1994-10-05,199.191,NA,NA,NA,293.672
1994-10-06,319.177,NA,NA,NA,293.352
1994-10-07,315.87,NA,NA,NA,293.059
1994-10-08,312.516,NA,NA,NA,292.76
1994-10-09,309.183,NA,NA,NA,292.459
1994-10-10,305.807,NA,NA,NA,292.154
1994-10-11,302.421,NA,NA,NA,291.843
1994-10-12,299.06,NA,NA,NA,291.511
1994-10-13,295.919,NA,NA,NA,291.221
1994-10-14,292.832,NA,NA,NA,290.986
1994-10-15,290.256,NA,NA,NA,290.819
1994-10-16,289.832,NA,NA,NA,290.755
1994-10-17,289.023,NA,NA,NA,290.666
1994-10-18,288.18,NA,NA,NA,290.587
1994-10-19,287.662,NA,NA,NA,290.541
1994-10-20,287.176,NA,NA,NA,290.499
1994-10-21,286.722,NA,NA,NA,290.474
1994-10-22,286.69,NA,NA,NA,290.468
1994-10-23,286.433,NA,NA,NA,290.438
1994-10-24,286.046,NA,NA,NA,290.398
1994-10-25,285.692,NA,NA,NA,290.359
1994-10-26,285.306,NA,NA,NA,290.337
1994-10-27,285.789,NA,NA,NA,291.371
1994-10-28,308.981,NA,NA,NA,292.977
1994-10-29,314.328,NA,NA,NA,293.013
1994-10-30,312.584,NA,NA,NA,292.791
1994-10-31,309.521,NA,NA,NA,292.766
1994-11-01,320.525,NA,NA,NA,294.15
1994-11-02,329.226,NA,NA,NA,294.135
1994-11-03,323.129,NA,NA,NA,293.276
1994-11-04,310.098,NA,NA,NA,292.062
1994-11-05,299.755,NA,NA,NA,291.404
1994-11-06,294.342,NA,NA,NA,290.971
1994-11-07,289.67,NA,NA,NA,290.645
1994-11-08,288.439,NA,NA,NA,290.645
1994-11-09,287.565,NA,NA,NA,290.682
1994-11-10,289.119,NA,NA,NA,290.801
1994-11-11,289.443,NA,NA,NA,290.749
1994-11-12,288.31,NA,NA,NA,290.599
1994-11-13,286.722,NA,NA,NA,290.45
1994-11-14,285.178,NA,NA,NA,290.285
1994-11-15,283.635,NA,NA,NA,290.069
1994-11-16,281.367,NA,NA,NA,289.953
1994-11-17,280.09,NA,NA,NA,289.783
1994-11-18,276.952,NA,NA,NA,289.447
1994-11-19,273.244,NA,NA,NA,289.051
1994-11-20,270.132,NA,NA,NA,289.231
1994-11-21,274.497,NA,NA,NA,289.356
1994-11-22,274.97,NA,NA,NA,289.365
1994-11-23,274.341,NA,NA,NA,289.316
1994-11-24,274.341,NA,NA,NA,289.31
1994-11-25,273.805,NA,NA,NA,289.408
1994-11-26,275.694,NA,NA,NA,289.478
1994-11-27,275.316,NA,NA,NA,289.405
1994-11-28,274.529,NA,NA,NA,289.289
1994-11-29,273.244,NA,NA,NA,289.261
1994-11-30,275.498,NA,NA,NA,289.981
1994-12-01,291.626,NA,NA,NA,292.065
1994-12-02,309.622,NA,NA,NA,292.593
1994-12-03,309.622,NA,NA,NA,292.026
1994-12-04,297.968,NA,NA,NA,290.819
1994-12-05,283.218,NA,NA,NA,289.932
1994-12-06,278.727,NA,NA,NA,289.45
1994-12-07,273.306,NA,NA,NA,288.902
1994-12-08,267.335,NA,NA,NA,288.265
1994-12-09,260.415,NA,NA,NA,287.573
1994-12-10,253.547,NA,NA,NA,287.03
1994-12-11,248.176,NA,NA,NA,286.497
1994-12-12,243.252,NA,NA,NA,286.073
1994-12-13,240.785,NA,NA,NA,285.796
1994-12-14,237.874,NA,NA,NA,285.485
1994-12-15,234.873,NA,NA,NA,285.168
1994-12-16,232.064,NA,NA,NA,285.113
1994-12-17,235.273,NA,NA,NA,286.204
1994-12-18,247.587,NA,NA,NA,286.881
1994-12-19,252.084,NA,NA,NA,287.128
1994-12-20,252.5,NA,NA,NA,287.143
1994-12-21,253.631,NA,NA,NA,287.298
1994-12-22,253.367,NA,NA,NA,287.039
1994-12-23,249.859,NA,NA,NA,286.628
1994-12-24,245.472,NA,NA,NA,286.149
1994-12-25,240.727,NA,NA,NA,285.521
1994-12-26,235.529,NA,NA,NA,285.238
1994-12-27,237.703,NA,NA,NA,286.171
1994-12-28,246.497,NA,NA,NA,286.692
1994-12-29,248.972,NA,NA,NA,286.692
1994-12-30,247.204,NA,NA,NA,286.372
1994-12-31,243.168,NA,NA,NA,285.869
1995-01-01,237.759,NA,NA,NA,285.235
1995-01-02,231.39,NA,NA,NA,284.503
1995-01-03,224.322,NA,NA,NA,283.69
1995-01-04,216.577,NA,NA,NA,282.821
1995-01-05,209.926,NA,NA,NA,282.318
1995-01-06,205.836,NA,NA,NA,281.977
1995-01-07,201.559,NA,NA,NA,281.562
1995-01-08,201.25,NA,NA,NA,281.547
1995-01-09,201.533,NA,NA,NA,281.727
1995-01-10,205.521,NA,NA,NA,282.233
1995-01-11,206.992,NA,NA,NA,281.946
1995-01-12,203.248,NA,NA,NA,281.544
1995-01-13,200.552,NA,NA,NA,282.056
1995-01-14,219.731,NA,NA,NA,285.576
1995-01-15,250.452,NA,NA,NA,287.548
1995-01-16,259.778,NA,NA,NA,287.969
1995-01-17,261.173,NA,NA,NA,287.935
1995-01-18,259.839,NA,NA,NA,287.82
1995-01-19,259.201,NA,NA,NA,287.768
1995-01-20,258.021,NA,NA,NA,287.539
1995-01-21,254.981,NA,NA,NA,287.137
1995-01-22,250.393,NA,NA,NA,286.616
1995-01-23,244.917,NA,NA,NA,286
1995-01-24,238.624,NA,NA,NA,285.515
1995-01-25,234.306,NA,NA,NA,285.162
1995-01-26,232.375,NA,NA,NA,284.942
1995-01-27,230.319,NA,NA,NA,284.738
1995-01-28,228.496,NA,NA,NA,284.607
1995-01-29,228.663,NA,NA,NA,284.836
1995-01-30,231.445,NA,NA,NA,285.22
1995-01-31,236.416,NA,NA,NA,286.783
1995-02-01,266.565,NA,NA,NA,290.429
1995-02-02,304.8,NA,NA,NA,293.135
1995-02-03,319.728,NA,NA,NA,293.489
1995-02-04,318.245,NA,NA,NA,292.962
1995-02-05,309.251,NA,NA,NA,292.062
1995-02-06,298.431,NA,NA,NA,291.178
1995-02-07,291.822,NA,NA,NA,290.944
1995-02-08,289.249,NA,NA,NA,290.77
1995-02-09,289.508,NA,NA,NA,290.761
1995-02-10,289.055,NA,NA,NA,290.703
1995-02-11,288.31,NA,NA,NA,290.66
1995-02-12,288.31,NA,NA,NA,290.703
1995-02-13,289.087,NA,NA,NA,290.605
1995-02-14,286.079,NA,NA,NA,290.292
1995-02-15,282.579,NA,NA,NA,289.953
1995-02-16,279.044,NA,NA,NA,289.6
1995-02-17,274.372,NA,NA,NA,289.682
1995-02-18,291.656,NA,NA,NA,291.895
1995-02-19,307.629,NA,NA,NA,292.952
1995-02-20,318.589,NA,NA,NA,293.623
1995-02-21,322.677,NA,NA,NA,293.769
1995-02-22,322.643,NA,NA,NA,293.909
1995-02-23,325.015,NA,NA,NA,294.077
1995-02-24,327.501,NA,NA,NA,294.327
1995-02-25,330.6,NA,NA,NA,294.644
1995-02-26,334.964,NA,NA,NA,295.092
1995-02-27,338.679,NA,NA,NA,295.278
1995-02-28,341.951,NA,NA,NA,295.534
1995-03-01,344.881,NA,NA,NA,295.772
1995-03-02,347.461,NA,NA,NA,295.961
1995-03-03,348.919,NA,NA,NA,296.101
1995-03-04,351.368,NA,NA,NA,296.296
1995-03-05,353.788,NA,NA,NA,296.516
1995-03-06,355.662,NA,NA,NA,296.616
1995-03-07,357.216,NA,NA,NA,296.744
1995-03-08,358.763,NA,NA,NA,296.829
1995-03-09,360.058,NA,NA,NA,297.07
1995-03-10,363.698,NA,NA,NA,297.424
1995-03-11,368.107,NA,NA,NA,297.796
1995-03-12,373.107,NA,NA,NA,298.195
1995-03-13,377.988,NA,NA,NA,298.597
1995-03-14,383.324,NA,NA,NA,299.021
1995-03-15,388.503,NA,NA,NA,299.396
1995-03-16,391.977,NA,NA,NA,299.603
1995-03-17,393.911,NA,NA,NA,299.707
1995-03-18,394.726,NA,NA,NA,299.826
1995-03-19,397.641,NA,NA,NA,300.143
1995-03-20,401.622,NA,NA,NA,300.457
1995-03-21,406.886,NA,NA,NA,300.853
1995-03-22,410.676,NA,NA,NA,301.002
1995-03-23,411.033,NA,NA,NA,301.03
1995-03-24,411.785,NA,NA,NA,301.066
1995-03-25,411.984,NA,NA,NA,301.097
1995-03-26,412.498,NA,NA,NA,301.145
1995-03-27,413.409,NA,NA,NA,301.2
1995-03-28,414.802,NA,NA,NA,301.371
1995-03-29,417.47,NA,NA,NA,301.566
1995-03-30,419.99,NA,NA,NA,301.752
1995-03-31,422.315,NA,NA,NA,301.801
1995-04-01,424.606,NA,NA,NA,302.099
1995-04-02,426.784,NA,NA,NA,302.255
1995-04-03,428.763,NA,NA,NA,302.401
1995-04-04,430.667,NA,NA,NA,302.554
1995-04-05,432.818,NA,NA,NA,302.721
1995-04-06,435.18,NA,NA,NA,302.895
1995-04-07,437.628,NA,NA,NA,303.118
1995-04-08,437.628,NA,NA,NA,303.55
1995-04-09,448.285,NA,NA,NA,303.989
1995-04-10,453.723,NA,NA,NA,304.334
1995-04-11,456.896,NA,NA,NA,304.513
1995-04-12,459.373,NA,NA,NA,304.721
1995-04-13,463.021,NA,NA,NA,305.151
1995-04-14,470.085,NA,NA,NA,305.477
1995-04-15,472.129,NA,NA,NA,305.538
1995-04-16,471.617,NA,NA,NA,305.458
1995-04-17,470.043,NA,NA,NA,305.388
1995-04-18,470.935,NA,NA,NA,305.516
1995-04-19,473.068,NA,NA,NA,305.687
1995-04-20,475.974,NA,NA,NA,305.943
1995-04-21,480.312,NA,NA,NA,306.239
1995-04-22,484.326,NA,NA,NA,306.47
1995-04-23,486.454,NA,NA,NA,306.617
1995-04-24,488.496,NA,NA,NA,306.76
1995-04-25,490.416,NA,NA,NA,306.876
1995-04-26,491.855,NA,NA,NA,306.958
1995-04-27,492.992,NA,NA,NA,307.043
1995-04-28,494.396,NA,NA,NA,307.135
1995-04-29,495.712,NA,NA,NA,307.211
1995-04-30,496.502,NA,NA,NA,307.266
1995-05-01,497.074,NA,NA,NA,307.339
1995-05-02,499.72,NA,NA,NA,307.696
1995-05-03,502.416,NA,NA,NA,307.479
1995-05-04,499.099,NA,NA,NA,307.327
1995-05-05,496.898,NA,NA,NA,307.156
1995-05-06,494.089,NA,NA,NA,307.062
1995-05-07,493.65,NA,NA,NA,307.019
1995-05-08,492.773,NA,NA,NA,306.934
1995-05-09,491.243,NA,NA,NA,306.937
1995-05-10,493.08,NA,NA,NA,307.049
1995-05-11,494.659,NA,NA,NA,307.238
1995-05-12,498.528,NA,NA,NA,307.421
1995-05-13,498.353,NA,NA,NA,307.33
1995-05-14,497.03,NA,NA,NA,307.251
1995-05-15,496.985,NA,NA,NA,307.348
1995-05-16,499.587,NA,NA,NA,307.555
1995-05-17,502.86,NA,NA,NA,307.763
1995-05-18,505.565,NA,NA,NA,307.93
1995-05-19,507.751,NA,NA,NA,308.046
1995-05-20,509.222,NA,NA,NA,308.177
1995-05-21,511.326,NA,NA,NA,308.29
1995-05-22,511.64,NA,NA,NA,308.125
1995-05-23,507.127,NA,NA,NA,307.833
1995-05-24,502.549,NA,NA,NA,307.513
1995-05-25,497.867,NA,NA,NA,307.18
1995-05-26,493.036,NA,NA,NA,306.842
1995-05-27,488.278,NA,NA,NA,306.668
1995-05-28,488.713,NA,NA,NA,306.696
1995-05-29,489.062,NA,NA,NA,306.717
1995-05-30,489.325,NA,NA,NA,306.732
1995-05-31,489.499,NA,NA,NA,306.729
1995-06-01,489.456,NA,NA,NA,306.723
1995-06-02,489.325,NA,NA,NA,306.714
1995-06-03,489.107,NA,NA,NA,306.696
1995-06-04,488.539,NA,NA,NA,306.656
1995-06-05,488.19,NA,NA,NA,306.638
1995-06-06,488.103,NA,NA,NA,306.696
1995-06-07,489.761,NA,NA,NA,306.787
1995-06-08,490.808,NA,NA,NA,306.851
1995-06-09,491.592,NA,NA,NA,306.894
1995-06-10,492.029,NA,NA,NA,306.937
1995-06-11,492.73,NA,NA,NA,306.976
1995-06-12,492.86,NA,NA,NA,306.921
1995-06-13,492.335,NA,NA,NA,306.924
1995-06-14,491.898,NA,NA,NA,306.921
1995-06-15,492.51,NA,NA,NA,307.025
1995-06-16,494.528,NA,NA,NA,307.147
1995-06-17,495.843,NA,NA,NA,307.238
1995-06-18,497.514,NA,NA,NA,307.351
1995-06-19,499.191,NA,NA,NA,307.522
1995-06-20,502.416,NA,NA,NA,307.738
1995-06-21,505.388,NA,NA,NA,307.878
1995-06-22,505.078,NA,NA,NA,307.842
1995-06-23,505.565,NA,NA,NA,307.878
1995-06-24,506.279,NA,NA,NA,307.936
1995-06-25,507.082,NA,NA,NA,307.991
1995-06-26,507.707,NA,NA,NA,308.022
1995-06-27,508.242,NA,NA,NA,308.052
1995-06-28,508.598,NA,NA,NA,308.074
1995-06-29,508.822,NA,NA,NA,308.061
1995-06-30,508.151,NA,NA,NA,308.019
1995-07-01,507.707,NA,NA,NA,307.994
1995-07-02,507.394,NA,NA,NA,307.973
1995-07-03,507.082,NA,NA,NA,307.949
1995-07-04,506.68,NA,NA,NA,307.921
1995-07-05,506.279,NA,NA,NA,307.885
1995-07-06,505.476,NA,NA,NA,307.842
1995-07-07,505.121,NA,NA,NA,307.821
1995-07-08,504.9,NA,NA,NA,307.796
1995-07-09,504.545,NA,NA,NA,307.781
1995-07-10,504.368,NA,NA,NA,307.775
1995-07-11,504.368,NA,NA,NA,307.747
1995-07-12,503.658,NA,NA,NA,307.708
1995-07-13,502.949,NA,NA,NA,307.656
1995-07-14,502.195,NA,NA,NA,307.604
1995-07-15,501.308,NA,NA,NA,307.534
1995-07-16,500.16,NA,NA,NA,307.464
1995-07-17,499.41,NA,NA,NA,307.409
1995-07-18,498.661,NA,NA,NA,307.348
1995-07-19,497.646,NA,NA,NA,307.281
1995-07-20,496.677,NA,NA,NA,307.208
1995-07-21,495.58,NA,NA,NA,307.135
1995-07-22,494.484,NA,NA,NA,307.056
1995-07-23,493.431,NA,NA,NA,306.979
1995-07-24,492.247,NA,NA,NA,306.9
1995-07-25,491.113,NA,NA,NA,306.824
1995-07-26,489.979,NA,NA,NA,306.745
1995-07-27,488.889,NA,NA,NA,306.662
1995-07-28,487.582,NA,NA,NA,306.574
1995-07-29,486.367,NA,NA,NA,306.489
1995-07-30,485.152,NA,NA,NA,306.403
1995-07-31,483.982,NA,NA,NA,306.318
1995-08-01,482.599,NA,NA,NA,306.202
1995-08-02,480.269,NA,NA,NA,306.047
1995-08-03,479.407,NA,NA,NA,305.983
1995-08-04,478.462,NA,NA,NA,305.964
1995-08-05,478.334,NA,NA,NA,305.925
1995-08-06,477.219,NA,NA,NA,305.852
1995-08-07,476.403,NA,NA,NA,305.788
1995-08-08,475.416,NA,NA,NA,305.724
1995-08-09,474.432,NA,NA,NA,305.647
1995-08-10,473.323,NA,NA,NA,305.571
1995-08-11,472.343,NA,NA,NA,305.501
1995-08-12,471.277,NA,NA,NA,305.425
1995-08-13,470.212,NA,NA,NA,305.346
1995-08-14,469.11,NA,NA,NA,305.266
1995-08-15,468.007,NA,NA,NA,305.196
1995-08-16,466.904,NA,NA,NA,305.117
1995-08-17,465.889,NA,NA,NA,305.05
1995-08-18,465.003,NA,NA,NA,304.983
1995-08-19,464.033,NA,NA,NA,304.907
1995-08-20,462.936,NA,NA,NA,304.83
1995-08-21,461.884,NA,NA,NA,304.751
1995-08-22,460.75,NA,NA,NA,304.666
1995-08-23,458.855,NA,NA,NA,304.584
1995-08-24,458.485,NA,NA,NA,304.501
1995-08-25,457.356,NA,NA,NA,304.416
1995-08-26,456.145,NA,NA,NA,304.331
1995-08-27,455.017,NA,NA,NA,304.245
1995-08-28,453.848,NA,NA,NA,304.16
1995-08-29,452.767,NA,NA,NA,304.096
1995-08-30,451.687,NA,NA,NA,304.001
1995-08-31,450.564,NA,NA,NA,303.916
1995-09-01,449.36,NA,NA,NA,303.831
1995-09-02,448.16,NA,NA,NA,303.736
1995-09-03,446.961,NA,NA,NA,303.617
1995-09-04,445.803,NA,NA,NA,303.559
1995-09-05,444.65,NA,NA,NA,303.41
1995-09-06,441.52,NA,NA,NA,303.2
1995-09-07,438.284,NA,NA,NA,302.971
1995-09-08,435.14,NA,NA,NA,302.721
1995-09-09,431.845,NA,NA,NA,302.48
1995-09-10,428.642,NA,NA,NA,302.237
1995-09-11,425.411,NA,NA,NA,301.99
1995-09-12,422.155,NA,NA,NA,301.743
1995-09-13,418.87,NA,NA,NA,301.493
1995-09-14,415.599,NA,NA,NA,301.243
1995-09-15,412.26,NA,NA,NA,300.984
1995-09-16,408.895,NA,NA,NA,300.731
1995-09-17,405.625,NA,NA,NA,300.518
1995-09-18,403.544,NA,NA,NA,300.24
1995-09-19,398.849,NA,NA,NA,299.945
1995-09-20,395.503,NA,NA,NA,299.682
1995-09-21,386.002,NA,NA,NA,299.417
1995-09-22,388.811,NA,NA,NA,299.149
1995-09-23,385.313,NA,NA,NA,298.884
1995-09-24,381.871,NA,NA,NA,298.61
1995-09-25,378.596,NA,NA,NA,298.363
1995-09-26,375.563,NA,NA,NA,298.113
1995-09-27,372.504,NA,NA,NA,297.896
1995-09-28,370.245,NA,NA,NA,297.774
1995-09-29,369.644,NA,NA,NA,297.729
1995-09-30,368.595,NA,NA,NA,297.604
1995-10-01,366.086,NA,NA,NA,297.351
1995-10-02,363.139,NA,NA,NA,297.082
1995-10-03,359.538,NA,NA,NA,296.854
1995-10-04,357.803,NA,NA,NA,296.756
1995-10-05,355.478,NA,NA,NA,296.467
1995-10-06,352.172,NA,NA,NA,296.192
1995-10-07,348.845,NA,NA,NA,295.9
1995-10-08,345.208,NA,NA,NA,295.592
1995-10-09,341.543,NA,NA,NA,295.275
1995-10-10,337.71,NA,NA,NA,294.955
1995-10-11,333.824,NA,NA,NA,294.65
1995-10-12,332.052,NA,NA,NA,294.589
1995-10-13,331.698,NA,NA,NA,294.513
1995-10-14,330.317,NA,NA,NA,294.361
1995-10-15,328.1,NA,NA,NA,294.153
1995-10-16,325.575,NA,NA,NA,293.934
1995-10-17,323.025,NA,NA,NA,293.693
1995-10-18,320.976,NA,NA,NA,293.58
1995-10-19,319.935,NA,NA,NA,293.44
1995-10-20,317.934,NA,NA,NA,293.248
1995-10-21,315.594,NA,NA,NA,293.074
1995-10-22,313.401,NA,NA,NA,292.87
1995-10-23,311.017,NA,NA,NA,292.626
1995-10-24,308.439,NA,NA,NA,292.395
1995-10-25,305.774,NA,NA,NA,292.16
1995-10-26,305.57,NA,NA,NA,292.16
1995-10-27,305.337,NA,NA,NA,292.239
1995-10-28,305.001,NA,NA,NA,292.16
1995-10-29,303.691,NA,NA,NA,292.014
1995-10-30,301.855,NA,NA,NA,291.822
1995-10-31,299.649,NA,NA,NA,291.59
1995-11-01,297.14,NA,NA,NA,291.361
1995-11-02,294.572,NA,NA,NA,291.111
1995-11-03,291.822,NA,NA,NA,290.849
1995-11-04,288.957,NA,NA,NA,290.609
1995-11-05,286.82,NA,NA,NA,290.429
1995-11-06,284.811,NA,NA,NA,290.288
1995-11-07,284.728,NA,NA,NA,290.398
1995-11-08,286.111,NA,NA,NA,290.724
1995-11-09,295.886,NA,NA,NA,291.788
1995-11-10,301.855,NA,NA,NA,291.828
1995-11-11,300.888,NA,NA,NA,292.203
1995-11-12,315.423,NA,NA,NA,293.791
1995-11-13,326.903,NA,NA,NA,294.586
1995-11-14,336.71,NA,NA,NA,294.964
1995-11-15,334.179,NA,NA,NA,294.333
1995-11-16,312.156,NA,NA,NA,293.404
1995-11-17,314.91,NA,NA,NA,292.166
1995-11-18,297.571,NA,NA,NA,290.993
1995-11-19,289.023,NA,NA,NA,290.444
1995-11-20,283.506,NA,NA,NA,289.88
1995-11-21,277.395,NA,NA,NA,289.243
1995-11-22,270.436,NA,NA,NA,288.554
1995-11-23,263.342,NA,NA,NA,287.981
1995-11-24,259.99,NA,NA,NA,287.823
1995-11-25,259.049,NA,NA,NA,288.353
1995-11-26,271.338,NA,NA,NA,289.587
1995-11-27,280.728,NA,NA,NA,290.176
1995-11-28,289.767,NA,NA,NA,292.084
1995-11-29,313.642,NA,NA,NA,293.391
1995-11-30,326.448,NA,NA,NA,295.513
1995-12-01,357.064,NA,NA,NA,298.18
1995-12-02,389.696,NA,NA,NA,299.804
1995-12-03,398.655,NA,NA,NA,299.969
1995-12-04,396.396,NA,NA,NA,299.841
1995-12-05,396.28,NA,NA,NA,299.527
1995-12-06,389.08,NA,NA,NA,298.747
1995-12-07,375.524,NA,NA,NA,297.497
1995-12-08,359.205,NA,NA,NA,296.101
1995-12-09,341.771,NA,NA,NA,294.845
1995-12-10,332.229,NA,NA,NA,294.266
1995-12-11,325.085,NA,NA,NA,293.8
1995-12-12,322.191,NA,NA,NA,293.864
1995-12-13,326.588,NA,NA,NA,294.534
1995-12-14,334.536,NA,NA,NA,294.937
1995-12-15,342.169,NA,NA,NA,295.72
1995-12-16,345.753,NA,NA,NA,295.272
1995-12-17,334.215,NA,NA,NA,293.977
1995-12-18,315.733,NA,NA,NA,292.114
1995-12-19,293.849,NA,NA,NA,290.139
1995-12-20,287.745,NA,NA,NA,289.066
1995-12-21,269.07,NA,NA,NA,288.454
1995-12-22,262.761,NA,NA,NA,287.768
1995-12-23,255.399,NA,NA,NA,287.024
1995-12-24,247.852,NA,NA,NA,286.225
1995-12-25,240.035,NA,NA,NA,285.375
1995-12-26,231.868,NA,NA,NA,284.57
1995-12-27,225.985,NA,NA,NA,284.128
1995-12-28,222.115,NA,NA,NA,283.723
1995-12-29,218.776,NA,NA,NA,283.949
1995-12-30,229.055,NA,NA,NA,285.753
1995-12-31,253.157,NA,NA,NA,288.259
1996-01-01,269.008,NA,NA,NA,289.377
1996-01-02,276.26,NA,NA,NA,289.423
1996-01-03,274.686,NA,NA,NA,289.304
1996-01-04,275.126,NA,NA,NA,289.398
1996-01-05,275.189,NA,NA,NA,289.28
1996-01-06,271.995,NA,NA,NA,288.694
1996-01-07,263.923,NA,NA,NA,287.881
1996-01-08,258.233,NA,NA,NA,288.03
1996-01-09,263.798,NA,NA,NA,288.304
1996-01-10,263.524,NA,NA,NA,288.063
1996-01-11,259.323,NA,NA,NA,287.375
1996-01-12,250.452,NA,NA,NA,286.378
1996-01-13,241.802,NA,NA,NA,285.72
1996-01-14,236.273,NA,NA,NA,285.095
1996-01-15,230.714,NA,NA,NA,284.68
1996-01-16,229.334,NA,NA,NA,284.93
1996-01-17,233.369,NA,NA,NA,285.131
1996-01-18,232.972,NA,NA,NA,284.915
1996-01-19,230.291,NA,NA,NA,285.043
1996-01-20,234.675,NA,NA,NA,285.451
1996-01-21,238.912,NA,NA,NA,285.918
1996-01-22,242.323,NA,NA,NA,285.966
1996-01-23,240.093,NA,NA,NA,285.643
1996-01-24,236.588,NA,NA,NA,285.217
1996-01-25,232.093,NA,NA,NA,284.668
1996-01-26,226.429,NA,NA,NA,284.007
1996-01-27,220.059,NA,NA,NA,283.342
1996-01-28,214.982,NA,NA,NA,282.796
1996-01-29,209.82,NA,NA,NA,282.275
1996-01-30,207.412,NA,NA,NA,282.281
1996-01-31,207.676,NA,NA,NA,282.306
1996-02-01,208.496,NA,NA,NA,282.516
1996-02-02,211.258,NA,NA,NA,282.818
1996-02-03,213.744,NA,NA,NA,283.083
1996-02-04,216.061,NA,NA,NA,283.382
1996-02-05,218.995,NA,NA,NA,283.912
1996-02-06,257.78,NA,NA,NA,287.749
1996-02-07,302.887,NA,NA,NA,297.479
1996-02-08,419.191,NA,NA,NA,303.764
1996-02-09,466.946,NA,NA,NA,306.486
1996-02-10,495.185,NA,NA,NA,306.9
1996-02-11,485.622,NA,NA,NA,305.809
1996-02-12,466.946,NA,NA,NA,304.331
1996-02-13,445.473,NA,NA,NA,302.672
1996-02-14,422.436,NA,NA,NA,300.889
1996-02-15,398.734,NA,NA,NA,299.021
1996-02-16,374.464,NA,NA,NA,297.125
1996-02-17,353.604,NA,NA,NA,295.769
1996-02-18,342.603,NA,NA,NA,295.799
1996-02-19,349.504,NA,NA,NA,296.165
1996-02-20,350.893,NA,NA,NA,295.949
1996-02-21,345.389,NA,NA,NA,295.583
1996-02-22,342.169,NA,NA,NA,295.022
1996-02-23,256.506,NA,NA,NA,294.638
1996-02-24,331.379,NA,NA,NA,294.604
1996-02-25,332.725,NA,NA,NA,294.696
1996-02-26,333.505,NA,NA,NA,294.723
1996-02-27,333.646,NA,NA,NA,294.818
1996-02-28,336.354,NA,NA,NA,295.074
1996-02-29,339.325,NA,NA,NA,295.238
1996-03-01,340.834,NA,NA,NA,295.437
1996-03-02,343.578,NA,NA,NA,295.665
1996-03-03,346.481,NA,NA,NA,295.955
1996-03-04,350.344,NA,NA,NA,296.455
1996-03-05,358.505,NA,NA,NA,297.153
1996-03-06,366.572,NA,NA,NA,297.732
1996-03-07,372.806,NA,NA,NA,298.18
1996-03-08,377.722,NA,NA,NA,298.564
1996-03-09,382.98,NA,NA,NA,299.039
1996-03-10,388.619,NA,NA,NA,299.475
1996-03-11,393.95,NA,NA,NA,299.786
1996-03-12,395.232,NA,NA,NA,299.795
1996-03-13,395.27,NA,NA,NA,299.768
1996-03-14,394.493,NA,NA,NA,299.673
1996-03-15,393.058,NA,NA,NA,299.56
1996-03-16,392.015,NA,NA,NA,299.606
1996-03-17,394.532,NA,NA,NA,299.786
1996-03-18,396.746,NA,NA,NA,299.932
1996-03-19,398.499,NA,NA,NA,300.091
1996-03-20,400.763,NA,NA,NA,300.268
1996-03-21,403.073,NA,NA,NA,300.423
1996-03-22,404.681,NA,NA,NA,300.597
1996-03-23,407.358,NA,NA,NA,300.789
1996-03-24,409.725,NA,NA,NA,300.966
1996-03-25,412.062,NA,NA,NA,301.124
1996-03-26,414.006,NA,NA,NA,301.27
1996-03-27,415.717,NA,NA,NA,301.42
1996-03-28,417.711,NA,NA,NA,301.557
1996-03-29,419.471,NA,NA,NA,301.688
1996-03-30,421.19,NA,NA,NA,301.813
1996-03-31,422.838,NA,NA,NA,301.959
1996-04-01,425.532,NA,NA,NA,302.328
1996-04-02,431.764,NA,NA,NA,302.801
1996-04-03,438.201,NA,NA,NA,303.206
1996-04-04,426.663,NA,NA,NA,303.471
1996-04-05,444.776,NA,NA,NA,303.581
1996-04-06,446.299,NA,NA,NA,303.748
1996-04-07,449.03,NA,NA,NA,303.931
1996-04-08,451.313,NA,NA,NA,304.114
1996-04-09,453.89,NA,NA,NA,304.312
1996-04-10,457.022,NA,NA,NA,304.538
1996-04-11,460.121,NA,NA,NA,304.77
1996-04-12,463.907,NA,NA,NA,305.09
1996-04-13,468.941,NA,NA,NA,305.477
1996-04-14,473.835,NA,NA,NA,305.791
1996-04-15,477.818,NA,NA,NA,306.077
1996-04-16,482.297,NA,NA,NA,306.358
1996-04-17,485.847,NA,NA,NA,306.577
1996-04-18,488.409,NA,NA,NA,306.72
1996-04-19,489.412,NA,NA,NA,306.775
1996-04-20,490.197,NA,NA,NA,306.796
1996-04-21,489.761,NA,NA,NA,306.769
1996-04-22,489.412,NA,NA,NA,306.867
1996-04-23,494.001,NA,NA,NA,307.205
1996-04-24,499.939,NA,NA,NA,308.116
1996-04-25,514.24,NA,NA,NA,308.305
1996-04-26,508.934,NA,NA,NA,307.836
1996-04-27,503.569,NA,NA,NA,307.683
1996-04-28,502.594,NA,NA,NA,307.68
1996-04-29,502.329,NA,NA,NA,307.629
1996-04-30,501.089,NA,NA,NA,307.458
1996-05-01,499.146,NA,NA,NA,307.44
1996-05-02,499.499,NA,NA,NA,307.458
1996-05-03,500.117,NA,NA,NA,307.497
1996-05-04,500.557,NA,NA,NA,307.522
1996-05-05,500.91,NA,NA,NA,307.543
1996-05-06,501.175,NA,NA,NA,307.552
1996-05-07,501.175,NA,NA,NA,307.565
1996-05-08,501.353,NA,NA,NA,307.586
1996-05-09,501.973,NA,NA,NA,307.607
1996-05-10,502.416,NA,NA,NA,307.635
1996-05-11,502.727,NA,NA,NA,307.686
1996-05-12,503.304,NA,NA,NA,307.705
1996-05-13,503.349,NA,NA,NA,307.671
1996-05-14,502.727,NA,NA,NA,307.616
1996-05-15,500.954,NA,NA,NA,307.647
1996-05-16,505.078,NA,NA,NA,307.869
1996-05-17,505.788,NA,NA,NA,307.906
1996-05-18,507.306,NA,NA,NA,308.128
1996-05-19,509.937,NA,NA,NA,308.156
1996-05-20,509.446,NA,NA,NA,308.01
1996-05-21,506.815,NA,NA,NA,307.863
1996-05-22,505.21,NA,NA,NA,307.918
1996-05-23,508.242,NA,NA,NA,308.238
1996-05-24,511.865,NA,NA,NA,308.253
1996-05-25,510.788,NA,NA,NA,308.226
1996-05-26,510.071,NA,NA,NA,308.165
1996-05-27,509.357,NA,NA,NA,308.116
1996-05-28,509.625,NA,NA,NA,308.171
1996-05-29,510.206,NA,NA,NA,308.192
1996-05-30,510.384,NA,NA,NA,308.192
1996-05-31,510.206,NA,NA,NA,308.171
1996-06-01,509.758,NA,NA,NA,308.156
1996-06-02,509.089,NA,NA,NA,308.101
1996-06-03,508.242,NA,NA,NA,308.052
1996-06-04,507.974,NA,NA,NA,308.031
1996-06-05,507.974,NA,NA,NA,308.049
1996-06-06,508.464,NA,NA,NA,308.08
1996-06-07,508.375,NA,NA,NA,308.037
1996-06-08,507.93,NA,NA,NA,308.016
1996-06-09,507.572,NA,NA,NA,307.991
1996-06-10,507.171,NA,NA,NA,307.961
1996-06-11,506.636,NA,NA,NA,307.933
1996-06-12,506.591,NA,NA,NA,307.927
1996-06-13,506.368,NA,NA,NA,307.909
1996-06-14,506.056,NA,NA,NA,307.888
1996-06-15,505.7,NA,NA,NA,307.86
1996-06-16,505.299,NA,NA,NA,307.824
1996-06-17,504.723,NA,NA,NA,307.793
1996-06-18,504.456,NA,NA,NA,307.766
1996-06-19,503.925,NA,NA,NA,307.723
1996-06-20,503.215,NA,NA,NA,307.674
1996-06-21,502.461,NA,NA,NA,307.616
1996-06-22,501.397,NA,NA,NA,307.543
1996-06-23,500.557,NA,NA,NA,307.519
1996-06-24,500.689,NA,NA,NA,307.54
1996-06-25,501.22,NA,NA,NA,307.586
1996-06-26,501.885,NA,NA,NA,307.619
1996-06-27,502.329,NA,NA,NA,307.644
1996-06-28,502.771,NA,NA,NA,307.668
1996-06-29,503.082,NA,NA,NA,307.668
1996-06-30,502.594,NA,NA,NA,307.619
1996-07-01,501.751,NA,NA,NA,307.58
1996-07-02,501.442,NA,NA,NA,307.546
1996-07-03,500.249,NA,NA,NA,307.464
1996-07-04,499.146,NA,NA,NA,307.394
1996-07-05,498.485,NA,NA,NA,307.348
1996-07-06,497.824,NA,NA,NA,307.299
1996-07-07,496.721,NA,NA,NA,307.251
1996-07-08,496.37,NA,NA,NA,307.199
1996-07-09,495.58,NA,NA,NA,307.132
1996-07-10,494.791,NA,NA,NA,307.074
1996-07-11,493.869,NA,NA,NA,307.01
1996-07-12,492.992,NA,NA,NA,306.952
1996-07-13,492.203,NA,NA,NA,306.9
1996-07-14,491.331,NA,NA,NA,306.842
1996-07-15,490.502,NA,NA,NA,306.778
1996-07-16,489.542,NA,NA,NA,306.705
1996-07-17,488.235,NA,NA,NA,306.629
1996-07-18,487.625,NA,NA,NA,306.586
1996-07-19,486.931,NA,NA,NA,306.531
1996-07-20,486.021,NA,NA,NA,306.473
1996-07-21,484.892,NA,NA,NA,306.388
1996-07-22,483.982,NA,NA,NA,306.315
1996-07-23,482.858,NA,NA,NA,306.245
1996-07-24,481.951,NA,NA,NA,306.178
1996-07-25,481.003,NA,NA,NA,306.101
1996-07-26,479.666,NA,NA,NA,306.013
1996-07-27,478.633,NA,NA,NA,305.94
1996-07-28,477.475,NA,NA,NA,305.858
1996-07-29,476.317,NA,NA,NA,305.769
1996-07-30,475.03,NA,NA,NA,305.672
1996-07-31,473.75,NA,NA,NA,305.589
1996-08-01,472.471,NA,NA,NA,305.501
1996-08-02,471.319,NA,NA,NA,305.434
1996-08-03,470.425,NA,NA,NA,305.364
1996-08-04,469.407,NA,NA,NA,305.288
1996-08-05,468.304,NA,NA,NA,305.248
1996-08-06,467.243,NA,NA,NA,305.123
1996-08-07,466.142,NA,NA,NA,305.053
1996-08-08,465.045,NA,NA,NA,304.977
1996-08-09,463.991,NA,NA,NA,304.898
1996-08-10,462.894,NA,NA,NA,304.821
1996-08-11,461.8,NA,NA,NA,304.736
1996-08-12,460.667,NA,NA,NA,304.654
1996-08-13,459.576,NA,NA,NA,304.574
1996-08-14,458.401,NA,NA,NA,304.489
1996-08-15,457.146,NA,NA,NA,304.395
1996-08-16,455.924,NA,NA,NA,304.309
1996-08-17,454.725,NA,NA,NA,304.218
1996-08-18,453.391,NA,NA,NA,304.117
1996-08-19,451.978,NA,NA,NA,304.029
1996-08-20,451.147,NA,NA,NA,303.925
1996-08-21,449.402,NA,NA,NA,303.822
1996-08-22,447.995,NA,NA,NA,303.724
1996-08-23,446.837,NA,NA,NA,303.636
1996-08-24,445.596,NA,NA,NA,303.547
1996-08-25,444.485,NA,NA,NA,303.459
1996-08-26,443.208,NA,NA,NA,303.377
1996-08-27,442.426,NA,NA,NA,303.285
1996-08-28,440.661,NA,NA,NA,303.188
1996-08-29,439.718,NA,NA,NA,303.105
1996-08-30,438.489,NA,NA,NA,303.017
1996-08-31,437.26,NA,NA,NA,302.925
1996-09-01,436.036,NA,NA,NA,302.831
1996-09-02,434.773,NA,NA,NA,302.74
1996-09-03,433.509,NA,NA,NA,302.645
1996-09-04,432.251,NA,NA,NA,302.551
1996-09-05,430.952,NA,NA,NA,302.456
1996-09-06,429.775,NA,NA,NA,302.362
1996-09-07,428.48,NA,NA,NA,302.234
1996-09-08,426.34,NA,NA,NA,302.072
1996-09-09,424.164,NA,NA,NA,301.904
1996-09-10,421.673,NA,NA,NA,301.737
1996-09-11,419.87,NA,NA,NA,301.597
1996-09-12,417.91,NA,NA,NA,301.444
1996-09-13,415.758,NA,NA,NA,301.28
1996-09-14,413.609,NA,NA,NA,301.13
1996-09-15,412.023,NA,NA,NA,301.057
1996-09-16,411.271,NA,NA,NA,301.048
1996-09-17,412.419,NA,NA,NA,301.097
1996-09-18,412.736,NA,NA,NA,301.045
1996-09-19,410.399,NA,NA,NA,300.859
1996-09-20,407.911,NA,NA,NA,300.661
1996-09-21,405.349,NA,NA,NA,300.454
1996-09-22,402.681,NA,NA,NA,300.255
1996-09-23,399.942,NA,NA,NA,300.03
1996-09-24,397.135,NA,NA,NA,299.813
1996-09-25,394.532,NA,NA,NA,299.6
1996-09-26,391.667,NA,NA,NA,299.393
1996-09-27,389.928,NA,NA,NA,299.243
1996-09-28,387.081,NA,NA,NA,299.015
1996-09-29,384.243,NA,NA,NA,298.798
1996-09-30,381.375,NA,NA,NA,298.53
1996-10-01,378.368,NA,NA,NA,298.308
1996-10-02,375.449,NA,NA,NA,298.061
1996-10-03,372.166,NA,NA,NA,297.79
1996-10-04,368.707,NA,NA,NA,297.527
1996-10-05,365.863,NA,NA,NA,297.314
1996-10-06,363.213,NA,NA,NA,297.076
1996-10-07,360.095,NA,NA,NA,296.839
1996-10-08,357.359,NA,NA,NA,296.592
1996-10-09,354.193,NA,NA,NA,296.406
1996-10-10,350.966,NA,NA,NA,296.064
1996-10-11,347.753,NA,NA,NA,295.793
1996-10-12,344.518,NA,NA,NA,295.507
1996-10-13,341.41,NA,NA,NA,295.299
1996-10-14,340.223,NA,NA,NA,295.196
1996-10-15,338.392,NA,NA,NA,295.181
1996-10-16,339.541,NA,NA,NA,295.269
1996-10-17,340.331,NA,NA,NA,295.309
1996-10-18,340.654,NA,NA,NA,295.47
1996-10-19,342.964,NA,NA,NA,295.418
1996-10-20,340.259,NA,NA,NA,295.11
1996-10-21,336.033,NA,NA,NA,294.69
1996-10-22,331.06,NA,NA,NA,294.425
1996-10-23,329.332,NA,NA,NA,294.351
1996-10-24,329.015,NA,NA,NA,294.589
1996-10-25,333.505,NA,NA,NA,294.79
1996-10-26,335.177,NA,NA,NA,294.726
1996-10-27,332.159,NA,NA,NA,294.483
1996-10-28,328.487,NA,NA,NA,294.126
1996-10-29,324.91,NA,NA,NA,293.952
1996-10-30,323.406,NA,NA,NA,293.739
1996-10-31,320.247,NA,NA,NA,293.407
1996-11-01,316.041,NA,NA,NA,293.004
1996-11-02,311.255,NA,NA,NA,292.617
1996-11-03,307.629,NA,NA,NA,292.306
1996-11-04,303.793,NA,NA,NA,291.928
1996-11-05,300.322,NA,NA,NA,291.593
1996-11-06,296.379,NA,NA,NA,291.236
1996-11-07,292.897,NA,NA,NA,290.956
1996-11-08,289.963,NA,NA,NA,290.648
1996-11-09,286.433,NA,NA,NA,290.374
1996-11-10,282.738,NA,NA,NA,290.002
1996-11-11,278.663,NA,NA,NA,289.533
1996-11-12,274.309,NA,NA,NA,289.118
1996-11-13,270.28,NA,NA,NA,288.911
1996-11-14,270.094,NA,NA,NA,288.996
1996-11-15,272.213,NA,NA,NA,289.185
1996-11-16,273.4,NA,NA,NA,289.313
1996-11-17,275.631,NA,NA,NA,289.715
1996-11-18,280.76,NA,NA,NA,290.325
1996-11-19,293.324,NA,NA,NA,293.967
1996-11-20,351.77,NA,NA,NA,297.345
1996-11-21,374.238,NA,NA,NA,298.283
1996-11-22,373.748,NA,NA,NA,297.631
1996-11-23,364.184,NA,NA,NA,296.735
1996-11-24,351.805,NA,NA,NA,295.9
1996-11-25,346.117,NA,NA,NA,295.479
1996-11-26,338.284,NA,NA,NA,294.565
1996-11-27,325.609,NA,NA,NA,293.355
1996-11-28,311.528,NA,NA,NA,292.459
1996-11-29,304.095,NA,NA,NA,291.569
1996-11-30,292.54,NA,NA,NA,290.441
1996-12-01,283.122,NA,NA,NA,290.563
1996-12-02,289.703,NA,NA,NA,290.535
1996-12-03,283.538,NA,NA,NA,289.63
1996-12-04,268.419,NA,NA,NA,288.868
1996-12-05,282.899,NA,NA,NA,291.611
1996-12-06,307.763,NA,NA,NA,292.696
1996-12-07,311.732,NA,NA,NA,292.654
1996-12-08,314.293,NA,NA,NA,294.007
1996-12-09,335.463,NA,NA,NA,295.187
1996-12-10,339.793,NA,NA,NA,295.324
1996-12-11,344.121,NA,NA,NA,295.604
1996-12-12,341.373,NA,NA,NA,294.903
1996-12-13,330.388,NA,NA,NA,293.946
1996-12-14,318.762,NA,NA,NA,292.724
1996-12-15,303.625,NA,NA,NA,291.224
1996-12-16,286.465,NA,NA,NA,289.584
1996-12-17,270.218,NA,NA,NA,288.082
1996-12-18,254.383,NA,NA,NA,286.82
1996-12-19,246.263,NA,NA,NA,286.104
1996-12-20,239.344,NA,NA,NA,285.448
1996-12-21,234.079,NA,NA,NA,284.906
1996-12-22,228.887,NA,NA,NA,284.284
1996-12-23,222.611,NA,NA,NA,283.604
1996-12-24,217.254,NA,NA,NA,283.443
1996-12-25,223.079,NA,NA,NA,286.35
1996-12-26,267.953,NA,NA,NA,291.694
1996-12-27,326.833,NA,NA,NA,295.699
1996-12-28,360.504,NA,NA,NA,297.552
1996-12-29,371.977,NA,NA,NA,298.055
1996-12-30,379.928,NA,NA,NA,299.646
1996-12-31,405.23,NA,NA,NA,301.249
1997-01-01,422.999,NA,NA,NA,303.255
1997-01-02,454.098,NA,NA,NA,305.181
1997-01-03,478.334,NA,NA,NA,306.327
1997-01-04,123.961,NA,NA,NA,305.855
1997-01-05,468.856,NA,NA,NA,304.477
1997-01-06,447.292,NA,NA,NA,302.816
1997-01-07,424.123,NA,NA,NA,301.024
1997-01-08,400.256,NA,NA,NA,299.442
1997-01-09,383.018,NA,NA,NA,297.726
1997-01-10,357.877,NA,NA,NA,295.686
1997-01-11,334.072,NA,NA,NA,293.647
1997-01-12,309.928,NA,NA,NA,291.422
1997-01-13,284.632,NA,NA,NA,289.209
1997-01-14,265.611,NA,NA,NA,287.841
1997-01-15,255.882,NA,NA,NA,287.097
1997-01-16,248.853,NA,NA,NA,286.402
1997-01-17,242.527,NA,NA,NA,285.848
1997-01-18,238.941,NA,NA,NA,285.57
1997-01-19,236.073,NA,NA,NA,285.165
1997-01-20,231.474,NA,NA,NA,284.656
1997-01-21,227.015,NA,NA,NA,284.153
1997-01-22,222.144,NA,NA,NA,283.818
1997-01-23,219.377,NA,NA,NA,283.446
1997-01-24,215.601,NA,NA,NA,283.001
1997-01-25,211.124,NA,NA,NA,282.227
1997-01-26,204.369,NA,NA,NA,281.489
1997-01-27,198.337,NA,NA,NA,281.193
1997-01-28,198.774,NA,NA,NA,281.583
1997-01-29,204.631,NA,NA,NA,282.184
1997-01-30,208.549,NA,NA,NA,282.775
1997-01-31,219.076,NA,NA,NA,286.265
1997-02-01,271.183,NA,NA,NA,290.657
1997-02-02,300.388,NA,NA,NA,291.73
1997-02-03,296.346,NA,NA,NA,290.767
1997-02-04,283.058,NA,NA,NA,289.368
1997-02-05,267.52,NA,NA,NA,288.411
1997-02-06,263.098,NA,NA,NA,288.106
1997-02-07,259.778,NA,NA,NA,287.862
1997-02-08,259.171,NA,NA,NA,287.743
1997-02-09,258.021,NA,NA,NA,287.594
1997-02-10,256.274,NA,NA,NA,287.405
1997-02-11,254.324,NA,NA,NA,287.457
1997-02-12,257.358,NA,NA,NA,287.829
1997-02-13,261.235,NA,NA,NA,288.191
1997-02-14,264.749,NA,NA,NA,288.585
1997-02-15,269.443,NA,NA,NA,289.091
1997-02-16,274.529,NA,NA,NA,289.539
1997-02-17,278.827,NA,NA,NA,289.965
1997-02-18,283.506,NA,NA,NA,290.42
1997-02-19,288.342,NA,NA,NA,291.139
1997-02-20,299.225,NA,NA,NA,292.084
1997-02-21,307.899,NA,NA,NA,292.742
1997-02-22,314.19,NA,NA,NA,293.245
1997-02-23,319.211,NA,NA,NA,293.65
1997-02-24,323.476,NA,NA,NA,293.986
1997-02-25,327.044,NA,NA,NA,294.287
1997-02-26,330.352,NA,NA,NA,294.571
1997-02-27,333.788,NA,NA,NA,294.876
1997-02-28,337.317,NA,NA,NA,295.156
1997-03-01,340.331,NA,NA,NA,295.458
1997-03-02,345.643,NA,NA,NA,296.046
1997-03-03,352.796,NA,NA,NA,296.561
1997-03-04,358.172,NA,NA,NA,296.851
1997-03-05,359.501,NA,NA,NA,296.93
1997-03-06,360.355,NA,NA,NA,297.095
1997-03-07,363.922,NA,NA,NA,297.668
1997-03-08,374.388,NA,NA,NA,298.332
1997-03-09,378.672,NA,NA,NA,298.536
1997-03-10,383.821,NA,NA,NA,299.618
1997-03-11,403.269,NA,NA,NA,301.069
1997-03-12,417.791,NA,NA,NA,301.545
1997-03-13,414.206,NA,NA,NA,300.487
1997-03-14,395.27,NA,NA,NA,298.954
1997-03-15,380.385,NA,NA,NA,298.597
1997-03-16,381.604,NA,NA,NA,299.314
1997-03-17,400.528,NA,NA,NA,300.822
1997-03-18,413.928,NA,NA,NA,301.231
1997-03-19,414.206,NA,NA,NA,301.176
1997-03-20,413.132,NA,NA,NA,301.142
1997-03-21,412.973,NA,NA,NA,300.996
1997-03-22,409.924,NA,NA,NA,301.005
1997-03-23,412.537,NA,NA,NA,301.152
1997-03-24,413.887,NA,NA,NA,301.222
1997-03-25,414.484,NA,NA,NA,301.243
1997-03-26,414.564,NA,NA,NA,301.325
1997-03-27,416.275,NA,NA,NA,301.459
1997-03-28,417.87,NA,NA,NA,301.6
1997-03-29,419.79,NA,NA,NA,301.7
1997-03-30,420.55,NA,NA,NA,301.712
1997-03-31,420.83,NA,NA,NA,301.758
1997-04-01,421.231,NA,NA,NA,301.813
1997-04-02,422.395,NA,NA,NA,301.892
1997-04-03,423.36,NA,NA,NA,301.953
1997-04-04,424.123,NA,NA,NA,302.02
1997-04-05,424.887,NA,NA,NA,302.139
1997-04-06,427.551,NA,NA,NA,302.325
1997-04-07,429.857,NA,NA,NA,302.517
1997-04-08,432.778,NA,NA,NA,302.776
1997-04-09,436.323,NA,NA,NA,303.02
1997-04-10,439.308,NA,NA,NA,303.224
1997-04-11,441.603,NA,NA,NA,303.38
1997-04-12,443.414,NA,NA,NA,303.486
1997-04-13,444.731,NA,NA,NA,303.599
1997-04-14,446.631,NA,NA,NA,303.889
1997-04-15,453.225,NA,NA,NA,304.449
1997-04-16,460.583,NA,NA,NA,304.891
1997-04-17,465.805,NA,NA,NA,305.251
1997-04-18,469.365,NA,NA,NA,305.449
1997-04-19,472.641,NA,NA,NA,305.705
1997-04-20,477.475,NA,NA,NA,306.138
1997-04-21,481.822,NA,NA,NA,306.156
1997-04-22,481.046,NA,NA,NA,306.159
1997-04-23,481.908,NA,NA,NA,306.263
1997-04-24,482.426,NA,NA,NA,306.169
1997-04-25,480.787,NA,NA,NA,306.169
1997-04-26,482.642,NA,NA,NA,306.336
1997-04-27,484.718,NA,NA,NA,306.473
1997-04-28,486.411,NA,NA,NA,306.562
1997-04-29,487.538,NA,NA,NA,306.687
1997-04-30,489.936,NA,NA,NA,306.873
1997-05-01,492.86,NA,NA,NA,307.077
1997-05-02,495.58,NA,NA,NA,307.232
1997-05-03,497.338,NA,NA,NA,307.409
1997-05-04,500.16,NA,NA,NA,307.595
1997-05-05,502.416,NA,NA,NA,307.723
1997-05-06,503.88,NA,NA,NA,307.75
1997-05-07,504.191,NA,NA,NA,307.754
1997-05-08,504.058,NA,NA,NA,307.726
1997-05-09,504.013,NA,NA,NA,307.784
1997-05-10,504.368,NA,NA,NA,307.799
1997-05-11,504.59,NA,NA,NA,307.811
1997-05-12,504.723,NA,NA,NA,307.818
1997-05-13,504.723,NA,NA,NA,307.814
1997-05-14,504.501,NA,NA,NA,307.784
1997-05-15,503.969,NA,NA,NA,307.744
1997-05-16,503.26,NA,NA,NA,307.72
1997-05-17,504.323,NA,NA,NA,307.83
1997-05-18,506.145,NA,NA,NA,307.955
1997-05-19,507.974,NA,NA,NA,307.967
1997-05-20,507.439,NA,NA,NA,308.01
1997-05-21,507.483,NA,NA,NA,308
1997-05-22,507.439,NA,NA,NA,307.836
1997-05-23,503.127,NA,NA,NA,307.543
1997-05-24,499.587,NA,NA,NA,307.342
1997-05-25,497.03,NA,NA,NA,307.159
1997-05-26,494.221,NA,NA,NA,306.958
1997-05-27,491.2,NA,NA,NA,306.76
1997-05-28,488.584,NA,NA,NA,306.656
1997-05-29,488.366,NA,NA,NA,306.69
1997-05-30,489.717,NA,NA,NA,306.806
1997-05-31,490.894,NA,NA,NA,306.921
1997-06-01,493.475,NA,NA,NA,307.135
1997-06-02,496.545,NA,NA,NA,307.302
1997-06-03,498.264,NA,NA,NA,307.446
1997-06-04,500.866,NA,NA,NA,307.622
1997-06-05,503.525,NA,NA,NA,307.766
1997-06-06,504.678,NA,NA,NA,307.821
1997-06-07,504.945,NA,NA,NA,307.851
1997-06-08,505.833,NA,NA,NA,307.903
1997-06-09,506.547,NA,NA,NA,307.942
1997-06-10,507.038,NA,NA,NA,307.952
1997-06-11,506.904,NA,NA,NA,307.942
1997-06-12,506.859,NA,NA,NA,307.952
1997-06-13,506.904,NA,NA,NA,307.942
1997-06-14,506.413,NA,NA,NA,307.921
1997-06-15,506.591,NA,NA,NA,307.93
1997-06-16,506.68,NA,NA,NA,307.933
1997-06-17,506.725,NA,NA,NA,307.933
1997-06-18,506.68,NA,NA,NA,307.927
1997-06-19,506.547,NA,NA,NA,307.921
1997-06-20,506.413,NA,NA,NA,307.906
1997-06-21,506.056,NA,NA,NA,307.885
1997-06-22,505.744,NA,NA,NA,307.872
1997-06-23,505.7,NA,NA,NA,307.875
1997-06-24,505.788,NA,NA,NA,307.86
1997-06-25,505.744,NA,NA,NA,307.86
1997-06-26,505.655,NA,NA,NA,307.839
1997-06-27,505.299,NA,NA,NA,307.827
1997-06-28,505.254,NA,NA,NA,307.833
1997-06-29,505.254,NA,NA,NA,307.839
1997-06-30,505.21,NA,NA,NA,307.842
1997-07-01,505.7,NA,NA,NA,307.915
1997-07-02,507.26,NA,NA,NA,308.003
1997-07-03,508.153,NA,NA,NA,308.043
1997-07-04,508.331,NA,NA,NA,308.052
1997-07-05,508.375,NA,NA,NA,308.049
1997-07-06,508.286,NA,NA,NA,308.043
1997-07-07,508.153,NA,NA,NA,308.043
1997-07-08,508.375,NA,NA,NA,308.031
1997-07-09,508.107,NA,NA,NA,308.037
1997-07-10,508.51,NA,NA,NA,308.071
1997-07-11,508.91,NA,NA,NA,308.086
1997-07-12,509.045,NA,NA,NA,308.086
1997-07-13,509,NA,NA,NA,308.086
1997-07-14,508.955,NA,NA,NA,308.077
1997-07-15,508.822,NA,NA,NA,308.064
1997-07-16,508.598,NA,NA,NA,308.049
1997-07-17,508.331,NA,NA,NA,308.022
1997-07-18,507.885,NA,NA,NA,307.991
1997-07-19,507.394,NA,NA,NA,307.952
1997-07-20,506.725,NA,NA,NA,307.903
1997-07-21,505.923,NA,NA,NA,307.851
1997-07-22,505.299,NA,NA,NA,307.811
1997-07-23,504.678,NA,NA,NA,307.76
1997-07-24,503.747,NA,NA,NA,307.69
1997-07-25,502.727,NA,NA,NA,307.622
1997-07-26,501.751,NA,NA,NA,307.555
1997-07-27,500.778,NA,NA,NA,307.485
1997-07-28,499.72,NA,NA,NA,307.415
1997-07-29,498.706,NA,NA,NA,307.342
1997-07-30,497.646,NA,NA,NA,307.269
1997-07-31,496.632,NA,NA,NA,307.199
1997-08-01,495.58,NA,NA,NA,307.123
1997-08-02,494.484,NA,NA,NA,307.046
1997-08-03,493.431,NA,NA,NA,306.967
1997-08-04,492.16,NA,NA,NA,306.882
1997-08-05,490.894,NA,NA,NA,306.821
1997-08-06,489.761,NA,NA,NA,306.739
1997-08-07,488.584,NA,NA,NA,306.604
1997-08-08,487.365,NA,NA,NA,306.556
1997-08-09,486.15,NA,NA,NA,306.486
1997-08-10,484.978,NA,NA,NA,306.4
1997-08-11,483.677,NA,NA,NA,306.294
1997-08-12,482.426,NA,NA,NA,306.202
1997-08-13,481.046,NA,NA,NA,306.114
1997-08-14,479.709,NA,NA,NA,306.019
1997-08-15,478.419,NA,NA,NA,305.928
1997-08-16,477.175,NA,NA,NA,305.839
1997-08-17,475.888,NA,NA,NA,305.751
1997-08-18,474.56,NA,NA,NA,305.653
1997-08-19,473.238,NA,NA,NA,305.559
1997-08-20,471.831,NA,NA,NA,305.461
1997-08-21,470.553,NA,NA,NA,305.367
1997-08-22,469.11,NA,NA,NA,305.26
1997-08-23,467.668,NA,NA,NA,305.16
1997-08-24,466.396,NA,NA,NA,305.099
1997-08-25,465.636,NA,NA,NA,304.974
1997-08-26,464.498,NA,NA,NA,304.962
1997-08-27,464.076,NA,NA,NA,304.91
1997-08-28,462.852,NA,NA,NA,304.821
1997-08-29,461.674,NA,NA,NA,304.733
1997-08-30,460.415,NA,NA,NA,304.642
1997-08-31,459.115,NA,NA,NA,304.544
1997-09-01,457.857,NA,NA,NA,304.449
1997-09-02,456.521,NA,NA,NA,304.355
1997-09-03,455.268,NA,NA,NA,304.203
1997-09-04,452.31,NA,NA,NA,303.989
1997-09-05,449.485,NA,NA,NA,303.773
1997-09-06,446.506,NA,NA,NA,303.559
1997-09-07,443.62,NA,NA,NA,303.343
1997-09-08,440.619,NA,NA,NA,303.111
1997-09-09,437.71,NA,NA,NA,302.904
1997-09-10,434.814,NA,NA,NA,302.688
1997-09-11,431.804,NA,NA,NA,302.465
1997-09-12,428.018,NA,NA,NA,302.252
1997-09-13,426.058,NA,NA,NA,302.029
1997-09-14,423.28,NA,NA,NA,301.843
1997-09-15,420.71,NA,NA,NA,301.67
1997-09-16,419.35,NA,NA,NA,301.606
1997-09-17,418.43,NA,NA,NA,301.606
1997-09-18,419.51,NA,NA,NA,301.667
1997-09-19,419.87,NA,NA,NA,301.645
1997-09-20,418.87,NA,NA,NA,301.542
1997-09-21,417.031,NA,NA,NA,301.386
1997-09-22,414.922,NA,NA,NA,301.209
1997-09-23,412.656,NA,NA,NA,301.014
1997-09-24,409.963,NA,NA,NA,300.828
1997-09-25,407.476,NA,NA,NA,300.621
1997-09-26,121.604,NA,NA,NA,300.426
1997-09-27,402.328,NA,NA,NA,300.265
1997-09-28,400.957,NA,NA,NA,300.127
1997-09-29,398.499,NA,NA,NA,299.917
1997-09-30,395.697,NA,NA,NA,299.664
1997-10-01,393.406,NA,NA,NA,299.515
1997-10-02,391.861,NA,NA,NA,299.463
1997-10-03,391.009,NA,NA,NA,299.408
1997-10-04,390.778,NA,NA,NA,299.448
1997-10-05,392.324,NA,NA,NA,299.774
1997-10-06,397.484,NA,NA,NA,299.996
1997-10-07,398.577,NA,NA,NA,300.015
1997-10-08,398.07,NA,NA,NA,299.975
1997-10-09,397.991,NA,NA,NA,300.085
1997-10-10,400.099,NA,NA,NA,300.115
1997-10-11,399.709,NA,NA,NA,299.963
1997-10-12,396.629,NA,NA,NA,299.786
1997-10-13,394.765,NA,NA,NA,299.582
1997-10-14,391.589,NA,NA,NA,299.295
1997-10-15,387.619,NA,NA,NA,298.978
1997-10-16,383.553,NA,NA,NA,298.606
1997-10-17,378.443,NA,NA,NA,298.195
1997-10-18,373.107,NA,NA,NA,297.753
1997-10-19,367.582,NA,NA,NA,297.299
1997-10-20,361.988,NA,NA,NA,296.829
1997-10-21,356.177,NA,NA,NA,296.378
1997-10-22,351.441,NA,NA,NA,296.025
1997-10-23,347.172,NA,NA,NA,295.674
1997-10-24,343.037,NA,NA,NA,295.318
1997-10-25,338.823,NA,NA,NA,294.964
1997-10-26,334.821,NA,NA,NA,294.611
1997-10-27,330.812,NA,NA,NA,294.287
1997-10-28,326.938,NA,NA,NA,293.946
1997-10-29,323.164,NA,NA,NA,293.858
1997-10-30,327.853,NA,NA,NA,294.586
1997-10-31,340.366,NA,NA,NA,295.717
1997-11-01,349.065,NA,NA,NA,296.043
1997-11-02,349.285,NA,NA,NA,295.903
1997-11-03,345.717,NA,NA,NA,295.47
1997-11-04,339.541,NA,NA,NA,294.891
1997-11-05,332.265,NA,NA,NA,294.226
1997-11-06,324.245,NA,NA,NA,293.513
1997-11-07,315.903,NA,NA,NA,292.788
1997-11-08,307.866,NA,NA,NA,292.041
1997-11-09,299.49,NA,NA,NA,291.261
1997-11-10,290.81,NA,NA,NA,290.535
1997-11-11,285.146,NA,NA,NA,290.167
1997-11-12,281.781,NA,NA,NA,289.847
1997-11-13,278.346,NA,NA,NA,289.511
1997-11-14,274.812,NA,NA,NA,289.164
1997-11-15,271.12,NA,NA,NA,288.798
1997-11-16,267.396,NA,NA,NA,288.417
1997-11-17,263.495,NA,NA,NA,288.082
1997-11-18,260.78,NA,NA,NA,287.829
1997-11-19,258.141,NA,NA,NA,287.542
1997-11-20,255.221,NA,NA,NA,287.368
1997-11-21,255.101,NA,NA,NA,287.387
1997-11-22,254.802,NA,NA,NA,287.286
1997-11-23,253.278,NA,NA,NA,287.125
1997-11-24,252.47,NA,NA,NA,287.411
1997-11-25,257.811,NA,NA,NA,287.823
1997-11-26,260.385,NA,NA,NA,287.957
1997-11-27,260.78,NA,NA,NA,287.923
1997-11-28,259.87,NA,NA,NA,287.792
1997-11-29,258.262,NA,NA,NA,287.609
1997-11-30,256.544,NA,NA,NA,287.451
1997-12-01,254.862,NA,NA,NA,287.25
1997-12-02,252.649,NA,NA,NA,287.006
1997-12-03,250.125,NA,NA,NA,286.725
1997-12-04,247.262,NA,NA,NA,286.414
1997-12-05,244.186,NA,NA,NA,286.082
1997-12-06,240.873,NA,NA,NA,285.729
1997-12-07,237.388,NA,NA,NA,285.372
1997-12-08,234.306,NA,NA,NA,285.055
1997-12-09,231.276,NA,NA,NA,284.72
1997-12-10,228.16,NA,NA,NA,284.372
1997-12-11,224.96,NA,NA,NA,284.144
1997-12-12,222.969,NA,NA,NA,283.921
1997-12-13,221.455,NA,NA,NA,283.76
1997-12-14,219.786,NA,NA,NA,283.574
1997-12-15,218.175,NA,NA,NA,283.443
1997-12-16,217.688,NA,NA,NA,283.921
1997-12-17,228.914,NA,NA,NA,285.339
1997-12-18,239.229,NA,NA,NA,285.939
1997-12-19,242.207,NA,NA,NA,286.097
1997-12-20,242.671,NA,NA,NA,286.055
1997-12-21,241.744,NA,NA,NA,285.948
1997-12-22,240.382,NA,NA,NA,285.686
1997-12-23,237.017,NA,NA,NA,285.329
1997-12-24,233.738,NA,NA,NA,284.964
1997-12-25,230.178,NA,NA,NA,284.525
1997-12-26,225.764,NA,NA,NA,284.022
1997-12-27,221.042,NA,NA,NA,283.498
1997-12-28,216.224,NA,NA,NA,282.94
1997-12-29,211.231,NA,NA,NA,282.397
1997-12-30,207.307,NA,NA,NA,282.159
1997-12-31,205.889,NA,NA,NA,282.092
1998-01-01,205.81,NA,NA,NA,282.095
1998-01-02,206.335,NA,NA,NA,282.287
1998-01-03,208.337,NA,NA,NA,282.327
1998-01-04,207.439,NA,NA,NA,282.117
1998-01-05,205.468,NA,NA,NA,281.867
1998-01-06,203.3,NA,NA,NA,281.641
1998-01-07,201.844,NA,NA,NA,281.778
1998-01-08,205.205,NA,NA,NA,282.111
1998-01-09,206.887,NA,NA,NA,282.22
1998-01-10,207.228,NA,NA,NA,282.178
1998-01-11,207.202,NA,NA,NA,283.156
1998-01-12,224.294,NA,NA,NA,284.744
1998-01-13,234.589,NA,NA,NA,285.835
1998-01-14,243.717,NA,NA,NA,286.613
1998-01-15,255.55,NA,NA,NA,288.021
1998-01-16,263.801,NA,NA,NA,288.316
1998-01-17,265.581,NA,NA,NA,289.273
1998-01-18,280.887,NA,NA,NA,290.075
1998-01-19,282.899,NA,NA,NA,289.932
1998-01-20,277.491,NA,NA,NA,289.667
1998-01-21,276.575,NA,NA,NA,288.795
1998-01-22,262.302,NA,NA,NA,287.372
1998-01-23,248.588,NA,NA,NA,286.177
1998-01-24,238.134,NA,NA,NA,284.948
1998-01-25,226.568,NA,NA,NA,283.879
1998-01-26,217.553,NA,NA,NA,283.001
1998-01-27,211.174,NA,NA,NA,282.544
1998-01-28,208.099,NA,NA,NA,282.351
1998-01-29,208.311,NA,NA,NA,282.589
1998-01-30,211.924,NA,NA,NA,282.787
1998-01-31,212.885,NA,NA,NA,282.985
1998-02-01,214.257,NA,NA,NA,283.162
1998-02-02,215.574,NA,NA,NA,283.245
1998-02-03,216.306,NA,NA,NA,283.464
1998-02-04,220.032,NA,NA,NA,283.857
1998-02-05,223.326,NA,NA,NA,284.211
1998-02-06,226.484,NA,NA,NA,284.537
1998-02-07,228.746,NA,NA,NA,284.79
1998-02-08,231.728,NA,NA,NA,284.933
1998-02-09,232.377,NA,NA,NA,285.116
1998-02-10,235.101,NA,NA,NA,285.445
1998-02-11,237.846,NA,NA,NA,285.79
1998-02-12,241.308,NA,NA,NA,286.128
1998-02-13,245.15,NA,NA,NA,286.719
1998-02-14,251.313,NA,NA,NA,287.268
1998-02-15,256.364,NA,NA,NA,287.795
1998-02-16,261.569,NA,NA,NA,288.292
1998-02-17,266.166,NA,NA,NA,288.704
1998-02-18,270.094,NA,NA,NA,289.085
1998-02-19,274.026,NA,NA,NA,289.505
1998-02-20,278.822,NA,NA,NA,289.981
1998-02-21,283.86,NA,NA,NA,290.709
1998-02-22,293.849,NA,NA,NA,291.544
1998-02-23,301.655,NA,NA,NA,292.16
1998-02-24,307.662,NA,NA,NA,292.651
1998-02-25,312.481,NA,NA,NA,293.05
1998-02-26,316.623,NA,NA,NA,293.425
1998-02-27,320.385,NA,NA,NA,293.699
1998-02-28,323.581,NA,NA,NA,294.105
1998-03-01,331.06,NA,NA,NA,295.019
1998-03-02,342.711,NA,NA,NA,295.997
1998-03-03,354.376,NA,NA,NA,296.784
1998-03-04,361.283,NA,NA,NA,297.153
1998-03-05,364.071,NA,NA,NA,297.372
1998-03-06,366.46,NA,NA,NA,297.576
1998-03-07,369.12,NA,NA,NA,297.759
1998-03-08,371.148,NA,NA,NA,297.927
1998-03-09,373.334,NA,NA,NA,298.104
1998-03-10,375.373,NA,NA,NA,298.265
1998-03-11,378.101,NA,NA,NA,298.512
1998-03-12,381.566,NA,NA,NA,298.835
1998-03-13,386.042,NA,NA,NA,299.192
1998-03-14,389.58,NA,NA,NA,299.457
1998-03-15,392.826,NA,NA,NA,299.695
1998-03-16,395.814,NA,NA,NA,299.911
1998-03-17,398.265,NA,NA,NA,300.088
1998-03-18,400.333,NA,NA,NA,300.24
1998-03-19,402.799,NA,NA,NA,300.426
1998-03-20,404.956,NA,NA,NA,300.585
1998-03-21,406.846,NA,NA,NA,300.752
1998-03-22,409.646,NA,NA,NA,301.139
1998-03-23,417.23,NA,NA,NA,301.828
1998-03-24,426.825,NA,NA,NA,302.474
1998-03-25,433.877,NA,NA,NA,302.889
1998-03-26,437.915,NA,NA,NA,303.13
1998-03-27,440.292,NA,NA,NA,303.334
1998-03-28,443.62,NA,NA,NA,303.499
1998-03-29,444.897,NA,NA,NA,303.563
1998-03-30,445.473,NA,NA,NA,303.596
1998-03-31,445.761,NA,NA,NA,303.611
1998-04-01,445.72,NA,NA,NA,303.636
1998-04-02,446.506,NA,NA,NA,303.712
1998-04-03,447.83,NA,NA,NA,303.822
1998-04-04,449.36,NA,NA,NA,303.913
1998-04-05,450.357,NA,NA,NA,303.965
1998-04-06,450.897,NA,NA,NA,303.998
1998-04-07,451.022,NA,NA,NA,304.023
1998-04-08,451.478,NA,NA,NA,304.026
1998-04-09,451.438,NA,NA,NA,304.05
1998-04-10,452.144,NA,NA,NA,304.154
1998-04-11,454.14,NA,NA,NA,304.34
1998-04-12,456.771,NA,NA,NA,304.517
1998-04-13,459.03,NA,NA,NA,304.638
1998-04-14,460.457,NA,NA,NA,304.742
1998-04-15,462.01,NA,NA,NA,304.858
1998-04-16,463.865,NA,NA,NA,304.986
1998-04-17,465.594,NA,NA,NA,305.099
1998-04-18,466.989,NA,NA,NA,305.196
1998-04-19,468.304,NA,NA,NA,305.303
1998-04-20,469.916,NA,NA,NA,305.397
1998-04-21,471.191,NA,NA,NA,305.492
1998-04-22,472.513,NA,NA,NA,305.592
1998-04-23,473.963,NA,NA,NA,305.751
1998-04-24,476.66,NA,NA,NA,305.928
1998-04-25,479.019,NA,NA,NA,306.056
1998-04-26,480.442,NA,NA,NA,306.141
1998-04-27,481.564,NA,NA,NA,306.19
1998-04-28,482.858,NA,NA,NA,306.318
1998-04-29,484.154,NA,NA,NA,306.409
1998-04-30,485.456,NA,NA,NA,306.501
1998-05-01,486.671,NA,NA,NA,306.583
1998-05-02,487.843,NA,NA,NA,306.681
1998-05-03,489.412,NA,NA,NA,306.778
1998-05-04,490.633,NA,NA,NA,306.854
1998-05-05,491.592,NA,NA,NA,306.955
1998-05-06,493.431,NA,NA,NA,307.049
1998-05-07,494.439,NA,NA,NA,307.107
1998-05-08,495.053,NA,NA,NA,307.171
1998-05-09,496.019,NA,NA,NA,307.235
1998-05-10,496.677,NA,NA,NA,307.278
1998-05-11,497.338,NA,NA,NA,307.321
1998-05-12,497.911,NA,NA,NA,307.354
1998-05-13,498.793,NA,NA,NA,307.415
1998-05-14,499.764,NA,NA,NA,307.513
1998-05-15,502.018,NA,NA,NA,307.744
1998-05-16,505.877,NA,NA,NA,308.01
1998-05-17,509.313,NA,NA,NA,308.247
1998-05-18,513.03,NA,NA,NA,308.512
1998-05-19,517.171,NA,NA,NA,308.741
1998-05-20,518.208,NA,NA,NA,308.537
1998-05-21,513.524,NA,NA,NA,308.259
1998-05-22,509.579,NA,NA,NA,308.046
1998-05-23,508.286,NA,NA,NA,308.025
1998-05-24,507.885,NA,NA,NA,307.988
1998-05-25,507.572,NA,NA,NA,308.028
1998-05-26,508.554,NA,NA,NA,308.071
1998-05-27,508.822,NA,NA,NA,308.064
1998-05-28,508.464,NA,NA,NA,308.016
1998-05-29,507.439,NA,NA,NA,307.967
1998-05-30,507.349,NA,NA,NA,308.013
1998-05-31,508.197,NA,NA,NA,308.006
1998-06-01,507.528,NA,NA,NA,307.949
1998-06-02,506.368,NA,NA,NA,307.857
1998-06-03,505.166,NA,NA,NA,307.842
1998-06-04,505.121,NA,NA,NA,307.842
1998-06-05,504.989,NA,NA,NA,307.888
1998-06-06,506.725,NA,NA,NA,307.973
1998-06-07,507.216,NA,NA,NA,308.01
1998-06-08,507.662,NA,NA,NA,308.031
1998-06-09,508.153,NA,NA,NA,308.055
1998-06-10,508.242,NA,NA,NA,308.055
1998-06-11,507.885,NA,NA,NA,308.025
1998-06-12,507.483,NA,NA,NA,307.982
1998-06-13,506.815,NA,NA,NA,307.93
1998-06-14,506.234,NA,NA,NA,307.894
1998-06-15,505.833,NA,NA,NA,307.863
1998-06-16,505.299,NA,NA,NA,307.839
1998-06-17,505.166,NA,NA,NA,307.827
1998-06-18,505.034,NA,NA,NA,307.824
1998-06-19,505.034,NA,NA,NA,307.824
1998-06-20,505.034,NA,NA,NA,307.824
1998-06-21,504.989,NA,NA,NA,307.814
1998-06-22,504.678,NA,NA,NA,307.793
1998-06-23,504.379,NA,NA,NA,307.775
1998-06-24,504.102,NA,NA,NA,307.763
1998-06-25,504.191,NA,NA,NA,307.766
1998-06-26,504.545,NA,NA,NA,307.866
1998-06-27,506.992,NA,NA,NA,308.01
1998-06-28,508.153,NA,NA,NA,308.055
1998-06-29,508.598,NA,NA,NA,308.074
1998-06-30,508.598,NA,NA,NA,308.089
1998-07-01,508.91,NA,NA,NA,308.104
1998-07-02,509.089,NA,NA,NA,308.104
1998-07-03,508.822,NA,NA,NA,308.089
1998-07-04,508.687,NA,NA,NA,308.077
1998-07-05,508.375,NA,NA,NA,308.049
1998-07-06,508.019,NA,NA,NA,308.022
1998-07-07,507.528,NA,NA,NA,307.988
1998-07-08,507.038,NA,NA,NA,307.952
1998-07-09,506.368,NA,NA,NA,307.903
1998-07-10,505.61,NA,NA,NA,307.854
1998-07-11,504.989,NA,NA,NA,307.808
1998-07-12,504.191,NA,NA,NA,307.754
1998-07-13,503.481,NA,NA,NA,307.696
1998-07-14,502.461,NA,NA,NA,307.635
1998-07-15,501.618,NA,NA,NA,307.574
1998-07-16,500.734,NA,NA,NA,307.51
1998-07-17,499.764,NA,NA,NA,307.443
1998-07-18,498.838,NA,NA,NA,307.379
1998-07-19,497.867,NA,NA,NA,307.309
1998-07-20,496.809,NA,NA,NA,307.238
1998-07-21,495.8,NA,NA,NA,307.159
1998-07-22,494.923,NA,NA,NA,307.092
1998-07-23,493.914,NA,NA,NA,307.034
1998-07-24,493.036,NA,NA,NA,306.961
1998-07-25,491.462,NA,NA,NA,306.857
1998-07-26,490.328,NA,NA,NA,306.769
1998-07-27,488.932,NA,NA,NA,306.681
1998-07-28,487.798,NA,NA,NA,306.598
1998-07-29,486.411,NA,NA,NA,306.507
1998-07-30,485.152,NA,NA,NA,306.412
1998-07-31,483.808,NA,NA,NA,306.342
1998-08-01,482.47,NA,NA,NA,306.217
1998-08-02,480.96,NA,NA,NA,306.114
1998-08-03,479.752,NA,NA,NA,306.031
1998-08-04,478.72,NA,NA,NA,305.973
1998-08-05,477.904,NA,NA,NA,305.909
1998-08-06,477.046,NA,NA,NA,305.849
1998-08-07,476.145,NA,NA,NA,305.769
1998-08-08,475.159,NA,NA,NA,305.708
1998-08-09,474.049,NA,NA,NA,305.62
1998-08-10,472.428,NA,NA,NA,305.516
1998-08-11,471.362,NA,NA,NA,305.425
1998-08-12,470.298,NA,NA,NA,305.349
1998-08-13,469.195,NA,NA,NA,305.272
1998-08-14,468.134,NA,NA,NA,305.193
1998-08-15,466.989,NA,NA,NA,305.114
1998-08-16,465.847,NA,NA,NA,305.032
1998-08-17,464.751,NA,NA,NA,304.949
1998-08-18,463.527,NA,NA,NA,304.861
1998-08-19,462.303,NA,NA,NA,304.782
1998-08-20,460.834,NA,NA,NA,304.654
1998-08-21,459.408,NA,NA,NA,304.556
1998-08-22,458.107,NA,NA,NA,304.465
1998-08-23,456.98,NA,NA,NA,304.379
1998-08-24,455.768,NA,NA,NA,304.294
1998-08-25,454.516,NA,NA,NA,304.203
1998-08-26,453.391,NA,NA,NA,304.12
1998-08-27,452.185,NA,NA,NA,304.035
1998-08-28,451.063,NA,NA,NA,303.925
1998-08-29,449.691,NA,NA,NA,303.846
1998-08-30,448.533,NA,NA,NA,303.761
1998-08-31,447.375,NA,NA,NA,303.672
1998-09-01,446.176,NA,NA,NA,303.572
1998-09-02,443.949,NA,NA,NA,303.404
1998-09-03,441.644,NA,NA,NA,303.233
1998-09-04,439.35,NA,NA,NA,303.063
1998-09-05,437.097,NA,NA,NA,302.892
1998-09-06,434.773,NA,NA,NA,302.718
1998-09-07,432.331,NA,NA,NA,302.514
1998-09-08,429.612,NA,NA,NA,302.313
1998-09-09,426.946,NA,NA,NA,302.121
1998-09-10,424.486,NA,NA,NA,301.932
1998-09-11,421.874,NA,NA,NA,301.74
1998-09-12,419.391,NA,NA,NA,301.557
1998-09-13,417.031,NA,NA,NA,301.356
1998-09-14,414.126,NA,NA,NA,301.197
1998-09-15,412.34,NA,NA,NA,300.99
1998-09-16,409.607,NA,NA,NA,300.777
1998-09-17,406.807,NA,NA,NA,300.579
1998-09-18,404.447,NA,NA,NA,300.408
1998-09-19,402.446,NA,NA,NA,300.268
1998-09-20,400.645,NA,NA,NA,300.106
1998-09-21,398.382,NA,NA,NA,299.926
1998-09-22,396.085,NA,NA,NA,299.731
1998-09-23,393.755,NA,NA,NA,299.539
1998-09-24,391.241,NA,NA,NA,299.344
1998-09-25,388.964,NA,NA,NA,299.186
1998-09-26,387.119,NA,NA,NA,299.039
1998-09-27,385.238,NA,NA,NA,298.884
1998-09-28,383.209,NA,NA,NA,298.698
1998-09-29,380.88,NA,NA,NA,298.518
1998-09-30,378.596,NA,NA,NA,298.332
1998-10-01,376.245,NA,NA,NA,298.146
1998-10-02,374.124,NA,NA,NA,297.972
1998-10-03,371.599,NA,NA,NA,297.796
1998-10-04,369.945,NA,NA,NA,297.741
1998-10-05,369.833,NA,NA,NA,297.655
1998-10-06,368.22,NA,NA,NA,297.512
1998-10-07,366.347,NA,NA,NA,297.375
1998-10-08,364.444,NA,NA,NA,297.238
1998-10-09,362.657,NA,NA,NA,297.125
1998-10-10,362.544,NA,NA,NA,297.18
1998-10-11,362.842,NA,NA,NA,297.137
1998-10-12,361.84,NA,NA,NA,297.018
1998-10-13,360.318,NA,NA,NA,296.93
1998-10-14,359.91,NA,NA,NA,296.921
1998-10-15,359.836,NA,NA,NA,296.957
1998-10-16,360.355,NA,NA,NA,296.997
1998-10-17,360.8,NA,NA,NA,297.003
1998-10-18,360.652,NA,NA,NA,296.982
1998-10-19,360.317,NA,NA,NA,296.954
1998-10-20,360.207,NA,NA,NA,296.942
1998-10-21,359.947,NA,NA,NA,296.878
1998-10-22,358.689,NA,NA,NA,296.741
1998-10-23,356.732,NA,NA,NA,296.567
1998-10-24,343.238,NA,NA,NA,296.369
1998-10-25,351.702,NA,NA,NA,296.177
1998-10-26,350.783,NA,NA,NA,295.897
1998-10-27,345.062,NA,NA,NA,295.482
1998-10-28,340.977,NA,NA,NA,295.165
1998-10-29,337.282,NA,NA,NA,294.842
1998-10-30,333.363,NA,NA,NA,294.501
1998-10-31,329.332,NA,NA,NA,294.147
1998-11-01,325.295,NA,NA,NA,293.806
1998-11-02,321.428,NA,NA,NA,293.464
1998-11-03,317.727,NA,NA,NA,293.117
1998-11-04,313.607,NA,NA,NA,292.797
1998-11-05,310.541,NA,NA,NA,292.648
1998-11-06,310.03,NA,NA,NA,292.574
1998-11-07,308.575,NA,NA,NA,292.404
1998-11-08,306.277,NA,NA,NA,292.172
1998-11-09,303.591,NA,NA,NA,291.907
1998-11-10,300.421,NA,NA,NA,291.627
1998-11-11,297.736,NA,NA,NA,291.392
1998-11-12,295.064,NA,NA,NA,291.124
1998-11-13,292.017,NA,NA,NA,290.822
1998-11-14,288.698,NA,NA,NA,290.496
1998-11-15,285.178,NA,NA,NA,290.228
1998-11-16,283.763,NA,NA,NA,290.224
1998-11-17,283.763,NA,NA,NA,290.133
1998-11-18,282.069,NA,NA,NA,290.057
1998-11-19,279.995,NA,NA,NA,289.764
1998-11-20,278.885,NA,NA,NA,289.795
1998-11-21,284.76,NA,NA,NA,291.657
1998-11-22,313.54,NA,NA,NA,293.788
1998-11-23,328.24,NA,NA,NA,294.233
1998-11-24,327.642,NA,NA,NA,294.193
1998-11-25,327.114,NA,NA,NA,294.217
1998-11-26,328.627,NA,NA,NA,294.604
1998-11-27,336.925,NA,NA,NA,294.86
1998-11-28,330.882,NA,NA,NA,293.791
1998-11-29,315.594,NA,NA,NA,292.382
1998-11-30,299.755,NA,NA,NA,290.95
1998-12-01,284.92,NA,NA,NA,290.005
1998-12-02,278.854,NA,NA,NA,290.788
1998-12-03,304.028,NA,NA,NA,293.032
1998-12-04,319.384,NA,NA,NA,293.199
1998-12-05,311.732,NA,NA,NA,292.032
1998-12-06,295.854,NA,NA,NA,290.499
1998-12-07,278.503,NA,NA,NA,288.856
1998-12-08,260.78,NA,NA,NA,287.058
1998-12-09,243.834,NA,NA,NA,285.762
1998-12-10,236.245,NA,NA,NA,285.369
1998-12-11,235.444,NA,NA,NA,285.829
1998-12-12,248.235,NA,NA,NA,287.164
1998-12-13,259.808,NA,NA,NA,288.201
1998-12-14,266.011,NA,NA,NA,288.566
1998-12-15,265.857,NA,NA,NA,288.38
1998-12-16,265.735,NA,NA,NA,284.061
1998-12-17,261.538,NA,NA,NA,287.768
1998-12-18,256.243,NA,NA,NA,287.192
1998-12-19,250.155,NA,NA,NA,286.515
1998-12-20,243.078,NA,NA,NA,285.759
1998-12-21,235.902,NA,NA,NA,284.97
1998-12-22,228.552,NA,NA,NA,284.186
1998-12-23,221.317,NA,NA,NA,283.354
1998-12-24,213.692,NA,NA,NA,282.681
1998-12-25,209.661,NA,NA,NA,282.449
1998-12-26,210.644,NA,NA,NA,282.909
1998-12-27,214.391,NA,NA,NA,283.406
1998-12-28,234.816,NA,NA,NA,289.642
1998-12-29,312.584,NA,NA,NA,294.809
1998-12-30,346.88,NA,NA,NA,296.845
1998-12-31,360.132,NA,NA,NA,296.747
1999-01-01,355.956,NA,NA,NA,296.226
1999-01-02,346.153,NA,NA,NA,300.582
1999-01-03,330.247,NA,NA,NA,293.516
1999-01-04,309.893,NA,NA,NA,291.587
1999-01-05,288.083,NA,NA,NA,289.642
1999-01-06,268.515,NA,NA,NA,288.307
1999-01-07,259.627,NA,NA,NA,286.783
1999-01-08,239.748,NA,NA,NA,284.705
1999-01-09,220.142,NA,NA,NA,282.495
1999-01-10,200.37,NA,NA,NA,280.398
1999-01-11,187.965,NA,NA,NA,279.703
1999-01-12,182.801,NA,NA,NA,279.194
1999-01-13,181.925,NA,NA,NA,279.212
1999-01-14,182.166,NA,NA,NA,279.334
1999-01-15,188.909,NA,NA,NA,280.824
1999-01-16,201.533,NA,NA,NA,281.721
1999-01-17,202.726,NA,NA,NA,281.568
1999-01-18,204.996,NA,NA,NA,282.839
1999-01-19,218.175,NA,NA,NA,283.54
1999-01-20,219.186,NA,NA,NA,283.595
1999-01-21,220.414,NA,NA,NA,284.037
1999-01-22,226.513,NA,NA,NA,284.634
1999-01-23,230.46,NA,NA,NA,285.15
1999-01-24,234.646,NA,NA,NA,284.811
1999-01-25,225.846,NA,NA,NA,283.592
1999-01-26,213.208,NA,NA,NA,282.336
1999-01-27,203.926,NA,NA,NA,281.596
1999-01-28,200.861,NA,NA,NA,281.407
1999-01-29,200.085,NA,NA,NA,281.327
1999-01-30,199.106,NA,NA,NA,281.166
1999-01-31,197.67,NA,NA,NA,281.059
1999-02-01,197.414,NA,NA,NA,280.949
1999-02-02,195.936,NA,NA,NA,280.989
1999-02-03,198.184,NA,NA,NA,281.397
1999-02-04,202.544,NA,NA,NA,282.031
1999-02-05,208.575,NA,NA,NA,282.62
1999-02-06,213.772,NA,NA,NA,283.424
1999-02-07,224.1,NA,NA,NA,284.93
1999-02-08,236.989,NA,NA,NA,285.951
1999-02-09,243.894,NA,NA,NA,286.488
1999-02-10,247.881,NA,NA,NA,286.863
1999-02-11,251.995,NA,NA,NA,287.469
1999-02-12,256.122,NA,NA,NA,287.67
1999-02-13,259.566,NA,NA,NA,288.012
1999-02-14,262.67,NA,NA,NA,288.316
1999-02-15,265.272,NA,NA,NA,288.588
1999-02-16,268.759,NA,NA,NA,288.981
1999-02-17,272.682,NA,NA,NA,289.572
1999-02-18,282.292,NA,NA,NA,290.493
1999-02-19,291.788,NA,NA,NA,291.514
1999-02-20,302.388,NA,NA,NA,292.215
1999-02-21,307.291,NA,NA,NA,292.578
1999-02-22,310.643,NA,NA,NA,292.891
1999-02-23,316.006,NA,NA,NA,293.806
1999-02-24,331.521,NA,NA,NA,295.241
1999-02-25,345.717,NA,NA,NA,296.04
1999-02-26,354.412,NA,NA,NA,296.641
1999-02-27,357.877,NA,NA,NA,297.451
1999-02-28,366.534,NA,NA,NA,298.518
1999-03-01,389.888,NA,NA,NA,299.652
1999-03-02,394.648,NA,NA,NA,299.573
1999-03-03,392.517,NA,NA,NA,298.859
1999-03-04,375.524,NA,NA,NA,297.427
1999-03-05,357.138,NA,NA,NA,296.195
1999-03-06,346.662,NA,NA,NA,295.626
1999-03-07,343.507,NA,NA,NA,295.647
1999-03-08,346.298,NA,NA,NA,295.933
1999-03-09,350.454,NA,NA,NA,296.241
1999-03-10,352.833,NA,NA,NA,296.433
1999-03-11,355.441,NA,NA,NA,296.61
1999-03-12,357.249,NA,NA,NA,296.769
1999-03-13,359.686,NA,NA,NA,297.125
1999-03-14,365.19,NA,NA,NA,297.588
1999-03-15,370.846,NA,NA,NA,298.015
1999-03-16,375.753,NA,NA,NA,298.338
1999-03-17,378.939,NA,NA,NA,298.539
1999-03-18,380.614,NA,NA,NA,298.67
1999-03-19,382.214,NA,NA,NA,298.817
1999-03-20,384.204,NA,NA,NA,299.067
1999-03-21,388.196,NA,NA,NA,299.375
1999-03-22,392.247,NA,NA,NA,299.646
1999-03-23,394.688,NA,NA,NA,299.746
1999-03-24,395.542,NA,NA,NA,299.795
1999-03-25,396.047,NA,NA,NA,299.826
1999-03-26,396.358,NA,NA,NA,299.853
1999-03-27,396.785,NA,NA,NA,299.951
1999-03-28,397.874,NA,NA,NA,300.018
1999-03-29,398.655,NA,NA,NA,300.121
1999-03-30,400.645,NA,NA,NA,300.268
1999-03-31,402.092,NA,NA,NA,300.368
1999-04-01,403.74,NA,NA,NA,300.518
1999-04-02,406.018,NA,NA,NA,300.667
1999-04-03,407.753,NA,NA,NA,300.807
1999-04-04,409.567,NA,NA,NA,300.923
1999-04-05,410.834,NA,NA,NA,301.03
1999-04-06,412.141,NA,NA,NA,301.124
1999-04-07,413.409,NA,NA,NA,301.249
1999-04-08,415.797,NA,NA,NA,301.459
1999-04-09,418.71,NA,NA,NA,301.676
1999-04-10,421.27,NA,NA,NA,301.828
1999-04-11,423.24,NA,NA,NA,301.975
1999-04-12,424.968,NA,NA,NA,302.145
1999-04-13,427.754,NA,NA,NA,302.368
1999-04-14,430.871,NA,NA,NA,302.624
1999-04-15,433.305,NA,NA,NA,302.767
1999-04-16,435.507,NA,NA,NA,302.983
1999-04-17,439.144,NA,NA,NA,303.294
1999-04-18,443.702,NA,NA,NA,303.669
1999-04-19,449.237,NA,NA,NA,304.032
1999-04-20,453.225,NA,NA,NA,304.248
1999-04-21,455.852,NA,NA,NA,304.392
1999-04-22,457.146,NA,NA,NA,304.48
1999-04-23,457.981,NA,NA,NA,304.52
1999-04-24,458.401,NA,NA,NA,304.611
1999-04-25,460.205,NA,NA,NA,304.766
1999-04-26,462.683,NA,NA,NA,304.949
1999-04-27,465.72,NA,NA,NA,305.062
1999-04-28,465.552,NA,NA,NA,305.007
1999-04-29,464.751,NA,NA,NA,304.968
1999-04-30,464.371,NA,NA,NA,304.955
1999-05-01,464.498,NA,NA,NA,305.026
1999-05-02,466.565,NA,NA,NA,305.263
1999-05-03,470.85,NA,NA,NA,305.708
1999-05-04,478.548,NA,NA,NA,306.135
1999-05-05,482.642,NA,NA,NA,306.269
1999-05-06,482.729,NA,NA,NA,306.26
1999-05-07,482.901,NA,NA,NA,306.3
1999-05-08,483.504,NA,NA,NA,306.412
1999-05-09,486.193,NA,NA,NA,306.607
1999-05-10,488.932,NA,NA,NA,306.778
1999-05-11,490.982,NA,NA,NA,306.912
1999-05-12,492.072,NA,NA,NA,306.998
1999-05-13,494.221,NA,NA,NA,307.171
1999-05-14,496.985,NA,NA,NA,307.351
1999-05-15,499.461,NA,NA,NA,307.519
1999-05-16,501.796,NA,NA,NA,307.647
1999-05-17,502.816,NA,NA,NA,307.683
1999-05-18,504.013,NA,NA,NA,307.702
1999-05-19,502.949,NA,NA,NA,307.653
1999-05-20,502.461,NA,NA,NA,307.644
1999-05-21,502.195,NA,NA,NA,307.589
1999-05-22,501.751,NA,NA,NA,307.671
1999-05-23,504.191,NA,NA,NA,307.842
1999-05-24,506.101,NA,NA,NA,307.796
1999-05-25,503.614,NA,NA,NA,307.656
1999-05-26,502.24,NA,NA,NA,307.632
1999-05-27,502.505,NA,NA,NA,307.647
1999-05-28,502.549,NA,NA,NA,307.653
1999-05-29,502.949,NA,NA,NA,307.726
1999-05-30,504.191,NA,NA,NA,307.799
1999-05-31,505.21,NA,NA,NA,307.845
1999-06-01,505.61,NA,NA,NA,307.842
1999-06-02,504.812,NA,NA,NA,307.79
1999-06-03,504.59,NA,NA,NA,307.778
1999-06-04,504.412,NA,NA,NA,307.775
1999-06-05,504.545,NA,NA,NA,307.796
1999-06-06,504.989,NA,NA,NA,307.818
1999-06-07,505.078,NA,NA,NA,307.802
1999-06-08,504.723,NA,NA,NA,307.784
1999-06-09,504.323,NA,NA,NA,307.778
1999-06-10,503.925,NA,NA,NA,307.76
1999-06-11,503.747,NA,NA,NA,307.769
1999-06-12,504.102,NA,NA,NA,307.772
1999-06-13,504.279,NA,NA,NA,307.811
1999-06-14,505.034,NA,NA,NA,307.866
1999-06-15,505.7,NA,NA,NA,307.851
1999-06-16,505.299,NA,NA,NA,307.796
1999-06-17,504.279,NA,NA,NA,307.778
1999-06-18,504.236,NA,NA,NA,307.772
1999-06-19,504.013,NA,NA,NA,307.763
1999-06-20,503.969,NA,NA,NA,307.75
1999-06-21,503.703,NA,NA,NA,307.726
1999-06-22,503.791,NA,NA,NA,307.744
1999-06-23,504.279,NA,NA,NA,307.784
1999-06-24,504.767,NA,NA,NA,307.836
1999-06-25,505.833,NA,NA,NA,307.912
1999-06-26,506.77,NA,NA,NA,307.939
1999-06-27,506.904,NA,NA,NA,307.93
1999-06-28,506.547,NA,NA,NA,307.9
1999-06-29,506.145,NA,NA,NA,307.882
1999-06-30,505.877,NA,NA,NA,307.863
1999-07-01,505.7,NA,NA,NA,307.854
1999-07-02,505.61,NA,NA,NA,307.854
1999-07-03,505.655,NA,NA,NA,307.863
1999-07-04,505.744,NA,NA,NA,307.866
1999-07-05,505.788,NA,NA,NA,307.863
1999-07-06,505.744,NA,NA,NA,307.854
1999-07-07,505.565,NA,NA,NA,307.848
1999-07-08,505.476,NA,NA,NA,307.845
1999-07-09,505.61,NA,NA,NA,307.854
1999-07-10,505.521,NA,NA,NA,307.836
1999-07-11,505.21,NA,NA,NA,307.824
1999-07-12,505.121,NA,NA,NA,307.811
1999-07-13,504.812,NA,NA,NA,307.784
1999-07-14,504.368,NA,NA,NA,307.775
1999-07-15,504.368,NA,NA,NA,307.754
1999-07-16,503.88,NA,NA,NA,307.717
1999-07-17,503.304,NA,NA,NA,307.677
1999-07-18,502.594,NA,NA,NA,307.622
1999-07-19,501.885,NA,NA,NA,307.574
1999-07-20,501.22,NA,NA,NA,307.522
1999-07-21,500.293,NA,NA,NA,307.461
1999-07-22,499.587,NA,NA,NA,307.412
1999-07-23,498.882,NA,NA,NA,307.357
1999-07-24,497.999,NA,NA,NA,307.293
1999-07-25,497.03,NA,NA,NA,307.232
1999-07-26,496.15,NA,NA,NA,307.165
1999-07-27,495.229,NA,NA,NA,307.104
1999-07-28,494.221,NA,NA,NA,307.031
1999-07-29,493.168,NA,NA,NA,306.958
1999-07-30,492.16,NA,NA,NA,306.888
1999-07-31,491.243,NA,NA,NA,306.818
1999-08-01,490.11,NA,NA,NA,306.742
1999-08-02,489.019,NA,NA,NA,306.678
1999-08-03,488.19,NA,NA,NA,306.62
1999-08-04,487.365,NA,NA,NA,306.559
1999-08-05,486.454,NA,NA,NA,306.501
1999-08-06,485.804,NA,NA,NA,306.455
1999-08-07,485.152,NA,NA,NA,306.431
1999-08-08,485.196,NA,NA,NA,306.431
1999-08-09,484.935,NA,NA,NA,306.388
1999-08-10,484.285,NA,NA,NA,306.351
1999-08-11,483.375,NA,NA,NA,306.284
1999-08-12,482.383,NA,NA,NA,306.226
1999-08-13,481.268,NA,NA,NA,306.147
1999-08-14,480.485,NA,NA,NA,306.083
1999-08-15,479.536,NA,NA,NA,306.016
1999-08-16,478.591,NA,NA,NA,305.946
1999-08-17,477.475,NA,NA,NA,305.879
1999-08-18,476.66,NA,NA,NA,305.815
1999-08-19,475.759,NA,NA,NA,305.754
1999-08-20,474.944,NA,NA,NA,305.693
1999-08-21,474.049,NA,NA,NA,305.632
1999-08-22,473.196,NA,NA,NA,305.568
1999-08-23,472.299,NA,NA,NA,305.504
1999-08-24,471.404,NA,NA,NA,305.44
1999-08-25,470.468,NA,NA,NA,305.376
1999-08-26,469.576,NA,NA,NA,305.309
1999-08-27,468.685,NA,NA,NA,305.245
1999-08-28,467.753,NA,NA,NA,305.178
1999-08-29,466.565,NA,NA,NA,305.093
1999-08-30,465.425,NA,NA,NA,305.023
1999-08-31,457.392,NA,NA,NA,304.971
1999-09-01,463.949,NA,NA,NA,304.901
1999-09-02,462.936,NA,NA,NA,304.824
1999-09-03,461.842,NA,NA,NA,304.745
1999-09-04,460.708,NA,NA,NA,304.666
1999-09-05,459.45,NA,NA,NA,304.574
1999-09-06,458.317,NA,NA,NA,304.492
1999-09-07,457.188,NA,NA,NA,304.401
1999-09-08,455.686,NA,NA,NA,304.291
1999-09-09,454.182,NA,NA,NA,304.178
1999-09-10,452.643,NA,NA,NA,304.068
1999-09-11,451.105,NA,NA,NA,303.956
1999-09-12,449.568,NA,NA,NA,303.843
1999-09-13,448.037,NA,NA,NA,303.73
1999-09-14,446.464,NA,NA,NA,303.614
1999-09-15,444.937,NA,NA,NA,303.499
1999-09-16,443.373,NA,NA,NA,303.386
1999-09-17,442.015,NA,NA,NA,303.282
1999-09-18,440.456,NA,NA,NA,303.169
1999-09-19,438.939,NA,NA,NA,303.05
1999-09-20,437.382,NA,NA,NA,302.938
1999-09-21,435.833,NA,NA,NA,302.822
1999-09-22,434.243,NA,NA,NA,302.654
1999-09-23,431.601,NA,NA,NA,302.456
1999-09-24,428.883,NA,NA,NA,302.252
1999-09-25,426.138,NA,NA,NA,302.048
1999-09-26,423.522,NA,NA,NA,301.843
1999-09-27,420.791,NA,NA,NA,301.636
1999-09-28,418.11,NA,NA,NA,301.432
1999-09-29,415.399,NA,NA,NA,301.35
1999-09-30,412.697,NA,NA,NA,301.014
1999-10-01,409.924,NA,NA,NA,300.804
1999-10-02,407.122,NA,NA,NA,300.597
1999-10-03,404.485,NA,NA,NA,300.39
1999-10-04,401.74,NA,NA,NA,300.173
1999-10-05,398.928,NA,NA,NA,299.957
1999-10-06,396.202,NA,NA,NA,299.756
1999-10-07,393.833,NA,NA,NA,299.56
1999-10-08,391.357,NA,NA,NA,299.365
1999-10-09,388.888,NA,NA,NA,299.17
1999-10-10,386.388,NA,NA,NA,298.969
1999-10-11,383.859,NA,NA,NA,298.771
1999-10-12,381.337,NA,NA,NA,298.542
1999-10-13,378.178,NA,NA,NA,298.289
1999-10-14,374.956,NA,NA,NA,298.03
1999-10-15,371.863,NA,NA,NA,297.777
1999-10-16,369.045,NA,NA,NA,297.549
1999-10-17,366.049,NA,NA,NA,297.323
1999-10-18,362.879,NA,NA,NA,297.058
1999-10-19,360.058,NA,NA,NA,296.811
1999-10-20,356.99,NA,NA,NA,296.564
1999-10-21,354.046,NA,NA,NA,296.324
1999-10-22,351.039,NA,NA,NA,296.064
1999-10-23,348.008,NA,NA,NA,295.808
1999-10-24,344.954,NA,NA,NA,295.555
1999-10-25,341.951,NA,NA,NA,295.305
1999-10-26,339.147,NA,NA,NA,295.086
1999-10-27,336.604,NA,NA,NA,294.86
1999-10-28,334,NA,NA,NA,294.717
1999-10-29,333.54,NA,NA,NA,294.65
1999-10-30,331.733,NA,NA,NA,294.452
1999-10-31,329.155,NA,NA,NA,294.196
1999-11-01,327.044,NA,NA,NA,294.05
1999-11-02,324.559,NA,NA,NA,293.803
1999-11-03,321.602,NA,NA,NA,293.544
1999-11-04,318.693,NA,NA,NA,293.324
1999-11-05,316.417,NA,NA,NA,293.126
1999-11-06,314.563,NA,NA,NA,293.09
1999-11-07,314.43,NA,NA,NA,292.959
1999-11-08,312.141,NA,NA,NA,292.745
1999-11-09,310.064,NA,NA,NA,292.535
1999-11-10,307.561,NA,NA,NA,292.349
1999-11-11,306.683,NA,NA,NA,292.261
1999-11-12,304.968,NA,NA,NA,292.053
1999-11-13,302.354,NA,NA,NA,291.794
1999-11-14,299.292,NA,NA,NA,291.492
1999-11-15,295.755,NA,NA,NA,291.154
1999-11-16,292.017,NA,NA,NA,290.801
1999-11-17,288.342,NA,NA,NA,290.465
1999-11-18,284.792,NA,NA,NA,290.118
1999-11-19,280,NA,NA,NA,289.789
1999-11-20,278.727,NA,NA,NA,289.7
1999-11-21,277.491,NA,NA,NA,289.542
1999-11-22,276.575,NA,NA,NA,289.24
1999-11-23,271.589,NA,NA,NA,288.923
1999-11-24,269.535,NA,NA,NA,288.822
1999-11-25,271.744,NA,NA,NA,291.096
1999-11-26,332.797,NA,NA,NA,297.756
1999-11-27,391.165,NA,NA,NA,300.149
1999-11-28,406.767,NA,NA,NA,300.289
1999-11-29,396.008,NA,NA,NA,299.122
1999-11-30,379.282,NA,NA,NA,298.311
1999-12-01,379.51,NA,NA,NA,297.726
1999-12-02,361.58,NA,NA,NA,296.799
1999-12-03,356.177,NA,NA,NA,296.028
1999-12-04,341.41,NA,NA,NA,294.537
1999-12-05,322.331,NA,NA,NA,292.827
1999-12-06,302.654,NA,NA,NA,291.105
1999-12-07,286.593,NA,NA,NA,289.959
1999-12-08,275.536,NA,NA,NA,288.566
1999-12-09,259.141,NA,NA,NA,287.301
1999-12-10,249.296,NA,NA,NA,286.262
1999-12-11,240.669,NA,NA,NA,285.738
1999-12-12,238.277,NA,NA,NA,285.744
1999-12-13,240.669,NA,NA,NA,285.912
1999-12-14,240.035,NA,NA,NA,285.808
1999-12-15,239.286,NA,NA,NA,285.753
1999-12-16,240.093,NA,NA,NA,286.634
1999-12-17,260.87,NA,NA,NA,288.716
1999-12-18,275.599,NA,NA,NA,290.206
1999-12-19,288.925,NA,NA,NA,290.529
1999-12-20,283.827,NA,NA,NA,289.648
1999-12-21,271.995,NA,NA,NA,288.533
1999-12-22,261.661,NA,NA,NA,287.463
1999-12-23,250.245,NA,NA,NA,286.192
1999-12-24,236.989,NA,NA,NA,284.894
1999-12-25,226.373,NA,NA,NA,283.833
1999-12-26,217.634,NA,NA,NA,282.961
1999-12-27,210.483,NA,NA,NA,282.278
1999-12-28,204.786,NA,NA,NA,281.717
1999-12-29,200.085,NA,NA,NA,281.312
1999-12-30,197.337,NA,NA,NA,281.047
1999-12-31,196.597,NA,NA,NA,280.952
2000-01-01,196.292,NA,NA,NA,280.946
2000-01-02,196.646,NA,NA,NA,281.023
2000-01-03,197.67,NA,NA,NA,281.157
2000-01-04,199.082,NA,NA,NA,281.553
2000-01-05,204.395,NA,NA,NA,282.028
2000-01-06,205.073,NA,NA,NA,281.766
2000-01-07,200.758,NA,NA,NA,281.419
2000-01-08,199.237,NA,NA,NA,281.361
2000-01-09,199.519,NA,NA,NA,281.327
2000-01-10,200.655,NA,NA,NA,281.58
2000-01-11,204.5,NA,NA,NA,282.415
2000-01-12,209.926,NA,NA,NA,282.547
2000-01-13,208.364,NA,NA,NA,281.974
2000-01-14,203.482,NA,NA,NA,281.705
2000-01-15,203.117,NA,NA,NA,281.696
2000-01-16,202.024,NA,NA,NA,281.458
2000-01-17,199.879,NA,NA,NA,281.199
2000-01-18,198.312,NA,NA,NA,281.205
2000-01-19,198.928,NA,NA,NA,281.218
2000-01-20,198.774,NA,NA,NA,281.321
2000-01-21,200.5,NA,NA,NA,281.458
2000-01-22,201.017,NA,NA,NA,281.495
2000-01-23,201.146,NA,NA,NA,281.489
2000-01-24,200.683,NA,NA,NA,281.538
2000-01-25,202.44,NA,NA,NA,281.809
2000-01-26,205.205,NA,NA,NA,282.013
2000-01-27,205.994,NA,NA,NA,282.083
2000-01-28,205.573,NA,NA,NA,281.995
2000-01-29,205.126,NA,NA,NA,282.08
2000-01-30,206.756,NA,NA,NA,282.294
2000-01-31,209.317,NA,NA,NA,282.653
2000-02-01,213.047,NA,NA,NA,283.824
2000-02-02,233.682,NA,NA,NA,286.195
2000-02-03,249.267,NA,NA,NA,287.027
2000-02-04,252.619,NA,NA,NA,287.207
2000-02-05,253.127,NA,NA,NA,287.335
2000-02-06,254.832,NA,NA,NA,287.515
2000-02-07,256.364,NA,NA,NA,287.615
2000-02-08,257.298,NA,NA,NA,287.682
2000-02-09,258.383,NA,NA,NA,287.826
2000-02-10,259.323,NA,NA,NA,287.954
2000-02-11,260.749,NA,NA,NA,288.073
2000-02-12,261.691,NA,NA,NA,288.182
2000-02-13,263.677,NA,NA,NA,288.371
2000-02-14,265.365,NA,NA,NA,288.722
2000-02-15,271.744,NA,NA,NA,289.496
2000-02-16,279.931,NA,NA,NA,290.142
2000-02-17,285.306,NA,NA,NA,290.569
2000-02-18,289.573,NA,NA,NA,290.941
2000-02-19,293.257,NA,NA,NA,291.285
2000-02-20,297.107,NA,NA,NA,291.617
2000-02-21,300.455,NA,NA,NA,291.916
2000-02-22,303.86,NA,NA,NA,292.565
2000-02-23,308.507,NA,NA,NA,292.766
2000-02-24,314.053,NA,NA,NA,293.205
2000-02-25,318.486,NA,NA,NA,293.583
2000-02-26,323.164,NA,NA,NA,294.129
2000-02-27,332.371,NA,NA,NA,295.187
2000-02-28,344.554,NA,NA,NA,296.031
2000-02-29,353.385,NA,NA,NA,296.598
2000-03-01,358.579,NA,NA,NA,296.93
2000-03-02,360.132,NA,NA,NA,296.909
2000-03-03,358.874,NA,NA,NA,296.903
2000-03-04,359.836,NA,NA,NA,297.028
2000-03-05,362.62,NA,NA,NA,297.274
2000-03-06,365.116,NA,NA,NA,297.442
2000-03-07,366.756,NA,NA,NA,297.558
2000-03-08,368.97,NA,NA,NA,297.744
2000-03-09,371.11,NA,NA,NA,297.875
2000-03-10,372.428,NA,NA,NA,297.988
2000-03-11,373.899,NA,NA,NA,298.116
2000-03-12,375.146,NA,NA,NA,298.201
2000-03-13,375.903,NA,NA,NA,298.25
2000-03-14,376.85,NA,NA,NA,298.488
2000-03-15,381.451,NA,NA,NA,298.792
2000-03-16,384.204,NA,NA,NA,299.085
2000-03-17,389.658,NA,NA,NA,299.524
2000-03-18,394.455,NA,NA,NA,299.804
2000-03-19,396.902,NA,NA,NA,300.106
2000-03-20,401.387,NA,NA,NA,300.374
2000-03-21,404.132,NA,NA,NA,300.545
2000-03-22,405.9,NA,NA,NA,300.685
2000-03-23,407.95,NA,NA,NA,300.902
2000-03-24,409.885,NA,NA,NA,301.045
2000-03-25,411.943,NA,NA,NA,301.115
2000-03-26,412.933,NA,NA,NA,301.164
2000-03-27,413.25,NA,NA,NA,301.182
2000-03-28,413.808,NA,NA,NA,301.316
2000-03-29,415.717,NA,NA,NA,301.469
2000-03-30,418.87,NA,NA,NA,301.606
2000-03-31,419.07,NA,NA,NA,301.654
2000-04-01,419.59,NA,NA,NA,301.758
2000-04-02,421.833,NA,NA,NA,301.874
2000-04-03,423.522,NA,NA,NA,302.032
2000-04-04,425.935,NA,NA,NA,302.243
2000-04-05,429.045,NA,NA,NA,302.487
2000-04-06,431.439,NA,NA,NA,302.514
2000-04-07,430.748,NA,NA,NA,302.389
2000-04-08,428.116,NA,NA,NA,302.179
2000-04-09,425.29,NA,NA,NA,301.975
2000-04-10,422.637,NA,NA,NA,301.728
2000-04-11,420.031,NA,NA,NA,301.478
2000-04-12,415.36,NA,NA,NA,301.142
2000-04-13,411.667,NA,NA,NA,301.008
2000-04-14,412.577,NA,NA,NA,301.252
2000-04-15,416.116,NA,NA,NA,301.554
2000-04-16,420.59,NA,NA,NA,301.889
2000-04-17,424.686,NA,NA,NA,302.197
2000-04-18,428.359,NA,NA,NA,302.45
2000-04-19,431.764,NA,NA,NA,302.694
2000-04-20,435.302,NA,NA,NA,302.938
2000-04-21,438.407,NA,NA,NA,303.16
2000-04-22,441.356,NA,NA,NA,303.404
2000-04-23,444.897,NA,NA,NA,303.642
2000-04-24,448.202,NA,NA,NA,303.197
2000-04-25,448.202,NA,NA,NA,303.739
2000-04-26,447.457,NA,NA,NA,303.678
2000-04-27,446.009,NA,NA,NA,303.441
2000-04-28,441.562,NA,NA,NA,303.093
2000-04-29,436.363,NA,NA,NA,302.685
2000-04-30,430.911,NA,NA,NA,302.264
2000-05-01,425.088,NA,NA,NA,301.804
2000-05-02,419.07,NA,NA,NA,301.423
2000-05-03,415.797,NA,NA,NA,301.301
2000-05-04,414.922,NA,NA,NA,301.344
2000-05-05,415.683,NA,NA,NA,301.481
2000-05-06,418.99,NA,NA,NA,301.557
2000-05-07,418.271,NA,NA,NA,301.472
2000-05-08,416.752,NA,NA,NA,301.359
2000-05-09,415.479,NA,NA,NA,301.508
2000-05-10,421.311,NA,NA,NA,302.142
2000-05-11,430.748,NA,NA,NA,302.837
2000-05-12,440.169,NA,NA,NA,303.489
2000-05-13,447.954,NA,NA,NA,304.014
2000-05-14,454.558,NA,NA,NA,304.474
2000-05-15,460.708,NA,NA,NA,305.227
2000-05-16,466.734,NA,NA,NA,305.324
2000-05-17,471.959,NA,NA,NA,305.663
2000-05-18,476.317,NA,NA,NA,305.949
2000-05-19,480.053,NA,NA,NA,306.199
2000-05-20,483.418,NA,NA,NA,306.434
2000-05-21,486.541,NA,NA,NA,306.635
2000-05-22,489.368,NA,NA,NA,306.83
2000-05-23,491.985,NA,NA,NA,306.937
2000-05-24,492.117,NA,NA,NA,306.921
2000-05-25,491.637,NA,NA,NA,306.879
2000-05-26,490.633,NA,NA,NA,306.775
2000-05-27,489.019,NA,NA,NA,306.644
2000-05-28,487.495,NA,NA,NA,306.537
2000-05-29,485.716,NA,NA,NA,306.403
2000-05-30,483.722,NA,NA,NA,306.26
2000-05-31,481.865,NA,NA,NA,306.199
2000-06-01,481.262,NA,NA,NA,306.223
2000-06-02,482.642,NA,NA,NA,306.312
2000-06-03,483.634,NA,NA,NA,306.348
2000-06-04,484.458,NA,NA,NA,306.403
2000-06-05,485.109,NA,NA,NA,306.452
2000-06-06,485.716,NA,NA,NA,306.479
2000-06-07,486.064,NA,NA,NA,306.525
2000-06-08,486.931,NA,NA,NA,306.601
2000-06-09,488.06,NA,NA,NA,306.647
2000-06-10,488.584,NA,NA,NA,306.711
2000-06-11,489.368,NA,NA,NA,306.79
2000-06-12,491.723,NA,NA,NA,307.397
2000-06-13,505.034,NA,NA,NA,307.845
2000-06-14,505.655,NA,NA,NA,307.851
2000-06-15,505.655,NA,NA,NA,307.86
2000-06-16,505.61,NA,NA,NA,307.885
2000-06-17,505.788,NA,NA,NA,307.906
2000-06-18,506.324,NA,NA,NA,307.933
2000-06-19,506.815,NA,NA,NA,307.958
2000-06-20,507.171,NA,NA,NA,307.985
2000-06-21,507.171,NA,NA,NA,307.982
2000-06-22,506.992,NA,NA,NA,307.964
2000-06-23,507.038,NA,NA,NA,307.961
2000-06-24,506.948,NA,NA,NA,307.952
2000-06-25,506.815,NA,NA,NA,307.936
2000-06-26,506.547,NA,NA,NA,307.952
2000-06-27,506.101,NA,NA,NA,307.885
2000-06-28,505.655,NA,NA,NA,307.863
2000-06-29,505.655,NA,NA,NA,307.863
2000-06-30,505.61,NA,NA,NA,307.857
2000-07-01,505.476,NA,NA,NA,307.857
2000-07-02,505.121,NA,NA,NA,307.821
2000-07-03,504.545,NA,NA,NA,307.784
2000-07-04,504.058,NA,NA,NA,307.754
2000-07-05,503.614,NA,NA,NA,307.717
2000-07-06,502.993,NA,NA,NA,307.677
2000-07-07,502.461,NA,NA,NA,307.638
2000-07-08,501.84,NA,NA,NA,307.592
2000-07-09,501.131,NA,NA,NA,307.543
2000-07-10,500.468,NA,NA,NA,307.497
2000-07-11,499.764,NA,NA,NA,307.437
2000-07-12,499.014,NA,NA,NA,307.388
2000-07-13,498.309,NA,NA,NA,307.333
2000-07-14,497.47,NA,NA,NA,307.284
2000-07-15,496.721,NA,NA,NA,307.229
2000-07-16,495.932,NA,NA,NA,307.171
2000-07-17,495.098,NA,NA,NA,307.11
2000-07-18,494.176,NA,NA,NA,307.052
2000-07-19,493.299,NA,NA,NA,306.985
2000-07-20,492.291,NA,NA,NA,306.918
2000-07-21,491.462,NA,NA,NA,306.86
2000-07-22,490.546,NA,NA,NA,306.796
2000-07-23,489.499,NA,NA,NA,306.723
2000-07-24,488.409,NA,NA,NA,306.638
2000-07-25,437.723,NA,NA,NA,306.547
2000-07-26,485.76,NA,NA,NA,306.452
2000-07-27,484.458,NA,NA,NA,306.364
2000-07-28,483.159,NA,NA,NA,306.269
2000-07-29,481.865,NA,NA,NA,306.169
2000-07-30,480.528,NA,NA,NA,306.077
2000-07-31,474.3,NA,NA,NA,305.983
2000-08-01,477.861,NA,NA,NA,305.894
2000-08-02,476.746,NA,NA,NA,305.818
2000-08-03,475.673,NA,NA,NA,305.739
2000-08-04,474.604,NA,NA,NA,305.666
2000-08-05,473.537,NA,NA,NA,305.583
2000-08-06,472.471,NA,NA,NA,305.507
2000-08-07,471.404,NA,NA,NA,305.434
2000-08-08,470.339,NA,NA,NA,305.355
2000-08-09,469.237,NA,NA,NA,305.272
2000-08-10,468.134,NA,NA,NA,305.193
2000-08-11,466.989,NA,NA,NA,305.111
2000-08-12,465.847,NA,NA,NA,305.029
2000-08-13,464.665,NA,NA,NA,304.94
2000-08-14,463.4,NA,NA,NA,304.852
2000-08-15,462.219,NA,NA,NA,304.766
2000-08-16,461.045,NA,NA,NA,304.684
2000-08-17,484.581,NA,NA,NA,304.599
2000-08-18,458.736,NA,NA,NA,304.517
2000-08-19,457.648,NA,NA,NA,304.437
2000-08-20,456.521,NA,NA,NA,304.349
2000-08-21,455.268,NA,NA,NA,304.264
2000-08-22,454.14,NA,NA,NA,304.175
2000-08-23,452.934,NA,NA,NA,304.093
2000-08-24,451.769,NA,NA,NA,304.004
2000-08-25,450.606,NA,NA,NA,303.919
2000-08-26,449.443,NA,NA,NA,303.84
2000-08-27,448.327,NA,NA,NA,303.755
2000-08-28,447.127,NA,NA,NA,303.669
2000-08-29,445.968,NA,NA,NA,303.581
2000-08-30,444.731,NA,NA,NA,303.492
2000-08-31,443.497,NA,NA,NA,303.41
2000-09-01,442.262,NA,NA,NA,303.313
2000-09-02,441.152,NA,NA,NA,303.233
2000-09-03,440.209,NA,NA,NA,303.154
2000-09-04,438.939,NA,NA,NA,303.057
2000-09-05,437.546,NA,NA,NA,302.947
2000-09-06,436.036,NA,NA,NA,302.834
2000-09-07,434.528,NA,NA,NA,302.718
2000-09-08,432.94,NA,NA,NA,302.605
2000-09-09,431.56,NA,NA,NA,302.508
2000-09-10,430.14,NA,NA,NA,302.423
2000-09-11,428.803,NA,NA,NA,302.301
2000-09-12,427.39,NA,NA,NA,302.191
2000-09-13,425.935,NA,NA,NA,302.081
2000-09-14,424.445,NA,NA,NA,301.968
2000-09-15,422.918,NA,NA,NA,301.85
2000-09-16,421.311,NA,NA,NA,301.728
2000-09-17,419.751,NA,NA,NA,301.609
2000-09-18,418.19,NA,NA,NA,301.49
2000-09-19,416.633,NA,NA,NA,301.371
2000-09-20,415.081,NA,NA,NA,301.249
2000-09-21,413.45,NA,NA,NA,301.115
2000-09-22,411.984,NA,NA,NA,301.002
2000-09-23,410.121,NA,NA,NA,300.868
2000-09-24,408.501,NA,NA,NA,300.74
2000-09-25,406.807,NA,NA,NA,300.612
2000-09-26,405.153,NA,NA,NA,300.484
2000-09-27,403.505,NA,NA,NA,300.35
2000-09-28,401.74,NA,NA,NA,300.219
2000-09-29,400.099,NA,NA,NA,300.091
2000-09-30,398.499,NA,NA,NA,299.969
2000-10-01,397.018,NA,NA,NA,299.881
2000-10-02,396.125,NA,NA,NA,299.801
2000-10-03,394.999,NA,NA,NA,299.679
2000-10-04,393.562,NA,NA,NA,299.567
2000-10-05,392.208,NA,NA,NA,299.457
2000-10-06,390.778,NA,NA,NA,299.344
2000-10-07,389.349,NA,NA,NA,299.25
2000-10-08,387.849,NA,NA,NA,299.134
2000-10-09,386.388,NA,NA,NA,299.021
2000-10-10,385.007,NA,NA,NA,298.902
2000-10-11,383.362,NA,NA,NA,298.765
2000-10-12,381.832,NA,NA,NA,298.643
2000-10-13,380.309,NA,NA,NA,298.521
2000-10-14,378.786,NA,NA,NA,298.421
2000-10-15,377.344,NA,NA,NA,298.286
2000-10-16,375.069,NA,NA,NA,298.04
2000-10-17,372.127,NA,NA,NA,297.808
2000-10-18,369.345,NA,NA,NA,297.729
2000-10-19,366.869,NA,NA,NA,297.393
2000-10-20,364.258,NA,NA,NA,297.226
2000-10-21,363.661,NA,NA,NA,297.262
2000-10-22,363.736,NA,NA,NA,297.183
2000-10-23,362.099,NA,NA,NA,297.015
2000-10-24,359.873,NA,NA,NA,296.826
2000-10-25,356.842,NA,NA,NA,296.549
2000-10-26,353.531,NA,NA,NA,296.278
2000-10-27,350.199,NA,NA,NA,295.985
2000-10-28,346.589,NA,NA,NA,295.632
2000-10-29,342.06,NA,NA,NA,295.257
2000-10-30,337.34,NA,NA,NA,294.836
2000-10-31,332.549,NA,NA,NA,294.388
2000-11-01,326.588,NA,NA,NA,293.873
2000-11-02,320.699,NA,NA,NA,293.48
2000-11-03,317.796,NA,NA,NA,293.221
2000-11-04,314.806,NA,NA,NA,292.959
2000-11-05,312.141,NA,NA,NA,292.736
2000-11-06,309.69,NA,NA,NA,292.51
2000-11-07,307.223,NA,NA,NA,292.285
2000-11-08,304.498,NA,NA,NA,292.09
2000-11-09,303.289,NA,NA,NA,292.004
2000-11-10,301.955,NA,NA,NA,291.797
2000-11-11,299.258,NA,NA,NA,291.471
2000-11-12,295.492,NA,NA,NA,291.118
2000-11-13,291.56,NA,NA,NA,290.74
2000-11-14,287.403,NA,NA,NA,290.255
2000-11-15,283.218,NA,NA,NA,289.993
2000-11-16,279.551,NA,NA,NA,289.645
2000-11-17,276.826,NA,NA,NA,289.322
2000-11-18,272.463,NA,NA,NA,288.969
2000-11-19,269.101,NA,NA,NA,288.716
2000-11-20,267.212,NA,NA,NA,288.505
2000-11-21,265.18,NA,NA,NA,288.316
2000-11-22,263.249,NA,NA,NA,288.115
2000-11-23,261.295,NA,NA,NA,287.923
2000-11-24,259.656,NA,NA,NA,287.853
2000-11-25,259.263,NA,NA,NA,287.728
2000-11-26,257.298,NA,NA,NA,287.554
2000-11-27,255.7,NA,NA,NA,287.429
2000-11-28,255.311,NA,NA,NA,287.39
2000-11-29,254.085,NA,NA,NA,287.265
2000-11-30,252.978,NA,NA,NA,287.131
2000-12-01,251.431,NA,NA,NA,286.951
2000-12-02,249.65,NA,NA,NA,286.78
2000-12-03,247.822,NA,NA,NA,286.579
2000-12-04,245.677,NA,NA,NA,286.344
2000-12-05,243.252,NA,NA,NA,286.079
2000-12-06,241.54,NA,NA,NA,285.912
2000-12-07,239.978,NA,NA,NA,285.796
2000-12-08,238.163,NA,NA,NA,285.573
2000-12-09,236.33,NA,NA,NA,285.381
2000-12-10,234.561,NA,NA,NA,285.171
2000-12-11,232.802,NA,NA,NA,284.863
2000-12-12,228.691,NA,NA,NA,284.522
2000-12-13,226.818,NA,NA,NA,284.357
2000-12-14,225.708,NA,NA,NA,284.36
2000-12-15,228.216,NA,NA,NA,284.842
2000-12-16,232.121,NA,NA,NA,285.037
2000-12-17,232.348,NA,NA,NA,285.092
2000-12-18,233.313,NA,NA,NA,285.082
2000-12-19,232.178,NA,NA,NA,284.906
2000-12-20,229.643,NA,NA,NA,284.616
2000-12-21,227.015,NA,NA,NA,284.4
2000-12-22,225.791,NA,NA,NA,284.433
2000-12-23,228.859,NA,NA,NA,284.924
2000-12-24,232.15,NA,NA,NA,285.156
2000-12-25,232.972,NA,NA,NA,285.052
2000-12-26,230.769,NA,NA,NA,284.729
2000-12-27,227.266,NA,NA,NA,284.36
2000-12-28,224.127,NA,NA,NA,284.058
2000-12-29,222.226,NA,NA,NA,283.845
2000-12-30,220.196,NA,NA,NA,283.687
2000-12-31,219.267,NA,NA,NA,283.577
2001-01-01,218.639,NA,NA,NA,283.504
2001-01-02,217.824,NA,NA,NA,283.36
2001-01-03,216.685,NA,NA,NA,283.211
2001-01-04,215.818,NA,NA,NA,283.165
2001-01-05,214.956,NA,NA,NA,283.089
2001-01-06,214.579,NA,NA,NA,283.049
2001-01-07,214.015,NA,NA,NA,282.964
2001-01-08,213.047,NA,NA,NA,282.845
2001-01-09,212.165,NA,NA,NA,282.736
2001-01-10,210.724,NA,NA,NA,282.58
2001-01-11,209.238,NA,NA,NA,282.406
2001-01-12,208.39,NA,NA,NA,282.303
2001-01-13,207.491,NA,NA,NA,282.333
2001-01-14,208.787,NA,NA,NA,282.507
2001-01-15,210.323,NA,NA,NA,282.65
2001-01-16,212.625,NA,NA,NA,282.757
2001-01-17,212.165,NA,NA,NA,282.708
2001-01-18,210.377,NA,NA,NA,282.55
2001-01-19,210.43,NA,NA,NA,282.592
2001-01-20,211.178,NA,NA,NA,282.687
2001-01-21,211.898,NA,NA,NA,282.809
2001-01-22,213.988,NA,NA,NA,283.144
2001-01-23,216.956,NA,NA,NA,283.479
2001-01-24,218.912,NA,NA,NA,283.674
2001-01-25,220.551,NA,NA,NA,283.836
2001-01-26,221.758,NA,NA,NA,283.952
2001-01-27,222.528,NA,NA,NA,283.991
2001-01-28,223.217,NA,NA,NA,284.061
2001-01-29,223.602,NA,NA,NA,284.119
2001-01-30,224.322,NA,NA,NA,284.162
2001-01-31,224.598,NA,NA,NA,284.196
2001-02-01,224.904,NA,NA,NA,284.22
2001-02-02,225.542,NA,NA,NA,284.305
2001-02-03,226.763,NA,NA,NA,284.522
2001-02-04,228.803,NA,NA,NA,284.793
2001-02-05,231.924,NA,NA,NA,285.226
2001-02-06,236.388,NA,NA,NA,285.628
2001-02-07,239.546,NA,NA,NA,285.78
2001-02-08,239.661,NA,NA,NA,285.933
2001-02-09,242.207,NA,NA,NA,286.186
2001-02-10,244.449,NA,NA,NA,286.396
2001-02-11,246.409,NA,NA,NA,286.579
2001-02-12,247.881,NA,NA,NA,286.719
2001-02-13,249.148,NA,NA,NA,286.832
2001-02-14,250.245,NA,NA,NA,286.939
2001-02-15,251.254,NA,NA,NA,287.024
2001-02-16,252.263,NA,NA,NA,287.128
2001-02-17,252.978,NA,NA,NA,287.176
2001-02-18,253.127,NA,NA,NA,287.189
2001-02-19,253.516,NA,NA,NA,287.219
2001-02-20,253.726,NA,NA,NA,287.268
2001-02-21,254.324,NA,NA,NA,287.341
2001-02-22,254.862,NA,NA,NA,287.405
2001-02-23,255.52,NA,NA,NA,287.466
2001-02-24,256.032,NA,NA,NA,287.643
2001-02-25,256.454,NA,NA,NA,287.545
2001-02-26,256.755,NA,NA,NA,287.57
2001-02-27,256.936,NA,NA,NA,287.591
2001-02-28,257.237,NA,NA,NA,287.609
2001-03-01,257.268,NA,NA,NA,287.621
2001-03-02,257.659,NA,NA,NA,287.695
2001-03-03,258.444,NA,NA,NA,287.777
2001-03-04,259.504,NA,NA,NA,287.862
2001-03-05,259.93,NA,NA,NA,287.902
2001-03-06,260.689,NA,NA,NA,287.978
2001-03-07,261.144,NA,NA,NA,288.024
2001-03-08,261.569,NA,NA,NA,288.091
2001-03-09,262.761,NA,NA,NA,288.228
2001-03-10,264.167,NA,NA,NA,288.362
2001-03-11,265.241,NA,NA,NA,288.469
2001-03-12,266.504,NA,NA,NA,288.579
2001-03-13,267.55,NA,NA,NA,288.676
2001-03-14,268.419,NA,NA,NA,288.868
2001-03-15,268.915,NA,NA,NA,288.816
2001-03-16,269.846,NA,NA,NA,288.914
2001-03-17,270.776,NA,NA,NA,289.042
2001-03-18,272.713,NA,NA,NA,289.319
2001-03-19,276.794,NA,NA,NA,290.09
2001-03-20,285.917,NA,NA,NA,290.718
2001-03-21,291.756,NA,NA,NA,291.157
2001-03-22,295.722,NA,NA,NA,291.483
2001-03-23,298.861,NA,NA,NA,291.755
2001-03-24,301.722,NA,NA,NA,292.02
2001-03-25,304.633,NA,NA,NA,292.315
2001-03-26,308.237,NA,NA,NA,292.642
2001-03-27,311.766,NA,NA,NA,292.968
2001-03-28,316.658,NA,NA,NA,293.675
2001-03-29,325.924,NA,NA,NA,294.37
2001-03-30,332.938,NA,NA,NA,294.882
2001-03-31,338.104,NA,NA,NA,295.315
2001-04-01,343.868,NA,NA,NA,295.83
2001-04-02,349.504,NA,NA,NA,296.272
2001-04-03,354.596,NA,NA,NA,296.656
2001-04-04,358.837,NA,NA,NA,296.528
2001-04-05,362.583,NA,NA,NA,297.29
2001-04-06,366.384,NA,NA,NA,297.601
2001-04-07,370.17,NA,NA,NA,297.887
2001-04-08,372.956,NA,NA,NA,298.091
2001-04-09,375.336,NA,NA,NA,298.104
2001-04-10,373.823,NA,NA,NA,298.082
2001-04-11,374.729,NA,NA,NA,298.317
2001-04-12,379.319,NA,NA,NA,298.561
2001-04-13,380.424,NA,NA,NA,298.61
2001-04-14,380.765,NA,NA,NA,298.658
2001-04-15,381.604,NA,NA,NA,298.713
2001-04-16,382.177,NA,NA,NA,298.774
2001-04-17,383.4,NA,NA,NA,298.899
2001-04-18,385.238,NA,NA,NA,299.012
2001-04-19,386.734,NA,NA,NA,299.131
2001-04-20,387.542,NA,NA,NA,299.186
2001-04-21,388.158,NA,NA,NA,299.289
2001-04-22,390.817,NA,NA,NA,299.493
2001-04-23,392.942,NA,NA,NA,299.655
2001-04-24,394.921,NA,NA,NA,299.698
2001-04-25,393.95,NA,NA,NA,299.585
2001-04-26,392.556,NA,NA,NA,299.557
2001-04-27,392.634,NA,NA,NA,299.56
2001-04-28,392.517,NA,NA,NA,299.539
2001-04-29,392.285,NA,NA,NA,299.506
2001-04-30,391.783,NA,NA,NA,299.689
2001-05-01,400.177,NA,NA,NA,300.597
2001-05-02,410.637,NA,NA,NA,301.216
2001-05-03,416.593,NA,NA,NA,301.444
2001-05-04,417.431,NA,NA,NA,301.465
2001-05-05,417.31,NA,NA,NA,301.432
2001-05-06,416.633,NA,NA,NA,301.356
2001-05-07,415.36,NA,NA,NA,301.243
2001-05-08,413.808,NA,NA,NA,301.103
2001-05-09,411.745,NA,NA,NA,300.95
2001-05-10,409.762,NA,NA,NA,300.78
2001-05-11,407.437,NA,NA,NA,300.609
2001-05-12,405.113,NA,NA,NA,300.402
2001-05-13,402.486,NA,NA,NA,300.301
2001-05-14,401.818,NA,NA,NA,300.347
2001-05-15,404.917,NA,NA,NA,300.905
2001-05-16,414.961,NA,NA,NA,301.77
2001-05-17,426.379,NA,NA,NA,302.438
2001-05-18,432.94,NA,NA,NA,302.813
2001-05-19,435.792,NA,NA,NA,302.816
2001-05-20,434.692,NA,NA,NA,302.767
2001-05-21,432.94,NA,NA,NA,302.56
2001-05-22,430.911,NA,NA,NA,302.401
2001-05-23,428.722,NA,NA,NA,302.337
2001-05-24,429.126,NA,NA,NA,302.319
2001-05-25,428.359,NA,NA,NA,302.27
2001-05-26,427.349,NA,NA,NA,302.139
2001-05-27,424.968,NA,NA,NA,301.932
2001-05-28,421.151,NA,NA,NA,301.627
2001-05-29,417.31,NA,NA,NA,301.334
2001-05-30,413.331,NA,NA,NA,301.03
2001-05-31,409.25,NA,NA,NA,300.716
2001-06-01,405.309,NA,NA,NA,300.411
2001-06-02,401.347,NA,NA,NA,300.207
2001-06-03,397.758,NA,NA,NA,299.795
2001-06-04,394.182,NA,NA,NA,299.557
2001-06-05,391.592,NA,NA,NA,299.353
2001-06-06,389.004,NA,NA,NA,299.167
2001-06-07,386.888,NA,NA,NA,298.987
2001-06-08,384.319,NA,NA,NA,298.789
2001-06-09,381.871,NA,NA,NA,298.564
2001-06-10,378.977,NA,NA,NA,298.363
2001-06-11,376.775,NA,NA,NA,298.204
2001-06-12,375.259,NA,NA,NA,298.222
2001-06-13,376.7,NA,NA,NA,298.296
2001-06-14,377.079,NA,NA,NA,298.305
2001-06-15,377.04,NA,NA,NA,298.28
2001-06-16,376.51,NA,NA,NA,298.219
2001-06-17,376.948,NA,NA,NA,298.155
2001-06-18,374.88,NA,NA,NA,298.085
2001-06-19,373.86,NA,NA,NA,297.991
2001-06-20,372.692,NA,NA,NA,297.905
2001-06-21,371.487,NA,NA,NA,297.796
2001-06-22,370.17,NA,NA,NA,297.686
2001-06-23,368.67,NA,NA,NA,297.579
2001-06-24,367.394,NA,NA,NA,297.485
2001-06-25,366.31,NA,NA,NA,297.39
2001-06-26,365.19,NA,NA,NA,297.296
2001-06-27,364.033,NA,NA,NA,297.323
2001-06-28,363.176,NA,NA,NA,297.159
2001-06-29,362.322,NA,NA,NA,297.012
2001-06-30,360.429,NA,NA,NA,296.89
2001-07-01,359.096,NA,NA,NA,296.799
2001-07-02,358.209,NA,NA,NA,296.735
2001-07-03,357.507,NA,NA,NA,296.659
2001-07-04,356.325,NA,NA,NA,296.576
2001-07-05,355.441,NA,NA,NA,296.522
2001-07-06,354.376,NA,NA,NA,296.406
2001-07-07,353.457,NA,NA,NA,296.324
2001-07-08,352.282,NA,NA,NA,296.229
2001-07-09,351.221,NA,NA,NA,296.131
2001-07-10,349.979,NA,NA,NA,296.037
2001-07-11,348.882,NA,NA,NA,295.979
2001-07-12,347.717,NA,NA,NA,295.894
2001-07-13,346.735,NA,NA,NA,295.805
2001-07-14,345.643,NA,NA,NA,295.693
2001-07-15,344.157,NA,NA,NA,295.574
2001-07-16,342.891,NA,NA,NA,295.47
2001-07-17,341.626,NA,NA,NA,295.336
2001-07-18,340.259,NA,NA,NA,295.241
2001-07-19,339.434,NA,NA,NA,295.159
2001-07-20,338.284,NA,NA,NA,295.062
2001-07-21,337.138,NA,NA,NA,294.967
2001-07-22,336.033,NA,NA,NA,294.882
2001-07-23,334.928,NA,NA,NA,294.778
2001-07-24,333.753,NA,NA,NA,294.678
2001-07-25,332.619,NA,NA,NA,294.577
2001-07-26,331.414,NA,NA,NA,294.461
2001-07-27,256.202,NA,NA,NA,294.37
2001-07-28,329.015,NA,NA,NA,294.266
2001-07-29,327.853,NA,NA,NA,294.169
2001-07-30,326.833,NA,NA,NA,294.08
2001-07-31,325.748,NA,NA,NA,293.983
2001-08-01,324.63,NA,NA,NA,293.897
2001-08-02,323.406,NA,NA,NA,293.788
2001-08-03,322.434,NA,NA,NA,293.724
2001-08-04,322.018,NA,NA,NA,293.666
2001-08-05,321.045,NA,NA,NA,293.574
2001-08-06,319.831,NA,NA,NA,293.474
2001-08-07,318.762,NA,NA,NA,293.382
2001-08-08,317.727,NA,NA,NA,293.288
2001-08-09,316.692,NA,NA,NA,293.196
2001-08-10,315.629,NA,NA,NA,293.09
2001-08-11,314.156,NA,NA,NA,292.971
2001-08-12,313.094,NA,NA,NA,292.876
2001-08-13,311.971,NA,NA,NA,292.766
2001-08-14,310.268,NA,NA,NA,292.62
2001-08-15,309.115,NA,NA,NA,292.495
2001-08-16,307.392,NA,NA,NA,292.361
2001-08-17,306.311,NA,NA,NA,292.239
2001-08-18,304.565,NA,NA,NA,292.099
2001-08-19,303.256,NA,NA,NA,291.98
2001-08-20,301.888,NA,NA,NA,291.861
2001-08-21,300.754,NA,NA,NA,291.764
2001-08-22,299.655,NA,NA,NA,291.666
2001-08-23,298.762,NA,NA,NA,291.608
2001-08-24,298.232,NA,NA,NA,291.535
2001-08-25,297.24,NA,NA,NA,291.444
2001-08-26,296.15,NA,NA,NA,291.337
2001-08-27,295.032,NA,NA,NA,291.236
2001-08-28,293.948,NA,NA,NA,291.124
2001-08-29,292.637,NA,NA,NA,290.999
2001-08-30,291.267,NA,NA,NA,290.874
2001-08-31,289.897,NA,NA,NA,290.749
2001-09-01,288.763,NA,NA,NA,290.639
2001-09-02,287.403,NA,NA,NA,290.511
2001-09-03,285.928,NA,NA,NA,290.377
2001-09-04,284.664,NA,NA,NA,290.237
2001-09-05,283.058,NA,NA,NA,290.084
2001-09-06,281.494,NA,NA,NA,289.932
2001-09-07,279.931,NA,NA,NA,289.789
2001-09-08,278.537,NA,NA,NA,289.645
2001-09-09,276.952,NA,NA,NA,289.49
2001-09-10,275.316,NA,NA,NA,289.344
2001-09-11,273.9,NA,NA,NA,289.213
2001-09-12,272.557,NA,NA,NA,289.072
2001-09-13,271.12,NA,NA,NA,288.935
2001-09-14,269.691,NA,NA,NA,288.804
2001-09-15,268.294,NA,NA,NA,288.667
2001-09-16,266.997,NA,NA,NA,288.533
2001-09-17,265.611,NA,NA,NA,288.399
2001-09-18,264.136,NA,NA,NA,288.246
2001-09-19,262.699,NA,NA,NA,288.103
2001-09-20,261.295,NA,NA,NA,287.96
2001-09-21,259.839,NA,NA,NA,287.813
2001-09-22,258.383,NA,NA,NA,287.67
2001-09-23,256.967,NA,NA,NA,287.524
2001-09-24,255.489,NA,NA,NA,287.375
2001-09-25,254.055,NA,NA,NA,287.225
2001-09-26,252.858,NA,NA,NA,287.109
2001-09-27,251.698,NA,NA,NA,286.981
2001-09-28,250.422,NA,NA,NA,286.841
2001-09-29,249.001,NA,NA,NA,287.006
2001-09-30,247.587,NA,NA,NA,286.555
2001-10-01,246.116,NA,NA,NA,286.399
2001-10-02,244.713,NA,NA,NA,286.247
2001-10-03,243.224,NA,NA,NA,286.094
2001-10-04,241.772,NA,NA,NA,285.942
2001-10-05,240.324,NA,NA,NA,285.78
2001-10-06,238.739,NA,NA,NA,285.625
2001-10-07,237.303,NA,NA,NA,285.467
2001-10-08,235.759,NA,NA,NA,285.308
2001-10-09,234.419,NA,NA,NA,285.143
2001-10-10,232.717,NA,NA,NA,284.997
2001-10-11,231.868,NA,NA,NA,284.985
2001-10-12,230.747,NA,NA,NA,284.924
2001-10-13,230.933,NA,NA,NA,284.808
2001-10-14,229.812,NA,NA,NA,284.674
2001-10-15,228.523,NA,NA,NA,284.61
2001-10-16,228.746,NA,NA,NA,284.631
2001-10-17,228.914,NA,NA,NA,284.647
2001-10-18,229.055,NA,NA,NA,284.662
2001-10-19,229.166,NA,NA,NA,284.671
2001-10-20,229.25,NA,NA,NA,284.68
2001-10-21,229.334,NA,NA,NA,284.695
2001-10-22,229.531,NA,NA,NA,284.82
2001-10-23,233.284,NA,NA,NA,285.424
2001-10-24,238.076,NA,NA,NA,285.765
2001-10-25,240.266,NA,NA,NA,285.924
2001-10-26,241.51,NA,NA,NA,286.03
2001-10-27,242.348,NA,NA,NA,286.116
2001-10-28,243.166,NA,NA,NA,286.201
2001-10-29,243.952,NA,NA,NA,286.28
2001-10-30,244.713,NA,NA,NA,286.451
2001-10-31,248.353,NA,NA,NA,287.173
2001-11-01,257.268,NA,NA,NA,287.951
2001-11-02,263.433,NA,NA,NA,288.444
2001-11-03,267.304,NA,NA,NA,288.694
2001-11-04,268.946,NA,NA,NA,288.816
2001-11-05,269.969,NA,NA,NA,288.911
2001-11-06,270.745,NA,NA,NA,288.972
2001-11-07,271.338,NA,NA,NA,289.014
2001-11-08,271.683,NA,NA,NA,289.036
2001-11-09,271.836,NA,NA,NA,289.042
2001-11-10,271.807,NA,NA,NA,289.042
2001-11-11,271.369,NA,NA,NA,288.993
2001-11-12,270.839,NA,NA,NA,288.941
2001-11-13,270.156,NA,NA,NA,288.914
2001-11-14,272.338,NA,NA,NA,289.496
2001-11-15,278.854,NA,NA,NA,289.767
2001-11-16,278.758,NA,NA,NA,289.783
2001-11-17,279.202,NA,NA,NA,289.822
2001-11-18,279.424,NA,NA,NA,289.801
2001-11-19,278.473,NA,NA,NA,289.67
2001-11-20,277.11,NA,NA,NA,289.347
2001-11-21,272.056,NA,NA,NA,288.841
2001-11-22,267.798,NA,NA,NA,289.024
2001-11-23,282.165,NA,NA,NA,290.572
2001-11-24,289.8,NA,NA,NA,290.761
2001-11-25,288.925,NA,NA,NA,290.551
2001-11-26,285.821,NA,NA,NA,290.179
2001-11-27,281.142,NA,NA,NA,289.685
2001-11-28,275.505,NA,NA,NA,289.392
2001-11-29,279.329,NA,NA,NA,290.31
2001-11-30,288.18,NA,NA,NA,290.618
2001-12-01,285.917,NA,NA,NA,290.185
2001-12-02,283.026,NA,NA,NA,290.026
2001-12-03,279.139,NA,NA,NA,289.295
2001-12-04,269.101,NA,NA,NA,288.185
2001-12-05,257.178,NA,NA,NA,286.908
2001-12-06,244.097,NA,NA,NA,286.119
2001-12-07,248.913,NA,NA,NA,287.21
2001-12-08,254.353,NA,NA,NA,287.097
2001-12-09,249.74,NA,NA,NA,286.46
2001-12-10,241.917,NA,NA,NA,285.637
2001-12-11,235.644,NA,NA,NA,285.275
2001-12-12,233.086,NA,NA,NA,285.043
2001-12-13,231.474,NA,NA,NA,285.735
2001-12-14,253.247,NA,NA,NA,288.941
2001-12-15,280.153,NA,NA,NA,290.014
2001-12-16,280.951,NA,NA,NA,290.496
2001-12-17,296.876,NA,NA,NA,292.358
2001-12-18,311.29,NA,NA,NA,292.696
2001-12-19,310.744,NA,NA,NA,292.568
2001-12-20,306.817,NA,NA,NA,292.014
2001-12-21,299.292,NA,NA,NA,291.151
2001-12-22,288.278,NA,NA,NA,289.975
2001-12-23,274.844,NA,NA,NA,288.575
2001-12-24,259.535,NA,NA,NA,287.164
2001-12-25,247.175,NA,NA,NA,285.985
2001-12-26,236.874,NA,NA,NA,285.031
2001-12-27,228.775,NA,NA,NA,284.29
2001-12-28,222.392,NA,NA,NA,283.412
2001-12-29,213.181,NA,NA,NA,282.312
2001-12-30,203.561,NA,NA,NA,281.318
2001-12-31,197.285,NA,NA,NA,281.059
2002-01-01,197.311,NA,NA,NA,283.842
2002-01-02,220.741,NA,NA,NA,281.428
2002-01-03,201.922,NA,NA,NA,281.745
2002-01-04,203.665,NA,NA,NA,281.974
2002-01-05,143.506,NA,NA,NA,281.977
2002-01-06,204.655,NA,NA,NA,282.166
2002-01-07,209.212,NA,NA,NA,283.001
2002-01-08,218.365,NA,NA,NA,284.513
2002-01-09,234.476,NA,NA,NA,285.531
2002-01-10,238.249,NA,NA,NA,285.54
2002-01-11,235.93,NA,NA,NA,285.146
2002-01-12,231.39,NA,NA,NA,284.659
2002-01-13,227.461,NA,NA,NA,283.943
2002-01-14,223.271,NA,NA,NA,283.714
2002-01-15,217.715,NA,NA,NA,283.257
2002-01-16,213.826,NA,NA,NA,282.79
2002-01-17,209.608,NA,NA,NA,282.275
2002-01-18,204.682,NA,NA,NA,281.806
2002-01-19,201.922,NA,NA,NA,281.507
2002-01-20,199.57,NA,NA,NA,281.33
2002-01-21,199.983,NA,NA,NA,281.745
2002-01-22,203.899,NA,NA,NA,281.888
2002-01-23,203.665,NA,NA,NA,281.772
2002-01-24,202.309,NA,NA,NA,281.449
2002-01-25,198.518,NA,NA,NA,281.602
2002-01-26,205.18,NA,NA,NA,282.278
2002-01-27,207.835,NA,NA,NA,282.287
2002-01-28,206.256,NA,NA,NA,281.989
2002-01-29,203.065,NA,NA,NA,281.705
2002-01-30,201.715,NA,NA,NA,281.571
2002-01-31,202.335,NA,NA,NA,281.803
2002-02-01,204.317,NA,NA,NA,282.071
2002-02-02,207.57,NA,NA,NA,282.419
2002-02-03,210.43,NA,NA,NA,282.763
2002-02-04,213.638,NA,NA,NA,283.815
2002-02-05,216.767,NA,NA,NA,283.467
2002-02-06,219.704,NA,NA,NA,283.793
2002-02-07,134.02,NA,NA,NA,284.345
2002-02-08,229.981,NA,NA,NA,285.223
2002-02-09,237.904,NA,NA,NA,285.942
2002-02-10,243.747,NA,NA,NA,286.472
2002-02-11,248.353,NA,NA,NA,286.939
2002-02-12,252.799,NA,NA,NA,287.35
2002-02-13,256.575,NA,NA,NA,287.725
2002-02-14,260.021,NA,NA,NA,288.057
2002-02-15,263.28,NA,NA,NA,288.374
2002-02-16,266.319,NA,NA,NA,288.691
2002-02-17,269.752,NA,NA,NA,289.033
2002-02-18,273.306,NA,NA,NA,289.383
2002-02-19,276.857,NA,NA,NA,289.783
2002-02-20,282.165,NA,NA,NA,290.349
2002-02-21,287.856,NA,NA,NA,290.944
2002-02-22,295.854,NA,NA,NA,291.822
2002-02-23,305.841,NA,NA,NA,293.004
2002-02-24,321.705,NA,NA,NA,294.26
2002-02-25,333.93,NA,NA,NA,295.095
2002-02-26,341.771,NA,NA,NA,295.662
2002-02-27,347.644,NA,NA,NA,296.101
2002-02-28,352.392,NA,NA,NA,296.473
2002-03-01,356.584,NA,NA,NA,296.787
2002-03-02,360.132,NA,NA,NA,297.064
2002-03-03,363.288,NA,NA,NA,297.308
2002-03-04,366.161,NA,NA,NA,297.537
2002-03-05,368.933,NA,NA,NA,297.652
2002-03-06,372.014,NA,NA,NA,298.25
2002-03-07,382.672,NA,NA,NA,299.183
2002-03-08,392.015,NA,NA,NA,299.579
2002-03-09,393.33,NA,NA,NA,299.6
2002-03-10,391.861,NA,NA,NA,299.478
2002-03-11,390.43,NA,NA,NA,299.621
2002-03-12,400.099,NA,NA,NA,300.941
2002-03-13,416.434,NA,NA,NA,301.517
2002-03-14,418.59,NA,NA,NA,301.432
2002-03-15,414.766,NA,NA,NA,301.152
2002-03-16,411.507,NA,NA,NA,300.862
2002-03-17,407.634,NA,NA,NA,300.524
2002-03-18,402.799,NA,NA,NA,300.134
2002-03-19,397.913,NA,NA,NA,299.99
2002-03-20,397.913,NA,NA,NA,299.984
2002-03-21,397.796,NA,NA,NA,300.07
2002-03-22,400.294,NA,NA,NA,300.271
2002-03-23,402.72,NA,NA,NA,300.466
2002-03-24,405.861,NA,NA,NA,300.731
2002-03-25,409.646,NA,NA,NA,300.96
2002-03-26,412.973,NA,NA,NA,301.258
2002-03-27,415.797,NA,NA,NA,301.481
2002-03-28,418.75,NA,NA,NA,301.676
2002-03-29,420.99,NA,NA,NA,301.843
2002-03-30,423.159,NA,NA,NA,301.932
2002-03-31,423.36,NA,NA,NA,301.981
2002-04-01,423.963,NA,NA,NA,302.023
2002-04-02,424.807,NA,NA,NA,302.072
2002-04-03,425.935,NA,NA,NA,302.218
2002-04-04,427.631,NA,NA,NA,302.615
2002-04-05,428.924,NA,NA,NA,302.462
2002-04-06,431.276,NA,NA,NA,302.621
2002-04-07,433.022,NA,NA,NA,302.752
2002-04-08,434.365,NA,NA,NA,302.813
2002-04-09,435.262,NA,NA,NA,302.861
2002-04-10,436.567,NA,NA,NA,303.456
2002-04-11,450.357,NA,NA,NA,304.334
2002-04-12,460.163,NA,NA,NA,304.904
2002-04-13,466.1,NA,NA,NA,305.327
2002-04-14,474.817,NA,NA,NA,307.059
2002-04-15,505.299,NA,NA,NA,307.988
2002-04-16,505.877,NA,NA,NA,307.507
2002-04-17,494.791,NA,NA,NA,306.586
2002-04-18,480.053,NA,NA,NA,305.693
2002-04-19,470.595,NA,NA,NA,305.202
2002-04-20,466.227,NA,NA,NA,305.108
2002-04-21,466.819,NA,NA,NA,305.233
2002-04-22,469.195,NA,NA,NA,305.394
2002-04-23,471.319,NA,NA,NA,305.541
2002-04-24,473.366,NA,NA,NA,305.669
2002-04-25,474.987,NA,NA,NA,305.785
2002-04-26,476.446,NA,NA,NA,305.897
2002-04-27,478.334,NA,NA,NA,306.037
2002-04-28,480.312,NA,NA,NA,306.147
2002-04-29,481.521,NA,NA,NA,306.23
2002-04-30,482.556,NA,NA,NA,306.315
2002-05-01,483.982,NA,NA,NA,306.406
2002-05-02,485.239,NA,NA,NA,306.495
2002-05-03,486.541,NA,NA,NA,306.607
2002-05-04,488.19,NA,NA,NA,306.702
2002-05-05,489.412,NA,NA,NA,306.778
2002-05-06,490.459,NA,NA,NA,306.863
2002-05-07,491.506,NA,NA,NA,306.854
2002-05-08,490.808,NA,NA,NA,306.793
2002-05-09,489.674,NA,NA,NA,306.76
2002-05-10,489.238,NA,NA,NA,306.644
2002-05-11,487.148,NA,NA,NA,306.495
2002-05-12,485.023,NA,NA,NA,306.348
2002-05-13,482.986,NA,NA,NA,306.251
2002-05-14,481.908,NA,NA,NA,306.15
2002-05-15,480.399,NA,NA,NA,306.05
2002-05-16,479.019,NA,NA,NA,305.879
2002-05-17,476.017,NA,NA,NA,305.666
2002-05-18,472.855,NA,NA,NA,305.349
2002-05-19,467.158,NA,NA,NA,304.94
2002-05-20,461.59,NA,NA,NA,304.517
2002-05-21,455.602,NA,NA,NA,304.169
2002-05-22,453.516,NA,NA,NA,304.224
2002-05-23,454.14,NA,NA,NA,304.257
2002-05-24,454.474,NA,NA,NA,304.273
2002-05-25,454.641,NA,NA,NA,304.285
2002-05-26,455.017,NA,NA,NA,304.325
2002-05-27,455.726,NA,NA,NA,304.385
2002-05-28,456.813,NA,NA,NA,304.486
2002-05-29,458.82,NA,NA,NA,304.709
2002-05-30,462.556,NA,NA,NA,304.971
2002-05-31,465.847,NA,NA,NA,305.181
2002-06-01,468.431,NA,NA,NA,305.349
2002-06-02,470.722,NA,NA,NA,305.461
2002-06-03,471.319,NA,NA,NA,305.486
2002-06-04,471.404,NA,NA,NA,305.48
2002-06-05,470.935,NA,NA,NA,305.355
2002-06-06,469.534,NA,NA,NA,305.382
2002-06-07,470.129,NA,NA,NA,305.279
2002-06-08,467.626,NA,NA,NA,305.068
2002-06-09,464.455,NA,NA,NA,304.821
2002-06-10,460.834,NA,NA,NA,304.535
2002-06-11,456.103,NA,NA,NA,304.111
2002-06-12,449.691,NA,NA,NA,303.636
2002-06-13,443.373,NA,NA,NA,303.31
2002-06-14,440.825,NA,NA,NA,303.212
2002-06-15,440.169,NA,NA,NA,303.175
2002-06-16,439.759,NA,NA,NA,303.142
2002-06-17,439.267,NA,NA,NA,303.111
2002-06-18,439.431,NA,NA,NA,303.185
2002-06-19,440.497,NA,NA,NA,303.215
2002-06-20,440.373,NA,NA,NA,303.194
2002-06-21,439.923,NA,NA,NA,303.154
2002-06-22,439.35,NA,NA,NA,303.114
2002-06-23,439.185,NA,NA,NA,303.09
2002-06-24,438.365,NA,NA,NA,303.026
2002-06-25,437.465,NA,NA,NA,302.956
2002-06-26,436.567,NA,NA,NA,302.889
2002-06-27,435.507,NA,NA,NA,302.816
2002-06-28,434.611,NA,NA,NA,302.761
2002-06-29,433.999,NA,NA,NA,302.733
2002-06-30,434.039,NA,NA,NA,302.724
2002-07-01,433.509,NA,NA,NA,302.666
2002-07-02,432.9,NA,NA,NA,302.624
2002-07-03,432.251,NA,NA,NA,302.572
2002-07-04,431.519,NA,NA,NA,302.52
2002-07-05,430.789,NA,NA,NA,302.459
2002-07-06,429.978,NA,NA,NA,302.401
2002-07-07,429.166,NA,NA,NA,302.337
2002-07-08,428.319,NA,NA,NA,302.285
2002-07-09,427.713,NA,NA,NA,302.224
2002-07-10,426.905,NA,NA,NA,302.148
2002-07-11,425.734,NA,NA,NA,302.072
2002-07-12,424.767,NA,NA,NA,301.996
2002-07-13,423.602,NA,NA,NA,301.91
2002-07-14,422.516,NA,NA,NA,301.828
2002-07-15,421.391,NA,NA,NA,301.67
2002-07-16,420.19,NA,NA,NA,301.648
2002-07-17,418.99,NA,NA,NA,301.557
2002-07-18,417.87,NA,NA,NA,301.478
2002-07-19,416.673,NA,NA,NA,301.386
2002-07-20,415.479,NA,NA,NA,301.295
2002-07-21,414.206,NA,NA,NA,301.197
2002-07-22,412.933,NA,NA,NA,301.103
2002-07-23,411.745,NA,NA,NA,301.017
2002-07-24,410.518,NA,NA,NA,300.914
2002-07-25,409.092,NA,NA,NA,300.81
2002-07-26,407.792,NA,NA,NA,300.71
2002-07-27,406.374,NA,NA,NA,300.606
2002-07-28,405.159,NA,NA,NA,300.499
2002-07-29,403.78,NA,NA,NA,300.399
2002-07-30,402.407,NA,NA,NA,300.265
2002-07-31,401.035,NA,NA,NA,300.167
2002-08-01,399.865,NA,NA,NA,300.066
2002-08-02,398.616,NA,NA,NA,299.966
2002-08-03,397.213,NA,NA,NA,299.856
2002-08-04,395.774,NA,NA,NA,299.746
2002-08-05,394.532,NA,NA,NA,299.652
2002-08-06,393.33,NA,NA,NA,299.579
2002-08-07,391.937,NA,NA,NA,299.466
2002-08-08,390.507,NA,NA,NA,299.359
2002-08-09,389.234,NA,NA,NA,299.256
2002-08-10,387.811,NA,NA,NA,299.143
2002-08-11,386.349,NA,NA,NA,299.03
2002-08-12,385.122,NA,NA,NA,298.93
2002-08-13,383.706,NA,NA,NA,298.82
2002-08-14,382.443,NA,NA,NA,298.713
2002-08-15,380.957,NA,NA,NA,298.597
2002-08-16,379.661,NA,NA,NA,298.488
2002-08-17,378.139,NA,NA,NA,298.369
2002-08-18,374.464,NA,NA,NA,298.247
2002-08-19,375.336,NA,NA,NA,298.137
2002-08-20,373.748,NA,NA,NA,298.006
2002-08-21,372.467,NA,NA,NA,297.915
2002-08-22,371.185,NA,NA,NA,297.799
2002-08-23,369.907,NA,NA,NA,297.695
2002-08-24,368.595,NA,NA,NA,297.588
2002-08-25,367.244,NA,NA,NA,297.479
2002-08-26,365.937,NA,NA,NA,297.372
2002-08-27,364.631,NA,NA,NA,297.271
2002-08-28,363.288,NA,NA,NA,297.156
2002-08-29,361.988,NA,NA,NA,297.046
2002-08-30,360.578,NA,NA,NA,296.921
2002-08-31,359.133,NA,NA,NA,296.799
2002-09-01,357.766,NA,NA,NA,296.701
2002-09-02,356.436,NA,NA,NA,296.589
2002-09-03,355.073,NA,NA,NA,296.47
2002-09-04,353.604,NA,NA,NA,296.345
2002-09-05,351.953,NA,NA,NA,296.208
2002-09-06,350.417,NA,NA,NA,296.077
2002-09-07,348.81,NA,NA,NA,295.949
2002-09-08,347.28,NA,NA,NA,295.818
2002-09-09,345.753,NA,NA,NA,295.686
2002-09-10,344.157,NA,NA,NA,295.555
2002-09-11,342.603,NA,NA,NA,295.424
2002-09-12,341.05,NA,NA,NA,295.29
2002-09-13,339.47,NA,NA,NA,295.165
2002-09-14,337.89,NA,NA,NA,295.031
2002-09-15,336.247,NA,NA,NA,294.897
2002-09-16,334.785,NA,NA,NA,294.766
2002-09-17,333.257,NA,NA,NA,294.638
2002-09-18,333.257,NA,NA,NA,294.531
2002-09-19,330.6,NA,NA,NA,294.4
2002-09-20,329.085,NA,NA,NA,294.266
2002-09-21,327.536,NA,NA,NA,294.135
2002-09-22,326.028,NA,NA,NA,293.998
2002-09-23,324.35,NA,NA,NA,293.858
2002-09-24,322.817,NA,NA,NA,293.717
2002-09-25,321.602,NA,NA,NA,293.605
2002-09-26,320.213,NA,NA,NA,293.498
2002-09-27,319.004,NA,NA,NA,293.382
2002-09-28,317.624,NA,NA,NA,293.26
2002-09-29,316.211,NA,NA,NA,293.144
2002-09-30,315.012,NA,NA,NA,293.044
2002-10-01,313.95,NA,NA,NA,292.952
2002-10-02,312.889,NA,NA,NA,292.867
2002-10-03,311.562,NA,NA,NA,292.73
2002-10-04,310.473,NA,NA,NA,292.626
2002-10-05,309.014,NA,NA,NA,292.498
2002-10-06,307.798,NA,NA,NA,292.385
2002-10-07,306.378,NA,NA,NA,292.248
2002-10-08,305.035,NA,NA,NA,292.133
2002-10-09,303.691,NA,NA,NA,292.011
2002-10-10,302.288,NA,NA,NA,291.883
2002-10-11,300.921,NA,NA,NA,291.758
2002-10-12,299.589,NA,NA,NA,291.63
2002-10-13,298.133,NA,NA,NA,291.505
2002-10-14,296.743,NA,NA,NA,291.371
2002-10-15,295.394,NA,NA,NA,291.252
2002-10-16,294.211,NA,NA,NA,291.13
2002-10-17,292.768,NA,NA,NA,290.999
2002-10-18,291.332,NA,NA,NA,290.877
2002-10-19,290.126,NA,NA,NA,290.767
2002-10-20,288.893,NA,NA,NA,290.651
2002-10-21,287.467,NA,NA,NA,290.517
2002-10-22,286.271,NA,NA,NA,290.407
2002-10-23,285.306,NA,NA,NA,290.295
2002-10-24,284.246,NA,NA,NA,290.215
2002-10-25,283.218,NA,NA,NA,290.118
2002-10-26,282.196,NA,NA,NA,290.02
2002-10-27,281.206,NA,NA,NA,289.926
2002-10-28,280.185,NA,NA,NA,289.825
2002-10-29,279.107,NA,NA,NA,289.725
2002-10-30,278.124,NA,NA,NA,289.618
2002-10-31,276.857,NA,NA,NA,289.53
2002-11-01,275.976,NA,NA,NA,289.444
2002-11-02,275.159,NA,NA,NA,289.365
2002-11-03,274.309,NA,NA,NA,289.283
2002-11-04,273.463,NA,NA,NA,289.145
2002-11-05,272.65,NA,NA,NA,289.088
2002-11-06,271.683,NA,NA,NA,288.984
2002-11-07,270.651,NA,NA,NA,288.896
2002-11-08,269.908,NA,NA,NA,288.859
2002-11-09,269.938,NA,NA,NA,288.972
2002-11-10,271.807,NA,NA,NA,289.164
2002-11-11,274.12,NA,NA,NA,289.444
2002-11-12,276.826,NA,NA,NA,289.575
2002-11-13,277.332,NA,NA,NA,289.569
2002-11-14,276.731,NA,NA,NA,289.49
2002-11-15,275.851,NA,NA,NA,289.377
2002-11-16,274.434,NA,NA,NA,289.24
2002-11-17,272.963,NA,NA,NA,289.191
2002-11-18,273.493,NA,NA,NA,289.206
2002-11-19,273.088,NA,NA,NA,289.136
2002-11-20,272.244,NA,NA,NA,289.027
2002-11-21,270.808,NA,NA,NA,288.886
2002-11-22,269.443,NA,NA,NA,288.74
2002-11-23,267.829,NA,NA,NA,288.572
2002-11-24,266.042,NA,NA,NA,288.393
2002-11-25,264.167,NA,NA,NA,288.198
2002-11-26,262.027,NA,NA,NA,288.112
2002-11-27,259.808,NA,NA,NA,287.746
2002-11-28,257.569,NA,NA,NA,287.518
2002-11-29,255.281,NA,NA,NA,287.292
2002-11-30,253.247,NA,NA,NA,287.103
2002-12-01,251.52,NA,NA,NA,286.939
2002-12-02,249.918,NA,NA,NA,286.768
2002-12-03,248.176,NA,NA,NA,286.573
2002-12-04,246.38,NA,NA,NA,286.421
2002-12-05,245.092,NA,NA,NA,286.286
2002-12-06,243.776,NA,NA,NA,286.134
2002-12-07,242.353,NA,NA,NA,286.003
2002-12-08,241.105,NA,NA,NA,285.866
2002-12-09,239.718,NA,NA,NA,285.723
2002-12-10,238.364,NA,NA,NA,285.607
2002-12-11,237.588,NA,NA,NA,285.625
2002-12-12,239.661,NA,NA,NA,285.924
2002-12-13,240.931,NA,NA,NA,286.076
2002-12-14,242.527,NA,NA,NA,286.235
2002-12-15,244.244,NA,NA,NA,286.39
2002-12-16,244.097,NA,NA,NA,286.436
2002-12-17,245.297,NA,NA,NA,286.125
2002-12-18,240.382,NA,NA,NA,285.506
2002-12-19,233.937,NA,NA,NA,284.769
2002-12-20,226.624,NA,NA,NA,284.083
2002-12-21,220.304,NA,NA,NA,283.693
2002-12-22,219.649,NA,NA,NA,283.757
2002-12-23,220.524,NA,NA,NA,283.76
2002-12-24,220.059,NA,NA,NA,283.476
2002-12-25,217.824,NA,NA,NA,283.299
2002-12-26,214.175,NA,NA,NA,282.86
2002-12-27,211.071,NA,NA,NA,283.324
2002-12-28,217.064,NA,NA,NA,283.626
2002-12-29,219.321,NA,NA,NA,283.385
2002-12-30,215.574,NA,NA,NA,283.083
2002-12-31,215.737,NA,NA,NA,283.677
2003-01-01,222.171,NA,NA,NA,283.842
2003-01-02,220.741,NA,NA,NA,283.772
2003-01-03,222.749,NA,NA,NA,284.497
2003-01-04,229.25,NA,NA,NA,284.826
2003-01-05,233.313,NA,NA,NA,285.256
2003-01-06,234.93,NA,NA,NA,285.153
2003-01-07,232.093,NA,NA,NA,284.72
2003-01-08,227.322,NA,NA,NA,284.128
2003-01-09,221.455,NA,NA,NA,283.43
2003-01-10,214.687,NA,NA,NA,282.614
2003-01-11,207.254,NA,NA,NA,281.897
2003-01-12,201.663,NA,NA,NA,281.568
2003-01-13,201.198,NA,NA,NA,281.65
2003-01-14,202.413,NA,NA,NA,281.879
2003-01-15,205.152,NA,NA,NA,282.083
2003-01-16,206.098,NA,NA,NA,282.092
2003-01-17,205.6,NA,NA,NA,282.068
2003-01-18,205.573,NA,NA,NA,282.114
2003-01-19,205.889,NA,NA,NA,282.159
2003-01-20,206.545,NA,NA,NA,282.227
2003-01-21,207.045,NA,NA,NA,282.242
2003-01-22,207.202,NA,NA,NA,282.3
2003-01-23,207.57,NA,NA,NA,282.419
2003-01-24,208.947,NA,NA,NA,282.601
2003-01-25,211.658,NA,NA,NA,282.912
2003-01-26,214.175,NA,NA,NA,283.449
2003-01-27,224.127,NA,NA,NA,284.711
2003-01-28,230.883,NA,NA,NA,284.75
2003-01-29,228.552,NA,NA,NA,284.391
2003-01-30,225.819,NA,NA,NA,285.759
2003-01-31,256.575,NA,NA,NA,289.176
2003-02-01,287.24,NA,NA,NA,291.724
2003-02-02,308.777,NA,NA,NA,292.98
2003-02-03,316.865,NA,NA,NA,293.276
2003-02-04,316.934,NA,NA,NA,293.141
2003-02-05,314.293,NA,NA,NA,292.831
2003-02-06,310.2,NA,NA,NA,292.407
2003-02-07,304.935,NA,NA,NA,291.898
2003-02-08,299.026,NA,NA,NA,291.413
2003-02-09,294.507,NA,NA,NA,291.172
2003-02-10,294.079,NA,NA,NA,291.066
2003-02-11,291.038,NA,NA,NA,290.801
2003-02-12,288.601,NA,NA,NA,290.587
2003-02-13,286.884,NA,NA,NA,290.499
2003-02-14,286.335,NA,NA,NA,290.487
2003-02-15,286.4,NA,NA,NA,290.499
2003-02-16,287.435,NA,NA,NA,290.651
2003-02-17,289.67,NA,NA,NA,290.996
2003-02-18,294.736,NA,NA,NA,291.529
2003-02-19,300.355,NA,NA,NA,291.98
2003-02-20,304.968,NA,NA,NA,292.44
2003-02-21,310.949,NA,NA,NA,293.129
2003-02-22,320.039,NA,NA,NA,294.007
2003-02-23,330.071,NA,NA,NA,294.732
2003-02-24,337.21,NA,NA,NA,295.248
2003-02-25,342.421,NA,NA,NA,295.638
2003-02-26,346.662,NA,NA,NA,295.967
2003-02-27,350.234,NA,NA,NA,296.244
2003-02-28,353.237,NA,NA,NA,296.476
2003-03-01,355.771,NA,NA,NA,296.668
2003-03-02,357.877,NA,NA,NA,296.839
2003-03-03,359.873,NA,NA,NA,297.012
2003-03-04,361.877,NA,NA,NA,297.168
2003-03-05,363.773,NA,NA,NA,297.332
2003-03-06,366.124,NA,NA,NA,298.058
2003-03-07,376.093,NA,NA,NA,299.146
2003-03-08,402.054,NA,NA,NA,301.575
2003-03-09,430.667,NA,NA,NA,303.215
2003-03-10,450.398,NA,NA,NA,304.501
2003-03-11,462.978,NA,NA,NA,304.888
2003-03-12,462.683,NA,NA,NA,304.699
2003-03-13,457.773,NA,NA,NA,304.078
2003-03-14,447.085,NA,NA,NA,303.389
2003-03-15,439.144,NA,NA,NA,302.852
2003-03-16,432.737,NA,NA,NA,302.389
2003-03-17,427.228,NA,NA,NA,302.017
2003-03-18,422.797,NA,NA,NA,301.773
2003-03-19,420.47,NA,NA,NA,301.618
2003-03-20,418.07,NA,NA,NA,301.444
2003-03-21,416.394,NA,NA,NA,301.493
2003-03-22,420.311,NA,NA,NA,302.554
2003-03-23,443.785,NA,NA,NA,303.953
2003-03-24,450.647,NA,NA,NA,303.965
2003-03-25,449.733,NA,NA,NA,303.697
2003-03-26,446.754,NA,NA,NA,303.873
2003-03-27,451.811,NA,NA,NA,304.008
2003-03-28,449.65,NA,NA,NA,303.697
2003-03-29,444.525,NA,NA,NA,303.313
2003-03-30,439.514,NA,NA,NA,303.053
2003-03-31,437.832,NA,NA,NA,302.98
2003-04-01,437.423,NA,NA,NA,302.971
2003-04-02,437.301,NA,NA,NA,302.929
2003-04-03,436.254,NA,NA,NA,302.953
2003-04-04,437.628,NA,NA,NA,303.057
2003-04-05,438.857,NA,NA,NA,303.105
2003-04-06,439.759,NA,NA,NA,303.224
2003-04-07,441.686,NA,NA,NA,303.438
2003-04-08,444.773,NA,NA,NA,303.66
2003-04-09,448.244,NA,NA,NA,304.017
2003-04-10,454.14,NA,NA,NA,304.318
2003-04-11,459.996,NA,NA,NA,304.916
2003-04-12,466.946,NA,NA,NA,305.373
2003-04-13,473.068,NA,NA,NA,305.861
2003-04-14,479.536,NA,NA,NA,306.169
2003-04-15,482.901,NA,NA,NA,306.345
2003-04-16,484.242,NA,NA,NA,306.342
2003-04-17,483.461,NA,NA,NA,306.29
2003-04-18,482.943,NA,NA,NA,306.257
2003-04-19,482.296,NA,NA,NA,306.175
2003-04-20,480.744,NA,NA,NA,306.041
2003-04-21,480.929,NA,NA,NA,305.876
2003-04-22,476.017,NA,NA,NA,305.781
2003-04-23,475.803,NA,NA,NA,305.766
2003-04-24,475.974,NA,NA,NA,305.852
2003-04-25,477.647,NA,NA,NA,306.007
2003-04-26,479.967,NA,NA,NA,306.172
2003-04-27,482.211,NA,NA,NA,306.33
2003-04-28,484.242,NA,NA,NA,306.446
2003-04-29,486.064,NA,NA,NA,306.565
2003-04-30,487.452,NA,NA,NA,306.653
2003-05-01,488.627,NA,NA,NA,306.726
2003-05-02,489.499,NA,NA,NA,306.778
2003-05-03,490.11,NA,NA,NA,306.833
2003-05-04,491.069,NA,NA,NA,306.958
2003-05-05,493.911,NA,NA,NA,307.214
2003-05-06,498.132,NA,NA,NA,307.458
2003-05-07,500.998,NA,NA,NA,307.622
2003-05-08,503.038,NA,NA,NA,307.75
2003-05-09,504.634,NA,NA,NA,307.836
2003-05-10,505.565,NA,NA,NA,307.897
2003-05-11,506.324,NA,NA,NA,307.933
2003-05-12,507.216,NA,NA,NA,307.994
2003-05-13,507.885,NA,NA,NA,308.046
2003-05-14,508.421,NA,NA,NA,308.074
2003-05-15,508.955,NA,NA,NA,308.107
2003-05-16,509.357,NA,NA,NA,307.909
2003-05-17,503.436,NA,NA,NA,307.47
2003-05-18,496.985,NA,NA,NA,307.016
2003-05-19,490.284,NA,NA,NA,306.519
2003-05-20,481.951,NA,NA,NA,306.08
2003-05-21,479.149,NA,NA,NA,305.909
2003-05-22,476.403,NA,NA,NA,305.727
2003-05-23,474.049,NA,NA,NA,305.538
2003-05-24,471.064,NA,NA,NA,305.343
2003-05-25,468.516,NA,NA,NA,305.211
2003-05-26,467.243,NA,NA,NA,305.16
2003-05-27,466.565,NA,NA,NA,305.038
2003-05-28,463.316,NA,NA,NA,304.696
2003-05-29,458.107,NA,NA,NA,304.215
2003-05-30,458.107,NA,NA,NA,303.709
2003-05-31,443.414,NA,NA,NA,303.169
2003-06-01,437.016,NA,NA,NA,302.709
2003-06-02,430.911,NA,NA,NA,302.212
2003-06-03,423.36,NA,NA,NA,301.533
2003-06-04,413.688,NA,NA,NA,300.758
2003-06-05,403.112,NA,NA,NA,299.938
2003-06-06,393.02,NA,NA,NA,299.186
2003-06-07,383.706,NA,NA,NA,298.442
2003-06-08,374.313,NA,NA,NA,297.677
2003-06-09,364.743,NA,NA,NA,296.909
2003-06-10,356.362,NA,NA,NA,296.433
2003-06-11,351.404,NA,NA,NA,296.113
2003-06-12,348.736,NA,NA,NA,295.921
2003-06-13,347.135,NA,NA,NA,295.79
2003-06-14,345.608,NA,NA,NA,295.653
2003-06-15,343.614,NA,NA,NA,295.501
2003-06-16,341.988,NA,NA,NA,295.363
2003-06-17,340.259,NA,NA,NA,295.248
2003-06-18,338.5,NA,NA,NA,295.098
2003-06-19,336.782,NA,NA,NA,294.952
2003-06-20,335.035,NA,NA,NA,294.809
2003-06-21,333.576,NA,NA,NA,294.653
2003-06-22,332.123,NA,NA,NA,294.531
2003-06-23,330.634,NA,NA,NA,294.376
2003-06-24,329.049,NA,NA,NA,294.294
2003-06-25,327.466,NA,NA,NA,294.102
2003-06-26,325.784,NA,NA,NA,294.007
2003-06-27,324.176,NA,NA,NA,293.861
2003-06-28,322.504,NA,NA,NA,293.714
2003-06-29,320.802,NA,NA,NA,293.562
2003-06-30,319.038,NA,NA,NA,293.407
2003-07-01,317.244,NA,NA,NA,293.263
2003-07-02,315.903,NA,NA,NA,293.144
2003-07-03,314.704,NA,NA,NA,293.038
2003-07-04,313.54,NA,NA,NA,292.931
2003-07-05,312.346,NA,NA,NA,292.824
2003-07-06,311.085,NA,NA,NA,292.715
2003-07-07,311.127,NA,NA,NA,292.602
2003-07-08,308.643,NA,NA,NA,292.495
2003-07-09,307.561,NA,NA,NA,292.398
2003-07-10,306.514,NA,NA,NA,292.297
2003-07-11,305.337,NA,NA,NA,292.197
2003-07-12,304.33,NA,NA,NA,292.102
2003-07-13,303.188,NA,NA,NA,291.977
2003-07-14,303.188,NA,NA,NA,291.883
2003-07-15,300.988,NA,NA,NA,291.8
2003-07-16,299.922,NA,NA,NA,291.703
2003-07-17,298.994,NA,NA,NA,291.614
2003-07-18,297.901,NA,NA,NA,291.63
2003-07-19,296.81,NA,NA,NA,291.404
2003-07-20,295.623,NA,NA,NA,291.3
2003-07-21,294.572,NA,NA,NA,291.203
2003-07-22,293.356,NA,NA,NA,291.084
2003-07-23,292.115,NA,NA,NA,290.959
2003-07-24,290.713,NA,NA,NA,290.828
2003-07-25,289.249,NA,NA,NA,290.7
2003-07-26,287.856,NA,NA,NA,290.563
2003-07-27,286.433,NA,NA,NA,290.429
2003-07-28,285.082,NA,NA,NA,290.307
2003-07-29,283.731,NA,NA,NA,290.179
2003-07-30,282.228,NA,NA,NA,290.035
2003-07-31,280.824,NA,NA,NA,289.898
2003-08-01,279.266,NA,NA,NA,289.764
2003-08-02,278.727,NA,NA,NA,289.709
2003-08-03,276.543,NA,NA,NA,289.664
2003-08-04,275.189,NA,NA,NA,289.38
2003-08-05,274.183,NA,NA,NA,289.267
2003-08-06,272.931,NA,NA,NA,289.054
2003-08-07,271.744,NA,NA,NA,289.03
2003-08-08,270.466,NA,NA,NA,288.911
2003-08-09,269.318,NA,NA,NA,288.783
2003-08-10,268.233,NA,NA,NA,288.682
2003-08-11,267.182,NA,NA,NA,288.585
2003-08-12,266.104,NA,NA,NA,288.475
2003-08-13,264.842,NA,NA,NA,288.347
2003-08-14,263.617,NA,NA,NA,288.225
2003-08-15,262.272,NA,NA,NA,288.094
2003-08-16,261.204,NA,NA,NA,288.6
2003-08-17,259.808,NA,NA,NA,287.826
2003-08-18,258.504,NA,NA,NA,287.621
2003-08-19,257.237,NA,NA,NA,287.606
2003-08-20,257.208,NA,NA,NA,287.591
2003-08-21,256.876,NA,NA,NA,287.533
2003-08-22,255.071,NA,NA,NA,287.353
2003-08-23,253.307,NA,NA,NA,287.186
2003-08-24,252.233,NA,NA,NA,287.073
2003-08-25,251.164,NA,NA,NA,286.963
2003-08-26,250.036,NA,NA,NA,286.863
2003-08-27,248.913,NA,NA,NA,286.735
2003-08-28,247.852,NA,NA,NA,286.622
2003-08-29,246.702,NA,NA,NA,286.503
2003-08-30,245.619,NA,NA,NA,286.39
2003-08-31,244.508,NA,NA,NA,286.274
2003-09-01,243.398,NA,NA,NA,286.158
2003-09-02,242.237,NA,NA,NA,286.037
2003-09-03,241.075,NA,NA,NA,285.918
2003-09-04,240.035,NA,NA,NA,285.796
2003-09-05,238.855,NA,NA,NA,285.677
2003-09-06,237.703,NA,NA,NA,285.555
2003-09-07,236.531,NA,NA,NA,285.436
2003-09-08,235.529,NA,NA,NA,285.329
2003-09-09,234.504,NA,NA,NA,285.235
2003-09-10,233.738,NA,NA,NA,285.146
2003-09-11,232.859,NA,NA,NA,285.046
2003-09-12,231.897,NA,NA,NA,284.942
2003-09-13,230.883,NA,NA,NA,284.83
2003-09-14,229.84,NA,NA,NA,284.714
2003-09-15,228.663,NA,NA,NA,284.586
2003-09-16,227.518,NA,NA,NA,284.479
2003-09-17,226.652,NA,NA,NA,284.384
2003-09-18,225.764,NA,NA,NA,284.278
2003-09-19,224.765,NA,NA,NA,284.159
2003-09-20,223.684,NA,NA,NA,284.037
2003-09-21,222.584,NA,NA,NA,283.921
2003-09-22,221.565,NA,NA,NA,283.811
2003-09-23,220.469,NA,NA,NA,283.69
2003-09-24,219.404,NA,NA,NA,283.565
2003-09-25,218.284,NA,NA,NA,283.44
2003-09-26,217.118,NA,NA,NA,283.312
2003-09-27,216.034,NA,NA,NA,283.19
2003-09-28,214.875,NA,NA,NA,283.059
2003-09-29,213.746,NA,NA,NA,282.943
2003-09-30,213.127,NA,NA,NA,282.976
2003-10-01,212.405,NA,NA,NA,282.784
2003-10-02,211.685,NA,NA,NA,282.702
2003-10-03,210.99,NA,NA,NA,282.626
2003-10-04,210.297,NA,NA,NA,282.547
2003-10-05,209.635,NA,NA,NA,282.467
2003-10-06,208.947,NA,NA,NA,282.086
2003-10-07,208.337,NA,NA,NA,282.446
2003-10-08,208.073,NA,NA,NA,282.303
2003-10-09,207.808,NA,NA,NA,282.284
2003-10-10,207.755,NA,NA,NA,282.275
2003-10-11,207.702,NA,NA,NA,282.281
2003-10-12,208.205,NA,NA,NA,282.415
2003-10-13,209.873,NA,NA,NA,282.58
2003-10-14,210.564,NA,NA,NA,282.614
2003-10-15,210.697,NA,NA,NA,282.635
2003-10-16,211.178,NA,NA,NA,282.732
2003-10-17,212.218,NA,NA,NA,282.818
2003-10-18,212.805,NA,NA,NA,282.87
2003-10-19,213.208,NA,NA,NA,282.915
2003-10-20,213.557,NA,NA,NA,282.946
2003-10-21,213.826,NA,NA,NA,282.973
2003-10-22,213.932,NA,NA,NA,282.976
2003-10-23,213.934,NA,NA,NA,282.995
2003-10-24,214.202,NA,NA,NA,283.013
2003-10-25,214.31,NA,NA,NA,283.019
2003-10-26,214.284,NA,NA,NA,283.019
2003-10-27,214.257,NA,NA,NA,283.01
2003-10-28,214.015,NA,NA,NA,282.985
2003-10-29,213.799,NA,NA,NA,282.976
2003-10-30,213.88,NA,NA,NA,282.992
2003-10-31,213.988,NA,NA,NA,282.985
2003-11-01,213.826,NA,NA,NA,282.967
2003-11-02,213.826,NA,NA,NA,282.973
2003-11-03,213.88,NA,NA,NA,282.976
2003-11-04,213.906,NA,NA,NA,282.946
2003-11-05,213.612,NA,NA,NA,282.912
2003-11-06,213.343,NA,NA,NA,282.882
2003-11-07,213.074,NA,NA,NA,282.848
2003-11-08,212.752,NA,NA,NA,282.833
2003-11-09,212.645,NA,NA,NA,282.812
2003-11-10,212.592,NA,NA,NA,282.803
2003-11-11,212.405,NA,NA,NA,282.815
2003-11-12,213.343,NA,NA,NA,282.958
2003-11-13,214.149,NA,NA,NA,283.019
2003-11-14,214.526,NA,NA,NA,283.049
2003-11-15,214.74,NA,NA,NA,283.056
2003-11-16,214.795,NA,NA,NA,283.199
2003-11-17,218.421,NA,NA,NA,283.882
2003-11-18,224.682,NA,NA,NA,284.43
2003-11-19,229.474,NA,NA,NA,284.918
2003-11-20,233.767,NA,NA,NA,285.351
2003-11-21,236.989,NA,NA,NA,285.619
2003-11-22,239.084,NA,NA,NA,285.777
2003-11-23,240.007,NA,NA,NA,285.902
2003-11-24,241.452,NA,NA,NA,286.049
2003-11-25,242.788,NA,NA,NA,286.225
2003-11-26,244.566,NA,NA,NA,286.457
2003-11-27,246.967,NA,NA,NA,286.67
2003-11-28,248.588,NA,NA,NA,286.817
2003-11-29,250.214,NA,NA,NA,287.926
2003-11-30,269.969,NA,NA,NA,289.325
2003-12-01,276.889,NA,NA,NA,289.685
2003-12-02,279.297,NA,NA,NA,289.776
2003-12-03,278.029,NA,NA,NA,289.584
2003-12-04,276.48,NA,NA,NA,289.307
2003-12-05,271.87,NA,NA,NA,288.917
2003-12-06,269.691,NA,NA,NA,288.883
2003-12-07,269.752,NA,NA,NA,288.676
2003-12-08,266.196,NA,NA,NA,288.262
2003-12-09,261.387,NA,NA,NA,287.835
2003-12-10,257.509,NA,NA,NA,287.387
2003-12-11,252.619,NA,NA,NA,286.832
2003-12-12,246.38,NA,NA,NA,286.421
2003-12-13,246.674,NA,NA,NA,288.161
2003-12-14,285.435,NA,NA,NA,291.471
2003-12-15,304.028,NA,NA,NA,292.264
2003-12-16,304.229,NA,NA,NA,291.627
2003-12-17,293.816,NA,NA,NA,290.657
2003-12-18,283.313,NA,NA,NA,289.566
2003-12-19,271.369,NA,NA,NA,288.332
2003-12-20,258.233,NA,NA,NA,286.96
2003-12-21,244.156,NA,NA,NA,285.485
2003-12-22,230.066,NA,NA,NA,284.333
2003-12-23,222.969,NA,NA,NA,283.607
2003-12-24,216.523,NA,NA,NA,283.089
2003-12-25,212.351,NA,NA,NA,282.486
2003-12-26,208.258,NA,NA,NA,282.184
2003-12-27,204.708,NA,NA,NA,281.751
2003-12-28,201.276,NA,NA,NA,281.535
2003-12-29,201.766,NA,NA,NA,281.73
2003-12-30,203.143,NA,NA,NA,281.757
2003-12-31,202.361,NA,NA,NA,281.599
2004-01-01,202.076,NA,NA,NA,281.629
2004-01-02,200.603,NA,NA,NA,281.367
2004-01-03,198.852,NA,NA,NA,281.172
2004-01-04,197.005,NA,NA,NA,281.038
2004-01-05,196.037,NA,NA,NA,280.821
2004-01-06,194.764,NA,NA,NA,280.767
2004-01-07,195.35,NA,NA,NA,281.056
2004-01-08,200.344,NA,NA,NA,281.766
2004-01-09,207.123,NA,NA,NA,282.62
2004-01-10,214.149,NA,NA,NA,283.248
2004-01-11,216.685,NA,NA,NA,283.379
2004-01-12,217.58,NA,NA,NA,283.452
2004-01-13,217.77,NA,NA,NA,283.488
2004-01-14,218.203,NA,NA,NA,283.619
2004-01-15,220.769,NA,NA,NA,284.058
2004-01-16,225.68,NA,NA,NA,284.4
2004-01-17,227.127,NA,NA,NA,284.372
2004-01-18,225.569,NA,NA,NA,284.141
2004-01-19,223.629,NA,NA,NA,284.052
2004-01-20,223.629,NA,NA,NA,284.074
2004-01-21,223.465,NA,NA,NA,283.912
2004-01-22,221.07,NA,NA,NA,283.54
2004-01-23,217.118,NA,NA,NA,283.357
2004-01-24,221.593,NA,NA,NA,285.025
2004-01-25,243.252,NA,NA,NA,285.96
2004-01-26,243.252,NA,NA,NA,286.137
2004-01-27,242.265,NA,NA,NA,286.052
2004-01-28,243.542,NA,NA,NA,286.756
2004-01-29,258.081,NA,NA,NA,289.853
2004-01-30,299.689,NA,NA,NA,292.959
2004-01-31,321.879,NA,NA,NA,293.888
2004-02-01,324.561,NA,NA,NA,293.763
2004-02-02,320.316,NA,NA,NA,293.23
2004-02-03,313.607,NA,NA,NA,292.91
2004-02-04,312.175,NA,NA,NA,292.901
2004-02-05,307.662,NA,NA,NA,292.166
2004-02-06,302.021,NA,NA,NA,291.559
2004-02-07,295.262,NA,NA,NA,291.087
2004-02-08,290.973,NA,NA,NA,290.709
2004-02-09,287.208,NA,NA,NA,290.267
2004-02-10,281.909,NA,NA,NA,289.984
2004-02-11,280.537,NA,NA,NA,289.877
2004-02-12,279.741,NA,NA,NA,289.889
2004-02-13,280.537,NA,NA,NA,289.95
2004-02-14,282.42,NA,NA,NA,290.243
2004-02-15,285.885,NA,NA,NA,290.624
2004-02-16,290.288,NA,NA,NA,291.093
2004-02-17,297.107,NA,NA,NA,291.916
2004-02-18,307.021,NA,NA,NA,292.891
2004-02-19,318.314,NA,NA,NA,293.775
2004-02-20,326.169,NA,NA,NA,294.336
2004-02-21,331.379,NA,NA,NA,294.705
2004-02-22,335.285,NA,NA,NA,294.982
2004-02-23,337.89,NA,NA,NA,295.22
2004-02-24,341.013,NA,NA,NA,295.461
2004-02-25,343.904,NA,NA,NA,295.683
2004-02-26,346.481,NA,NA,NA,295.909
2004-02-27,349.248,NA,NA,NA,296.202
2004-02-28,353.825,NA,NA,NA,296.656
2004-02-29,359.242,NA,NA,NA,297.022
2004-03-01,363.25,NA,NA,NA,297.351
2004-03-02,367.169,NA,NA,NA,297.643
2004-03-03,370.433,NA,NA,NA,297.893
2004-03-04,373.484,NA,NA,NA,298.192
2004-03-05,377.988,NA,NA,NA,298.594
2004-03-06,383.897,NA,NA,NA,299.155
2004-03-07,390.43,NA,NA,NA,299.554
2004-03-08,394.455,NA,NA,NA,299.847
2004-03-09,397.991,NA,NA,NA,300.124
2004-03-10,400.88,NA,NA,NA,300.322
2004-03-11,402.995,NA,NA,NA,300.201
2004-03-12,404.368,NA,NA,NA,300.511
2004-03-13,404.681,NA,NA,NA,300.53
2004-03-14,404.681,NA,NA,NA,300.527
2004-03-15,404.368,NA,NA,NA,300.499
2004-03-16,404.681,NA,NA,NA,300.53
2004-03-17,405.153,NA,NA,NA,300.563
2004-03-18,405.546,NA,NA,NA,300.572
2004-03-19,405.625,NA,NA,NA,300.633
2004-03-20,407.122,NA,NA,NA,300.737
2004-03-21,408.817,NA,NA,NA,300.871
2004-03-22,410.359,NA,NA,NA,301.005
2004-03-23,412.26,NA,NA,NA,301.164
2004-03-24,414.405,NA,NA,NA,301.334
2004-03-25,416.713,NA,NA,NA,301.49
2004-03-26,418.71,NA,NA,NA,301.679
2004-03-27,421.351,NA,NA,NA,301.968
2004-03-28,426.219,NA,NA,NA,302.301
2004-03-29,429.857,NA,NA,NA,302.493
2004-03-30,431.682,NA,NA,NA,302.642
2004-03-31,433.509,NA,NA,NA,302.682
2004-04-01,432.535,NA,NA,NA,302.596
2004-04-02,431.439,NA,NA,NA,302.487
2004-04-03,429.653,NA,NA,NA,302.365
2004-04-04,427.631,NA,NA,NA,302.252
2004-04-05,427.269,NA,NA,NA,302.167
2004-04-06,425.209,NA,NA,NA,301.996
2004-04-07,422.918,NA,NA,NA,301.825
2004-04-08,420.591,NA,NA,NA,301.67
2004-04-09,419.111,NA,NA,NA,301.523
2004-04-10,416.713,NA,NA,NA,301.377
2004-04-11,415.161,NA,NA,NA,301.273
2004-04-12,413.688,NA,NA,NA,301.121
2004-04-13,411.35,NA,NA,NA,300.828
2004-04-14,406.57,NA,NA,NA,300.496
2004-04-15,402.603,NA,NA,NA,300.304
2004-04-16,400.684,NA,NA,NA,300.1
2004-04-17,398.616,NA,NA,NA,300.033
2004-04-18,398.499,NA,NA,NA,300.033
2004-04-19,398.382,NA,NA,NA,299.951
2004-04-20,396.318,NA,NA,NA,299.865
2004-04-21,397.329,NA,NA,NA,300.17
2004-04-22,403.231,NA,NA,NA,300.582
2004-04-23,407.634,NA,NA,NA,300.883
2004-04-24,410.794,NA,NA,NA,301.075
2004-04-25,413.37,NA,NA,NA,301.237
2004-04-26,415.041,NA,NA,NA,301.365
2004-04-27,416.872,NA,NA,NA,301.386
2004-04-28,416.076,NA,NA,NA,301.502
2004-04-29,415.957,NA,NA,NA,301.292
2004-04-30,414.405,NA,NA,NA,301.152
2004-05-01,412.26,NA,NA,NA,300.92
2004-05-02,408.541,NA,NA,NA,300.591
2004-05-03,403.661,NA,NA,NA,300.216
2004-05-04,398.928,NA,NA,NA,299.844
2004-05-05,394.144,NA,NA,NA,299.451
2004-05-06,389.042,NA,NA,NA,299.061
2004-05-07,384.893,NA,NA,NA,298.747
2004-05-08,380.385,NA,NA,NA,298.491
2004-05-09,377.722,NA,NA,NA,298.238
2004-05-10,374.163,NA,NA,NA,297.936
2004-05-11,371.335,NA,NA,NA,297.741
2004-05-12,369.12,NA,NA,NA,297.552
2004-05-13,366.721,NA,NA,NA,297.335
2004-05-14,363.885,NA,NA,NA,297.116
2004-05-15,361.098,NA,NA,NA,296.9
2004-05-16,358.542,NA,NA,NA,296.735
2004-05-17,356.768,NA,NA,NA,296.598
2004-05-18,354.854,NA,NA,NA,296.397
2004-05-19,352.759,NA,NA,NA,296.253
2004-05-20,351.185,NA,NA,NA,296.025
2004-05-21,346.335,NA,NA,NA,295.574
2004-05-22,340.906,NA,NA,NA,295.318
2004-05-23,340.259,NA,NA,NA,295.324
2004-05-24,340.762,NA,NA,NA,295.257
2004-05-25,338.536,NA,NA,NA,295.187
2004-05-26,339.29,NA,NA,NA,295.26
2004-05-27,340.475,NA,NA,NA,295.394
2004-05-28,343.543,NA,NA,NA,295.909
2004-05-29,352.429,NA,NA,NA,296.686
2004-05-30,361.172,NA,NA,NA,297.29
2004-05-31,367.319,NA,NA,NA,297.707
2004-06-01,371.675,NA,NA,NA,298.021
2004-06-02,375.146,NA,NA,NA,298.25
2004-06-03,377.646,NA,NA,NA,298.424
2004-06-04,379.471,NA,NA,NA,298.552
2004-06-05,380.842,NA,NA,NA,298.643
2004-06-06,381.794,NA,NA,NA,298.759
2004-06-07,383.897,NA,NA,NA,299.009
2004-06-08,387.35,NA,NA,NA,299.32
2004-06-09,392.247,NA,NA,NA,299.704
2004-06-10,396.862,NA,NA,NA,300.127
2004-06-11,402.916,NA,NA,NA,300.554
2004-06-12,407.871,NA,NA,NA,300.889
2004-06-13,411.745,NA,NA,NA,301.167
2004-06-14,415.12,NA,NA,NA,301.408
2004-06-15,418.11,NA,NA,NA,301.609
2004-06-16,420.39,NA,NA,NA,301.779
2004-06-17,422.395,NA,NA,NA,301.91
2004-06-18,423.522,NA,NA,NA,301.971
2004-06-19,424.004,NA,NA,NA,302.002
2004-06-20,424.325,NA,NA,NA,302.017
2004-06-21,424.486,NA,NA,NA,302.02
2004-06-22,424.164,NA,NA,NA,301.993
2004-06-23,423.922,NA,NA,NA,301.975
2004-06-24,423.641,NA,NA,NA,301.95
2004-06-25,423.32,NA,NA,NA,301.923
2004-06-26,422.918,NA,NA,NA,301.886
2004-06-27,422.356,NA,NA,NA,301.843
2004-06-28,421.713,NA,NA,NA,301.789
2004-06-29,420.91,NA,NA,NA,301.715
2004-06-30,419.99,NA,NA,NA,301.642
2004-07-01,419.111,NA,NA,NA,301.578
2004-07-02,418.31,NA,NA,NA,301.523
2004-07-03,417.75,NA,NA,NA,301.496
2004-07-04,417.31,NA,NA,NA,301.459
2004-07-05,416.792,NA,NA,NA,301.42
2004-07-06,416.235,NA,NA,NA,301.374
2004-07-07,415.638,NA,NA,NA,301.328
2004-07-08,415.081,NA,NA,NA,301.234
2004-07-09,414.405,NA,NA,NA,301.231
2004-07-10,413.768,NA,NA,NA,301.179
2004-07-11,413.053,NA,NA,NA,301.127
2004-07-12,412.34,NA,NA,NA,301.072
2004-07-13,411.627,NA,NA,NA,300.993
2004-07-14,410.558,NA,NA,NA,300.914
2004-07-15,409.607,NA,NA,NA,300.844
2004-07-16,408.699,NA,NA,NA,300.774
2004-07-17,407.911,NA,NA,NA,300.719
2004-07-18,406.886,NA,NA,NA,300.658
2004-07-19,406.453,NA,NA,NA,300.545
2004-07-20,404.76,NA,NA,NA,300.481
2004-07-21,403.584,NA,NA,NA,300.386
2004-07-22,402.25,NA,NA,NA,300.286
2004-07-23,401.075,NA,NA,NA,300.188
2004-07-24,399.747,NA,NA,NA,300.085
2004-07-25,398.382,NA,NA,NA,299.926
2004-07-26,397.018,NA,NA,NA,299.871
2004-07-27,395.697,NA,NA,NA,299.768
2004-07-28,394.26,NA,NA,NA,299.652
2004-07-29,392.982,NA,NA,NA,299.548
2004-07-30,391.473,NA,NA,NA,299.436
2004-07-31,390.082,NA,NA,NA,299.323
2004-08-01,388.695,NA,NA,NA,299.207
2004-08-02,387.542,NA,NA,NA,299.119
2004-08-03,386.427,NA,NA,NA,299.033
2004-08-04,385.429,NA,NA,NA,298.951
2004-08-05,384.243,NA,NA,NA,298.853
2004-08-06,383.209,NA,NA,NA,298.771
2004-08-07,382.175,NA,NA,NA,298.701
2004-08-08,381.185,NA,NA,NA,298.616
2004-08-09,380.119,NA,NA,NA,298.518
2004-08-10,378.9,NA,NA,NA,298.436
2004-08-11,377.949,NA,NA,NA,298.357
2004-08-12,376.85,NA,NA,NA,298.271
2004-08-13,375.903,NA,NA,NA,298.195
2004-08-14,375.07,NA,NA,NA,298.128
2004-08-15,374.124,NA,NA,NA,298.049
2004-08-16,373.107,NA,NA,NA,297.966
2004-08-17,372.052,NA,NA,NA,297.884
2004-08-18,371.11,NA,NA,NA,297.802
2004-08-19,369.945,NA,NA,NA,297.707
2004-08-20,368.707,NA,NA,NA,297.607
2004-08-21,367.545,NA,NA,NA,297.512
2004-08-22,366.384,NA,NA,NA,297.497
2004-08-23,367.132,NA,NA,NA,297.537
2004-08-24,367.957,NA,NA,NA,297.585
2004-08-25,368.295,NA,NA,NA,297.719
2004-08-26,371.562,NA,NA,NA,298.036
2004-08-27,375.638,NA,NA,NA,298.311
2004-08-28,378.253,NA,NA,NA,298.442
2004-08-29,379.052,NA,NA,NA,298.472
2004-08-30,379.09,NA,NA,NA,298.466
2004-08-31,378.977,NA,NA,NA,298.448
2004-09-01,378.557,NA,NA,NA,298.393
2004-09-02,377.079,NA,NA,NA,298.268
2004-09-03,375.449,NA,NA,NA,298.14
2004-09-04,374.2,NA,NA,NA,298.027
2004-09-05,372.278,NA,NA,NA,297.875
2004-09-06,370.508,NA,NA,NA,297.726
2004-09-07,368.595,NA,NA,NA,297.576
2004-09-08,367.057,NA,NA,NA,297.445
2004-09-09,365.153,NA,NA,NA,297.29
2004-09-10,363.213,NA,NA,NA,297.134
2004-09-11,361.283,NA,NA,NA,296.991
2004-09-12,359.762,NA,NA,NA,296.866
2004-09-13,358.283,NA,NA,NA,296.762
2004-09-14,357.433,NA,NA,NA,296.741
2004-09-15,357.84,NA,NA,NA,296.799
2004-09-16,358.763,NA,NA,NA,296.86
2004-09-17,359.059,NA,NA,NA,296.881
2004-09-18,359.873,NA,NA,NA,297.116
2004-09-19,364.482,NA,NA,NA,297.454
2004-09-20,367.47,NA,NA,NA,297.643
2004-09-21,369.87,NA,NA,NA,297.759
2004-09-22,370.245,NA,NA,NA,297.759
2004-09-23,370.021,NA,NA,NA,297.707
2004-09-24,369.045,NA,NA,NA,297.61
2004-09-25,367.657,NA,NA,NA,297.497
2004-09-26,365.937,NA,NA,NA,297.354
2004-09-27,364.145,NA,NA,NA,297.18
2004-09-28,362.062,NA,NA,NA,297.012
2004-09-29,359.686,NA,NA,NA,296.833
2004-09-30,358.172,NA,NA,NA,296.689
2004-10-01,355.734,NA,NA,NA,296.528
2004-10-02,354.082,NA,NA,NA,296.378
2004-10-03,352.209,NA,NA,NA,296.226
2004-10-04,350.381,NA,NA,NA,296.071
2004-10-05,348.408,NA,NA,NA,295.885
2004-10-06,346.117,NA,NA,NA,295.744
2004-10-07,345.208,NA,NA,NA,295.644
2004-10-08,343.831,NA,NA,NA,295.54
2004-10-09,342.891,NA,NA,NA,295.546
2004-10-10,343.578,NA,NA,NA,295.568
2004-10-11,343.144,NA,NA,NA,295.464
2004-10-12,341.734,NA,NA,NA,295.345
2004-10-13,340.366,NA,NA,NA,295.211
2004-10-14,338.213,NA,NA,NA,295.022
2004-10-15,335.926,NA,NA,NA,294.83
2004-10-16,333.682,NA,NA,NA,294.653
2004-10-17,331.946,NA,NA,NA,294.586
2004-10-18,332.087,NA,NA,NA,294.699
2004-10-19,335.428,NA,NA,NA,295.028
2004-10-20,337.997,NA,NA,NA,295.168
2004-10-21,338.931,NA,NA,NA,295.135
2004-10-22,337.854,NA,NA,NA,295.059
2004-10-23,337.21,NA,NA,NA,295.043
2004-10-24,337.138,NA,NA,NA,295.037
2004-10-25,336.925,NA,NA,NA,294.949
2004-10-26,335.392,NA,NA,NA,294.778
2004-10-27,332.549,NA,NA,NA,294.507
2004-10-28,329.19,NA,NA,NA,294.205
2004-10-29,325.609,NA,NA,NA,293.882
2004-10-30,321.81,NA,NA,NA,293.574
2004-10-31,318.797,NA,NA,NA,293.358
2004-11-01,316.349,NA,NA,NA,293.117
2004-11-02,313.71,NA,NA,NA,292.949
2004-11-03,313.71,NA,NA,NA,293.12
2004-11-04,315.561,NA,NA,NA,293.141
2004-11-05,314.704,NA,NA,NA,293.001
2004-11-06,312.617,NA,NA,NA,292.779
2004-11-07,309.758,NA,NA,NA,292.498
2004-11-08,306.479,NA,NA,NA,292.163
2004-11-09,302.821,NA,NA,NA,291.8
2004-11-10,298.961,NA,NA,NA,291.471
2004-11-11,294.868,NA,NA,NA,291.121
2004-11-12,291.267,NA,NA,NA,290.779
2004-11-13,287.5,NA,NA,NA,290.459
2004-11-14,283.635,NA,NA,NA,290.096
2004-11-15,279.836,NA,NA,NA,289.761
2004-11-16,278.473,NA,NA,NA,289.7
2004-11-17,278.473,NA,NA,NA,289.392
2004-11-18,271.338,NA,NA,NA,288.966
2004-11-19,269.504,NA,NA,NA,288.786
2004-11-20,267.705,NA,NA,NA,288.603
2004-11-21,265.764,NA,NA,NA,288.124
2004-11-22,263.677,NA,NA,NA,288.191
2004-11-23,261.477,NA,NA,NA,288.002
2004-11-24,260.506,NA,NA,NA,287.902
2004-11-25,259.141,NA,NA,NA,287.896
2004-11-26,260.415,NA,NA,NA,287.984
2004-11-27,260.173,NA,NA,NA,287.896
2004-11-28,258.928,NA,NA,NA,287.737
2004-11-29,257.118,NA,NA,NA,287.512
2004-11-30,254.922,NA,NA,NA,287.28
2004-12-01,252.44,NA,NA,NA,287.036
2004-12-02,250.095,NA,NA,NA,286.741
2004-12-03,247.175,NA,NA,NA,286.509
2004-12-04,245.385,NA,NA,NA,286.323
2004-12-05,243.426,NA,NA,NA,286.125
2004-12-06,241.54,NA,NA,NA,285.924
2004-12-07,239.92,NA,NA,NA,285.756
2004-12-08,238.71,NA,NA,NA,286.091
2004-12-09,248.087,NA,NA,NA,287.448
2004-12-10,262.547,NA,NA,NA,288.825
2004-12-11,274.467,NA,NA,NA,289.828
2004-12-12,263.394,NA,NA,NA,290.581
2004-12-13,288.472,NA,NA,NA,290.596
2004-12-14,287.014,NA,NA,NA,290.42
2004-12-15,285.114,NA,NA,NA,290.185
2004-12-16,281.781,NA,NA,NA,289.92
2004-12-17,279.202,NA,NA,NA,289.676
2004-12-18,276.165,NA,NA,NA,289.322
2004-12-19,271.463,NA,NA,NA,288.816
2004-12-20,266.904,NA,NA,NA,288.335
2004-12-21,261.752,NA,NA,NA,287.85
2004-12-22,257.268,NA,NA,NA,287.329
2004-12-23,251.491,NA,NA,NA,286.731
2004-12-24,245.532,NA,NA,NA,286.168
2004-12-25,239.344,NA,NA,NA,285.506
2004-12-26,233.171,NA,NA,NA,284.848
2004-12-27,227.629,NA,NA,NA,284.238
2004-12-28,221.263,NA,NA,NA,283.555
2004-12-29,215.954,NA,NA,NA,283.001
2004-12-30,211.578,NA,NA,NA,282.544
2004-12-31,207.835,NA,NA,NA,282.217
2005-01-01,205.18,NA,NA,NA,281.916
2005-01-02,201.948,NA,NA,NA,281.525
2005-01-03,199.391,NA,NA,NA,281.19
2005-01-04,197.157,NA,NA,NA,280.992
2005-01-05,196.419,NA,NA,NA,280.925
2005-01-06,195.936,NA,NA,NA,280.861
2005-01-07,195.376,NA,NA,NA,280.797
2005-01-08,194.866,NA,NA,NA,280.794
2005-01-09,194.968,NA,NA,NA,280.803
2005-01-10,195.044,NA,NA,NA,280.767
2005-01-11,194.968,NA,NA,NA,280.757
2005-01-12,194.713,NA,NA,NA,280.739
2005-01-13,194.815,NA,NA,NA,280.703
2005-01-14,194.157,NA,NA,NA,280.669
2005-01-15,194.081,NA,NA,NA,280.666
2005-01-16,194.107,NA,NA,NA,280.703
2005-01-17,194.739,NA,NA,NA,280.858
2005-01-18,197.953,NA,NA,NA,282.227
2005-01-19,215.71,NA,NA,NA,283.699
2005-01-20,223.134,NA,NA,NA,284.333
2005-01-21,228.272,NA,NA,NA,284.772
2005-01-22,231.417,NA,NA,NA,285.034
2005-01-23,233.086,NA,NA,NA,285.177
2005-01-24,234.287,NA,NA,NA,285.268
2005-01-25,234.873,NA,NA,NA,285.317
2005-01-26,235.215,NA,NA,NA,285.366
2005-01-27,235.815,NA,NA,NA,285.436
2005-01-28,236.588,NA,NA,NA,285.512
2005-01-29,237.817,NA,NA,NA,285.704
2005-01-30,239.892,NA,NA,NA,285.908
2005-01-31,241.598,NA,NA,NA,286.061
2005-02-01,242.353,NA,NA,NA,286.101
2005-02-02,242.469,NA,NA,NA,286.11
2005-02-03,242.527,NA,NA,NA,286.113
2005-02-04,243.02,NA,NA,NA,286.219
2005-02-05,244.478,NA,NA,NA,286.399
2005-02-06,246.351,NA,NA,NA,286.588
2005-02-07,248.176,NA,NA,NA,286.774
2005-02-08,249.829,NA,NA,NA,286.939
2005-02-09,251.461,NA,NA,NA,287.094
2005-02-10,252.919,NA,NA,NA,287.247
2005-02-11,254.055,NA,NA,NA,287.375
2005-02-12,254.952,NA,NA,NA,287.445
2005-02-13,256.122,NA,NA,NA,287.743
2005-02-14,257.78,NA,NA,NA,287.749
2005-02-15,259.111,NA,NA,NA,287.862
2005-02-16,259.839,NA,NA,NA,287.893
2005-02-17,260.294,NA,NA,NA,287.945
2005-02-18,260.718,NA,NA,NA,287.978
2005-02-19,260.992,NA,NA,NA,288.015
2005-02-20,261.538,NA,NA,NA,288.146
2005-02-21,263.739,NA,NA,NA,288.353
2005-02-22,265.704,NA,NA,NA,288.518
2005-02-23,266.688,NA,NA,NA,288.6
2005-02-24,267.427,NA,NA,NA,288.667
2005-02-25,268.015,NA,NA,NA,288.716
2005-02-26,268.511,NA,NA,NA,288.789
2005-02-27,269.504,NA,NA,NA,288.883
2005-02-28,270.373,NA,NA,NA,288.966
2005-03-01,271.151,NA,NA,NA,289.045
2005-03-02,272.338,NA,NA,NA,289.176
2005-03-03,273.524,NA,NA,NA,289.194
2005-03-04,274.286,NA,NA,NA,289.347
2005-03-05,275.064,NA,NA,NA,289.414
2005-03-06,275.694,NA,NA,NA,289.475
2005-03-07,276.449,NA,NA,NA,289.551
2005-03-08,277.237,NA,NA,NA,289.621
2005-03-09,277.966,NA,NA,NA,289.688
2005-03-10,278.568,NA,NA,NA,289.74
2005-03-11,279.234,NA,NA,NA,289.804
2005-03-12,279.773,NA,NA,NA,289.859
2005-03-13,280.217,NA,NA,NA,289.895
2005-03-14,280.569,NA,NA,NA,289.92
2005-03-15,280.792,NA,NA,NA,289.944
2005-03-16,281.047,NA,NA,NA,289.975
2005-03-17,281.59,NA,NA,NA,290.039
2005-03-18,282.165,NA,NA,NA,290.087
2005-03-19,282.675,NA,NA,NA,290.17
2005-03-20,284.149,NA,NA,NA,290.331
2005-03-21,285.95,NA,NA,NA,290.511
2005-03-22,287.888,NA,NA,NA,290.682
2005-03-23,289.378,NA,NA,NA,290.831
2005-03-24,291.104,NA,NA,NA,291.011
2005-03-25,293.421,NA,NA,NA,291.212
2005-03-26,295.328,NA,NA,NA,291.52
2005-03-27,302.721,NA,NA,NA,293.227
2005-03-28,330.954,NA,NA,NA,295.363
2005-03-29,346.481,NA,NA,NA,296.561
2005-03-30,360.355,NA,NA,NA,297.424
2005-03-31,374.124,NA,NA,NA,298.369
2005-04-01,381.185,NA,NA,NA,298.914
2005-04-02,388.234,NA,NA,NA,299.481
2005-04-03,394.804,NA,NA,NA,299.951
2005-04-04,400.723,NA,NA,NA,300.426
2005-04-05,406.886,NA,NA,NA,300.868
2005-04-06,412.102,NA,NA,NA,301.246
2005-04-07,416.792,NA,NA,NA,301.624
2005-04-08,421.351,NA,NA,NA,302.099
2005-04-09,428.521,NA,NA,NA,302.639
2005-04-10,436.608,NA,NA,NA,303.029
2005-04-11,442.385,NA,NA,NA,303.611
2005-04-12,449.237,NA,NA,NA,304.16
2005-04-13,455.602,NA,NA,NA,304.513
2005-04-14,460.834,NA,NA,NA,304.834
2005-04-15,463.991,NA,NA,NA,305.056
2005-04-16,467.456,NA,NA,NA,305.358
2005-04-17,473.153,NA,NA,NA,305.861
2005-04-18,479.925,NA,NA,NA,306.269
2005-04-19,485.023,NA,NA,NA,306.589
2005-04-20,489.193,NA,NA,NA,306.83
2005-04-21,491.768,NA,NA,NA,306.985
2005-04-22,493.826,NA,NA,NA,307.113
2005-04-23,495.23,NA,NA,NA,307.174
2005-04-24,495.843,NA,NA,NA,307.229
2005-04-25,496.457,NA,NA,NA,307.254
2005-04-26,497.074,NA,NA,NA,307.287
2005-04-27,496.677,NA,NA,NA,307.208
2005-04-28,495.405,NA,NA,NA,307.141
2005-04-29,494.616,NA,NA,NA,307.08
2005-04-30,493.694,NA,NA,NA,306.924
2005-05-01,491.288,NA,NA,NA,306.708
2005-05-02,487.972,NA,NA,NA,306.498
2005-05-03,484.328,NA,NA,NA,306.257
2005-05-04,481.132,NA,NA,NA,306.013
2005-05-05,476.833,NA,NA,NA,305.666
2005-05-06,472.001,NA,NA,NA,305.343
2005-05-07,468.219,NA,NA,NA,305.157
2005-05-08,465.763,NA,NA,NA,305.007
2005-05-09,464.118,NA,NA,NA,304.91
2005-05-10,463.865,NA,NA,NA,305.114
2005-05-11,469.746,NA,NA,NA,305.562
2005-05-12,475.416,NA,NA,NA,305.909
2005-05-13,479.666,NA,NA,NA,306.175
2005-05-14,482.642,NA,NA,NA,306.373
2005-05-15,485.76,NA,NA,NA,306.562
2005-05-16,488.366,NA,NA,NA,306.833
2005-05-17,493.387,NA,NA,NA,307.208
2005-05-18,498.661,NA,NA,NA,307.44
2005-05-19,499.72,NA,NA,NA,307.525
2005-05-20,500.602,NA,NA,NA,307.565
2005-05-21,501.086,NA,NA,NA,307.635
2005-05-22,502.638,NA,NA,NA,307.766
2005-05-23,504.767,NA,NA,NA,307.869
2005-05-24,505.877,NA,NA,NA,307.86
2005-05-25,505.078,NA,NA,NA,307.833
2005-05-26,504.767,NA,NA,NA,307.811
2005-05-27,504.59,NA,NA,NA,307.784
2005-05-28,504.147,NA,NA,NA,307.747
2005-05-29,503.304,NA,NA,NA,307.683
2005-05-30,502.373,NA,NA,NA,307.619
2005-05-31,501.308,NA,NA,NA,307.537
2005-06-01,500.249,NA,NA,NA,307.482
2005-06-02,499.631,NA,NA,NA,307.461
2005-06-03,499.941,NA,NA,NA,307.476
2005-06-04,499.984,NA,NA,NA,307.44
2005-06-05,498.132,NA,NA,NA,307.309
2005-06-06,497.118,NA,NA,NA,307.214
2005-06-07,496.457,NA,NA,NA,307.345
2005-06-08,500.954,NA,NA,NA,307.677
2005-06-09,503.658,NA,NA,NA,307.76
2005-06-10,504.456,NA,NA,NA,307.802
2005-06-11,504.678,NA,NA,NA,307.784
2005-06-12,503.569,NA,NA,NA,307.683
2005-06-13,501.885,NA,NA,NA,307.629
2005-06-14,502.284,NA,NA,NA,307.65
2005-06-15,502.727,NA,NA,NA,307.696
2005-06-16,503.436,NA,NA,NA,307.726
2005-06-17,504.013,NA,NA,NA,307.766
2005-06-18,504.412,NA,NA,NA,307.784
2005-06-19,503.791,NA,NA,NA,307.747
2005-06-20,503.436,NA,NA,NA,307.723
2005-06-21,503.791,NA,NA,NA,307.732
2005-06-22,503.347,NA,NA,NA,307.702
2005-06-23,502.905,NA,NA,NA,307.665
2005-06-24,502.461,NA,NA,NA,307.671
2005-06-25,502.461,NA,NA,NA,307.65
2005-06-26,501.973,NA,NA,NA,307.616
2005-06-27,501.397,NA,NA,NA,307.58
2005-06-28,501.042,NA,NA,NA,307.558
2005-06-29,501.353,NA,NA,NA,307.561
2005-06-30,501.264,NA,NA,NA,307.54
2005-07-01,500.689,NA,NA,NA,307.531
2005-07-02,500.16,NA,NA,NA,307.482
2005-07-03,499.235,NA,NA,NA,307.421
2005-07-04,498.396,NA,NA,NA,307.351
2005-07-05,497.206,NA,NA,NA,307.278
2005-07-06,496.326,NA,NA,NA,307.214
2005-07-07,495.317,NA,NA,NA,307.144
2005-07-08,494.264,NA,NA,NA,307.074
2005-07-09,493.255,NA,NA,NA,307.019
2005-07-10,492.992,NA,NA,NA,307.001
2005-07-11,492.817,NA,NA,NA,306.982
2005-07-12,492.422,NA,NA,NA,306.943
2005-07-13,491.985,NA,NA,NA,306.909
2005-07-14,491.374,NA,NA,NA,306.86
2005-07-15,490.677,NA,NA,NA,306.809
2005-07-16,489.63,NA,NA,NA,306.729
2005-07-17,488.496,NA,NA,NA,306.653
2005-07-18,487.582,NA,NA,NA,306.586
2005-07-19,486.628,NA,NA,NA,306.528
2005-07-20,485.63,NA,NA,NA,306.449
2005-07-21,484.458,NA,NA,NA,306.367
2005-07-22,483.289,NA,NA,NA,306.3
2005-07-23,482.34,NA,NA,NA,306.226
2005-07-24,481.305,NA,NA,NA,306.153
2005-07-25,480.269,NA,NA,NA,306.077
2005-07-26,479.191,NA,NA,NA,306.001
2005-07-27,478.119,NA,NA,NA,305.919
2005-07-28,477.004,NA,NA,NA,305.845
2005-07-29,475.888,NA,NA,NA,305.763
2005-07-30,474.817,NA,NA,NA,305.684
2005-07-31,473.665,NA,NA,NA,305.596
2005-08-01,472.556,NA,NA,NA,305.51
2005-08-02,471.362,NA,NA,NA,305.437
2005-08-03,470.256,NA,NA,NA,305.352
2005-08-04,468.898,NA,NA,NA,305.251
2005-08-05,467.541,NA,NA,NA,305.151
2005-08-06,465.931,NA,NA,NA,305.038
2005-08-07,464.498,NA,NA,NA,304.937
2005-08-08,463.147,NA,NA,NA,304.83
2005-08-09,461.548,NA,NA,NA,304.715
2005-08-10,460.121,NA,NA,NA,304.608
2005-08-11,458.652,NA,NA,NA,304.501
2005-08-12,457.188,NA,NA,NA,304.392
2005-08-13,455.686,NA,NA,NA,304.285
2005-08-14,454.224,NA,NA,NA,304.178
2005-08-15,452.767,NA,NA,NA,304.072
2005-08-16,451.271,NA,NA,NA,303.962
2005-08-17,449.816,NA,NA,NA,303.855
2005-08-18,448.285,NA,NA,NA,303.742
2005-08-19,446.837,NA,NA,NA,303.627
2005-08-20,445.143,NA,NA,NA,303.52
2005-08-21,443.662,NA,NA,NA,303.41
2005-08-22,442.179,NA,NA,NA,302.779
2005-08-23,440.661,NA,NA,NA,303.166
2005-08-24,438.57,NA,NA,NA,303.02
2005-08-25,436.811,NA,NA,NA,302.892
2005-08-26,435.221,NA,NA,NA,302.773
2005-08-27,433.59,NA,NA,NA,302.657
2005-08-28,432.047,NA,NA,NA,302.538
2005-08-29,430.383,NA,NA,NA,302.416
2005-08-30,429.126,NA,NA,NA,302.325
2005-08-31,427.754,NA,NA,NA,302.218
2005-09-01,426.178,NA,NA,NA,302.096
2005-09-02,424.566,NA,NA,NA,301.965
2005-09-03,422.196,NA,NA,NA,301.523
2005-09-04,419.71,NA,NA,NA,301.572
2005-09-05,417.55,NA,NA,NA,301.405
2005-09-06,415.2,NA,NA,NA,301.228
2005-09-07,412.26,NA,NA,NA,300.99
2005-09-08,409.329,NA,NA,NA,300.749
2005-09-09,405.94,NA,NA,NA,300.496
2005-09-10,402.76,NA,NA,NA,300.277
2005-09-11,400.84,NA,NA,NA,300.112
2005-09-12,397.836,NA,NA,NA,299.868
2005-09-13,394.726,NA,NA,NA,299.64
2005-09-14,391.783,NA,NA,NA,299.408
2005-09-15,388.85,NA,NA,NA,299.164
2005-09-16,385.659,NA,NA,NA,298.908
2005-09-17,382.712,NA,NA,NA,298.649
2005-09-18,379.585,NA,NA,NA,298.396
2005-09-19,376.433,NA,NA,NA,298.155
2005-09-20,373.295,NA,NA,NA,297.887
2005-09-21,370.282,NA,NA,NA,297.64
2005-09-22,367.207,NA,NA,NA,297.387
2005-09-23,364.071,NA,NA,NA,297.14
2005-09-24,361.098,NA,NA,NA,296.897
2005-09-25,358.135,NA,NA,NA,296.662
2005-09-26,355.073,NA,NA,NA,296.394
2005-09-27,352.098,NA,NA,NA,296.159
2005-09-28,349.175,NA,NA,NA,295.906
2005-09-29,346.044,NA,NA,NA,295.641
2005-09-30,342.856,NA,NA,NA,295.354
2005-10-01,340.331,NA,NA,NA,295.232
2005-10-02,338.608,NA,NA,NA,295.089
2005-10-03,336.818,NA,NA,NA,294.94
2005-10-04,335.249,NA,NA,NA,294.766
2005-10-05,333.151,NA,NA,NA,294.586
2005-10-06,331.024,NA,NA,NA,294.4
2005-10-07,328.838,NA,NA,NA,294.211
2005-10-08,327.008,NA,NA,NA,294.065
2005-10-09,324.839,NA,NA,NA,293.87
2005-10-10,322.643,NA,NA,NA,293.666
2005-10-11,320.387,NA,NA,NA,293.452
2005-10-12,318.142,NA,NA,NA,293.291
2005-10-13,316.074,NA,NA,NA,293.102
2005-10-14,313.813,NA,NA,NA,292.901
2005-10-15,311.528,NA,NA,NA,292.715
2005-10-16,310.064,NA,NA,NA,292.593
2005-10-17,308.879,NA,NA,NA,292.48
2005-10-18,307.528,NA,NA,NA,292.385
2005-10-19,305.908,NA,NA,NA,292.257
2005-10-20,305.001,NA,NA,NA,292.212
2005-10-21,304.598,NA,NA,NA,292.133
2005-10-22,303.256,NA,NA,NA,292.004
2005-10-23,301.755,NA,NA,NA,291.858
2005-10-24,300.088,NA,NA,NA,291.709
2005-10-25,298.497,NA,NA,NA,291.569
2005-10-26,297.406,NA,NA,NA,291.489
2005-10-27,296.975,NA,NA,NA,291.447
2005-10-28,296.545,NA,NA,NA,291.428
2005-10-29,296.379,NA,NA,NA,291.419
2005-10-30,295.886,NA,NA,NA,291.352
2005-10-31,295.032,NA,NA,NA,291.328
2005-11-01,296.81,NA,NA,NA,291.797
2005-11-02,303.793,NA,NA,NA,292.19
2005-11-03,305.169,NA,NA,NA,292.16
2005-11-04,304.666,NA,NA,NA,292.257
2005-11-05,306.076,NA,NA,NA,292.401
2005-11-06,310.2,NA,NA,NA,293.196
2005-11-07,317.727,NA,NA,NA,293.19
2005-11-08,314.43,NA,NA,NA,292.773
2005-11-09,308.845,NA,NA,NA,292.898
2005-11-10,302.088,NA,NA,NA,291.563
2005-11-11,294.802,NA,NA,NA,290.904
2005-11-12,288.018,NA,NA,NA,290.435
2005-11-13,283.635,NA,NA,NA,290.398
2005-11-14,287.694,NA,NA,NA,290.935
2005-11-15,292.897,NA,NA,NA,291.078
2005-11-16,291.756,NA,NA,NA,290.877
2005-11-17,288.957,NA,NA,NA,290.557
2005-11-18,284.47,NA,NA,NA,290.035
2005-11-19,278.505,NA,NA,NA,289.569
2005-11-20,281.867,NA,NA,NA,289.273
2005-11-21,272.619,NA,NA,NA,289.106
2005-11-22,271.369,NA,NA,NA,288.978
2005-11-23,270,NA,NA,NA,288.832
2005-11-24,268.542,NA,NA,NA,288.682
2005-11-25,266.935,NA,NA,NA,288.615
2005-11-26,267.954,NA,NA,NA,288.838
2005-11-27,269.815,NA,NA,NA,288.929
2005-11-28,270.125,NA,NA,NA,288.911
2005-11-29,270.032,NA,NA,NA,288.899
2005-11-30,269.597,NA,NA,NA,288.771
2005-12-01,267.458,NA,NA,NA,288.362
2005-12-02,262.883,NA,NA,NA,287.942
2005-12-03,258.473,NA,NA,NA,287.439
2005-12-04,252.739,NA,NA,NA,287.042
2005-12-05,248.736,NA,NA,NA,286.585
2005-12-06,243.981,NA,NA,NA,286.128
2005-12-07,238.364,NA,NA,NA,285.884
2005-12-08,239.258,NA,NA,NA,285.662
2005-12-09,237.045,NA,NA,NA,285.488
2005-12-10,235.587,NA,NA,NA,286.256
2005-12-11,234.306,NA,NA,NA,285.238
2005-12-12,233.568,NA,NA,NA,285.146
2005-12-13,233.001,NA,NA,NA,285.022
2005-12-14,231.221,NA,NA,NA,284.808
2005-12-15,229.166,NA,NA,NA,284.564
2005-12-16,226.82,NA,NA,NA,284.348
2005-12-17,225.071,NA,NA,NA,284.18
2005-12-18,223.354,NA,NA,NA,284.031
2005-12-19,222.363,NA,NA,NA,283.949
2005-12-20,222.942,NA,NA,NA,284.058
2005-12-21,223.409,NA,NA,NA,284.119
2005-12-22,224.987,NA,NA,NA,284.936
2005-12-23,239.142,NA,NA,NA,286.061
2005-12-24,243.224,NA,NA,NA,286.064
2005-12-25,240.18,NA,NA,NA,285.582
2005-12-26,234.589,NA,NA,NA,284.912
2005-12-27,228.746,NA,NA,NA,284.513
2005-12-28,228.83,NA,NA,NA,285.588
2005-12-29,248.323,NA,NA,NA,287.618
2005-12-30,264.718,NA,NA,NA,290.471
2005-12-31,314.567,NA,NA,NA,295.251
2006-01-01,358.098,NA,NA,NA,297.78
2006-01-02,379.776,NA,NA,NA,298.811
2006-01-03,382.596,NA,NA,NA,298.402
2006-01-04,373.446,NA,NA,NA,297.506
2006-01-05,361.135,NA,NA,NA,296.4
2006-01-06,346.662,NA,NA,NA,295.098
2006-01-07,330.918,NA,NA,NA,293.781
2006-01-08,316.83,NA,NA,NA,292.699
2006-01-09,304.364,NA,NA,NA,291.7
2006-01-10,299.193,NA,NA,NA,293.358
2006-01-11,344.627,NA,NA,NA,297.518
2006-01-12,382.366,NA,NA,NA,299.384
2006-01-13,395.232,NA,NA,NA,300.265
2006-01-14,408.541,NA,NA,NA,301.203
2006-01-15,416.872,NA,NA,NA,301.316
2006-01-16,412.498,NA,NA,NA,300.722
2006-01-17,403.269,NA,NA,NA,301.017
2006-01-18,425.653,NA,NA,NA,302.779
2006-01-19,438.693,NA,NA,NA,302.916
2006-01-20,433.59,NA,NA,NA,302.453
2006-01-21,427.995,NA,NA,NA,301.764
2006-01-22,414.126,NA,NA,NA,300.444
2006-01-23,394.377,NA,NA,NA,298.768
2006-01-24,372.164,NA,NA,NA,296.912
2006-01-25,348.774,NA,NA,NA,294.943
2006-01-26,325.224,NA,NA,NA,293.102
2006-01-27,306.817,NA,NA,NA,291.453
2006-01-28,288.957,NA,NA,NA,290.002
2006-01-29,276.102,NA,NA,NA,288.969
2006-01-30,267.12,NA,NA,NA,288.777
2006-01-31,272.994,NA,NA,NA,289.368
2006-02-01,275.599,NA,NA,NA,290.014
2006-02-02,284.952,NA,NA,NA,290.41
2006-02-03,287.306,NA,NA,NA,290.935
2006-02-04,293.98,NA,NA,NA,291.38
2006-02-05,298.067,NA,NA,NA,291.444
2006-02-06,295.426,NA,NA,NA,291.261
2006-02-07,294.31,NA,NA,NA,291.358
2006-02-08,296.875,NA,NA,NA,291.559
2006-02-09,298.729,NA,NA,NA,291.7
2006-02-10,299.889,NA,NA,NA,291.816
2006-02-11,301.021,NA,NA,NA,292.004
2006-02-12,304.968,NA,NA,NA,292.684
2006-02-13,308.439,NA,NA,NA,292.648
2006-02-14,311.766,NA,NA,NA,292.931
2006-02-15,314.91,NA,NA,NA,293.193
2006-02-16,317.554,NA,NA,NA,293.428
2006-02-17,320.142,NA,NA,NA,293.647
2006-02-18,322.574,NA,NA,NA,293.812
2006-02-19,324.14,NA,NA,NA,293.949
2006-02-20,325.714,NA,NA,NA,294.092
2006-02-21,327.114,NA,NA,NA,294.214
2006-02-22,328.346,NA,NA,NA,294.309
2006-02-23,329.226,NA,NA,NA,294.379
2006-02-24,329.965,NA,NA,NA,294.83
2006-02-25,331.45,NA,NA,NA,294.583
2006-02-26,332.938,NA,NA,NA,294.702
2006-02-27,334.108,NA,NA,NA,294.827
2006-02-28,336.497,NA,NA,NA,295.205
2006-03-01,342.603,NA,NA,NA,295.705
2006-03-02,347.68,NA,NA,NA,296.083
2006-03-03,351.77,NA,NA,NA,296.388
2006-03-04,355.147,NA,NA,NA,296.647
2006-03-05,358.135,NA,NA,NA,296.872
2006-03-06,360.689,NA,NA,NA,297.079
2006-03-07,363.213,NA,NA,NA,297.299
2006-03-08,366.049,NA,NA,NA,297.564
2006-03-09,370.021,NA,NA,NA,297.924
2006-03-10,374.32,NA,NA,NA,298.207
2006-03-11,377.305,NA,NA,NA,298.439
2006-03-12,380.004,NA,NA,NA,298.64
2006-03-13,382.366,NA,NA,NA,298.823
2006-03-14,384.625,NA,NA,NA,298.994
2006-03-15,386.696,NA,NA,NA,299.155
2006-03-16,388.734,NA,NA,NA,299.341
2006-03-17,391.357,NA,NA,NA,299.56
2006-03-18,394.299,NA,NA,NA,299.804
2006-03-19,397.406,NA,NA,NA,300.036
2006-03-20,400.254,NA,NA,NA,300.24
2006-03-21,402.642,NA,NA,NA,300.451
2006-03-22,405.625,NA,NA,NA,300.682
2006-03-23,408.699,NA,NA,NA,300.92
2006-03-24,411.745,NA,NA,NA,301.182
2006-03-25,415.599,NA,NA,NA,301.487
2006-03-26,419.79,NA,NA,NA,301.798
2006-03-27,423.641,NA,NA,NA,302.151
2006-03-28,427.107,NA,NA,NA,302.34
2006-03-29,430.708,NA,NA,NA,302.627
2006-03-30,434.611,NA,NA,NA,302.904
2006-03-31,438.529,NA,NA,NA,303.16
2006-04-01,432.981,NA,NA,NA,303.416
2006-04-02,445.349,NA,NA,NA,303.718
2006-04-03,449.443,NA,NA,NA,304.017
2006-04-04,453.516,NA,NA,NA,304.23
2006-04-05,454.349,NA,NA,NA,304.221
2006-04-06,453.225,NA,NA,NA,304.145
2006-04-07,452.185,NA,NA,NA,304.044
2006-04-08,450.606,NA,NA,NA,303.94
2006-04-09,449.733,NA,NA,NA,303.925
2006-04-10,450.191,NA,NA,NA,304.044
2006-04-11,452.725,NA,NA,NA,304.224
2006-04-12,455.351,NA,NA,NA,304.382
2006-04-13,456.813,NA,NA,NA,304.523
2006-04-14,459.702,NA,NA,NA,304.824
2006-04-15,466.607,NA,NA,NA,305.48
2006-04-16,476.274,NA,NA,NA,306.092
2006-04-17,483.202,NA,NA,NA,306.482
2006-04-18,487.843,NA,NA,NA,306.726
2006-04-19,489.761,NA,NA,NA,306.845
2006-04-20,491.331,NA,NA,NA,306.946
2006-04-21,492.992,NA,NA,NA,307.08
2006-04-22,495.098,NA,NA,NA,307.199
2006-04-23,496.15,NA,NA,NA,307.223
2006-04-24,495.58,NA,NA,NA,307.162
2006-04-25,494.571,NA,NA,NA,307.092
2006-04-26,494.133,NA,NA,NA,307.016
2006-04-27,492.291,NA,NA,NA,306.854
2006-04-28,489.673,NA,NA,NA,306.72
2006-04-29,488.667,NA,NA,NA,306.714
2006-04-30,489.107,NA,NA,NA,306.754
2006-05-01,489.499,NA,NA,NA,306.739
2006-05-02,488.976,NA,NA,NA,306.574
2006-05-03,485.066,NA,NA,NA,306.3
2006-05-04,481.219,NA,NA,NA,306.092
2006-05-05,479.063,NA,NA,NA,305.858
2006-05-06,474.689,NA,NA,NA,305.55
2006-05-07,470.339,NA,NA,NA,305.242
2006-05-08,466.269,NA,NA,NA,304.965
2006-05-09,462.345,NA,NA,NA,304.666
2006-05-10,458.065,NA,NA,NA,304.303
2006-05-11,452.934,NA,NA,NA,303.934
2006-05-12,447.83,NA,NA,NA,303.587
2006-05-13,443.167,NA,NA,NA,303.233
2006-05-14,438.284,NA,NA,NA,302.858
2006-05-15,433.224,NA,NA,NA,302.456
2006-05-16,426.825,NA,NA,NA,301.901
2006-05-17,419.87,NA,NA,NA,301.359
2006-05-18,412.34,NA,NA,NA,300.743
2006-05-19,404.015,NA,NA,NA,300.079
2006-05-20,395.309,NA,NA,NA,299.417
2006-05-21,386.965,NA,NA,NA,298.765
2006-05-22,379.052,NA,NA,NA,298.332
2006-05-23,376.245,NA,NA,NA,298.207
2006-05-24,375.259,NA,NA,NA,298.168
2006-05-25,375.486,NA,NA,NA,298.183
2006-05-26,375.676,NA,NA,NA,298.25
2006-05-27,377.267,NA,NA,NA,298.448
2006-05-28,379.623,NA,NA,NA,298.756
2006-05-29,385.926,NA,NA,NA,299.243
2006-05-30,391.125,NA,NA,NA,299.567
2006-05-31,394.493,NA,NA,NA,299.798
2006-06-01,397.095,NA,NA,NA,299.993
2006-06-02,399.942,NA,NA,NA,300.304
2006-06-03,404.642,NA,NA,NA,300.655
2006-06-04,408.817,NA,NA,NA,300.984
2006-06-05,413.728,NA,NA,NA,301.38
2006-06-06,418.39,NA,NA,NA,301.688
2006-06-07,421.994,NA,NA,NA,301.929
2006-06-08,424.848,NA,NA,NA,302.13
2006-06-09,427.308,NA,NA,NA,302.291
2006-06-10,428.601,NA,NA,NA,302.352
2006-06-11,429.572,NA,NA,NA,302.42
2006-06-12,430.343,NA,NA,NA,302.474
2006-06-13,431.317,NA,NA,NA,302.538
2006-06-14,431.723,NA,NA,NA,302.596
2006-06-15,432.453,NA,NA,NA,302.654
2006-06-16,433.183,NA,NA,NA,302.709
2006-06-17,434.243,NA,NA,NA,302.794
2006-06-18,435.14,NA,NA,NA,302.834
2006-06-19,435.548,NA,NA,NA,302.865
2006-06-20,435.711,NA,NA,NA,302.886
2006-06-21,436.282,NA,NA,NA,302.904
2006-06-22,435.955,NA,NA,NA,302.868
2006-06-23,435.18,NA,NA,NA,302.807
2006-06-24,434.487,NA,NA,NA,302.752
2006-06-25,433.795,NA,NA,NA,302.697
2006-06-26,433.022,NA,NA,NA,302.639
2006-06-27,432.047,NA,NA,NA,302.557
2006-06-28,430.911,NA,NA,NA,302.484
2006-06-29,429.775,NA,NA,NA,302.38
2006-06-30,428.763,NA,NA,NA,302.325
2006-07-01,427.793,NA,NA,NA,302.243
2006-07-02,426.905,NA,NA,NA,302.179
2006-07-03,426.138,NA,NA,NA,302.127
2006-07-04,425.532,NA,NA,NA,302.075
2006-07-05,424.727,NA,NA,NA,302.014
2006-07-06,423.963,NA,NA,NA,301.95
2006-07-07,422.999,NA,NA,NA,301.88
2006-07-08,422.155,NA,NA,NA,301.816
2006-07-09,421.27,NA,NA,NA,301.749
2006-07-10,420.35,NA,NA,NA,301.667
2006-07-11,419.55,NA,NA,NA,301.606
2006-07-12,418.59,NA,NA,NA,301.536
2006-07-13,417.67,NA,NA,NA,301.59
2006-07-14,416.554,NA,NA,NA,301.377
2006-07-15,415.519,NA,NA,NA,301.295
2006-07-16,414.484,NA,NA,NA,301.219
2006-07-17,413.45,NA,NA,NA,301.139
2006-07-18,412.22,NA,NA,NA,301.042
2006-07-19,410.954,NA,NA,NA,300.944
2006-07-20,409.646,NA,NA,NA,300.844
2006-07-21,408.344,NA,NA,NA,300.746
2006-07-22,407.122,NA,NA,NA,300.649
2006-07-23,405.9,NA,NA,NA,300.551
2006-07-24,404.721,NA,NA,NA,300.463
2006-07-25,403.348,NA,NA,NA,300.359
2006-07-26,402.092,NA,NA,NA,300.255
2006-07-27,400.723,NA,NA,NA,300.149
2006-07-28,399.279,NA,NA,NA,300.036
2006-07-29,397.796,NA,NA,NA,299.923
2006-07-30,396.396,NA,NA,NA,299.81
2006-07-31,394.999,NA,NA,NA,299.701
2006-08-01,393.6,NA,NA,NA,299.588
2006-08-02,392.131,NA,NA,NA,299.472
2006-08-03,390.662,NA,NA,NA,299.356
2006-08-04,389.195,NA,NA,NA,299.24
2006-08-05,387.735,NA,NA,NA,299.125
2006-08-06,386.273,NA,NA,NA,299.012
2006-08-07,384.816,NA,NA,NA,298.893
2006-08-08,383.362,NA,NA,NA,298.777
2006-08-09,381.909,NA,NA,NA,298.661
2006-08-10,380.461,NA,NA,NA,298.542
2006-08-11,378.939,NA,NA,NA,298.421
2006-08-12,377.23,NA,NA,NA,298.289
2006-08-13,375.751,NA,NA,NA,298.168
2006-08-14,374.2,NA,NA,NA,298.552
2006-08-15,372.655,NA,NA,NA,297.905
2006-08-16,370.921,NA,NA,NA,297.774
2006-08-17,369.383,NA,NA,NA,297.649
2006-08-18,367.845,NA,NA,NA,297.527
2006-08-19,366.347,NA,NA,NA,297.403
2006-08-20,364.781,NA,NA,NA,297.274
2006-08-21,363.176,NA,NA,NA,297.143
2006-08-22,361.691,NA,NA,NA,297.025
2006-08-23,360.207,NA,NA,NA,296.9
2006-08-24,358.689,NA,NA,NA,296.775
2006-08-25,357.175,NA,NA,NA,296.656
2006-08-26,355.699,NA,NA,NA,296.522
2006-08-27,354.009,NA,NA,NA,296.394
2006-08-28,352.503,NA,NA,NA,296.26
2006-08-29,350.893,NA,NA,NA,296.128
2006-08-30,349.32,NA,NA,NA,295.994
2006-08-31,347.753,NA,NA,NA,295.857
2006-09-01,346.007,NA,NA,NA,295.714
2006-09-02,344.301,NA,NA,NA,295.568
2006-09-03,342.494,NA,NA,NA,295.415
2006-09-04,340.725,NA,NA,NA,295.272
2006-09-05,339.147,NA,NA,NA,295.138
2006-09-06,337.531,NA,NA,NA,295.001
2006-09-07,335.926,NA,NA,NA,294.867
2006-09-08,334.393,NA,NA,NA,294.732
2006-09-09,332.761,NA,NA,NA,294.595
2006-09-10,331.202,NA,NA,NA,294.425
2006-09-11,328.662,NA,NA,NA,294.202
2006-09-12,326.379,NA,NA,NA,293.998
2006-09-13,323.93,NA,NA,NA,293.791
2006-09-14,321.531,NA,NA,NA,293.458
2006-09-15,319.246,NA,NA,NA,293.4
2006-09-16,317.278,NA,NA,NA,293.178
2006-09-17,314.156,NA,NA,NA,292.882
2006-09-18,310.656,NA,NA,NA,292.584
2006-09-19,307.46,NA,NA,NA,292.288
2006-09-20,304.935,NA,NA,NA,292.053
2006-09-21,302.021,NA,NA,NA,291.794
2006-09-22,299.093,NA,NA,NA,291.547
2006-09-23,296.578,NA,NA,NA,291.31
2006-09-24,294.005,NA,NA,NA,291.026
2006-09-25,290.582,NA,NA,NA,290.718
2006-09-26,287.338,NA,NA,NA,290.41
2006-09-27,284.085,NA,NA,NA,290.103
2006-09-28,281.015,NA,NA,NA,289.801
2006-09-29,277.681,NA,NA,NA,289.502
2006-09-30,274.623,NA,NA,NA,289.203
2006-10-01,271.526,NA,NA,NA,288.929
2006-10-02,268.822,NA,NA,NA,288.664
2006-10-03,266.134,NA,NA,NA,288.399
2006-10-04,263.464,NA,NA,NA,288.13
2006-10-05,260.749,NA,NA,NA,287.856
2006-10-06,257.961,NA,NA,NA,287.609
2006-10-07,256.364,NA,NA,NA,287.466
2006-10-08,254.922,NA,NA,NA,287.317
2006-10-09,253.427,NA,NA,NA,287.158
2006-10-10,251.758,NA,NA,NA,286.994
2006-10-11,250.363,NA,NA,NA,286.884
2006-10-12,249.178,NA,NA,NA,286.759
2006-10-13,247.941,NA,NA,NA,286.588
2006-10-14,246.204,NA,NA,NA,286.402
2006-10-15,244.478,NA,NA,NA,286.238
2006-10-16,243.224,NA,NA,NA,286.165
2006-10-17,242.933,NA,NA,NA,286.11
2006-10-18,242.091,NA,NA,NA,285.991
2006-10-19,240.757,NA,NA,NA,285.878
2006-10-20,239.92,NA,NA,NA,285.765
2006-10-21,239.172,NA,NA,NA,285.68
2006-10-22,238.249,NA,NA,NA,285.564
2006-10-23,237.045,NA,NA,NA,285.454
2006-10-24,235.616,NA,NA,NA,285.296
2006-10-25,234.107,NA,NA,NA,285.125
2006-10-26,232.547,NA,NA,NA,284.958
2006-10-27,230.967,NA,NA,NA,284.793
2006-10-28,229.615,NA,NA,NA,284.644
2006-10-29,228.16,NA,NA,NA,284.497
2006-10-30,226.707,NA,NA,NA,284.324
2006-10-31,225.264,NA,NA,NA,284.132
2006-11-01,223.767,NA,NA,NA,283.97
2006-11-02,222.473,NA,NA,NA,283.891
2006-11-03,221.869,NA,NA,NA,283.869
2006-11-04,222.005,NA,NA,NA,284.049
2006-11-05,224.322,NA,NA,NA,285.082
2006-11-06,240.237,NA,NA,NA,286.289
2006-11-07,248.029,NA,NA,NA,288.926
2006-11-08,294.079,NA,NA,NA,292.004
2006-11-09,307.798,NA,NA,NA,292.459
2006-11-10,307.697,NA,NA,NA,292.209
2006-11-11,302.288,NA,NA,NA,291.617
2006-11-12,295.492,NA,NA,NA,290.898
2006-11-13,287.047,NA,NA,NA,290.621
2006-11-14,291.3,NA,NA,NA,291.169
2006-11-15,295.032,NA,NA,NA,290.959
2006-11-16,288.083,NA,NA,NA,290.636
2006-11-17,287.24,NA,NA,NA,290.435
2006-11-18,284.728,NA,NA,NA,290.072
2006-11-19,279.963,NA,NA,NA,289.59
2006-11-20,275.851,NA,NA,NA,289.426
2006-11-21,274.907,NA,NA,NA,289.231
2006-11-22,272.806,NA,NA,NA,289.13
2006-11-23,273.181,NA,NA,NA,289.216
2006-11-24,273.805,NA,NA,NA,289.432
2006-11-25,277.554,NA,NA,NA,289.694
2006-11-26,277.871,NA,NA,NA,289.511
2006-11-27,275.976,NA,NA,NA,289.353
2006-11-28,273.181,NA,NA,NA,288.941
2006-11-29,268.45,NA,NA,NA,288.594
2006-11-30,265.303,NA,NA,NA,288.469
2006-12-01,265.488,NA,NA,NA,288.524
2006-12-02,266.35,NA,NA,NA,288.554
2006-12-03,265.919,NA,NA,NA,288.49
2006-12-04,264.995,NA,NA,NA,288.298
2006-12-05,263.373,NA,NA,NA,288.115
2006-12-06,261.022,NA,NA,NA,287.887
2006-12-07,258.837,NA,NA,NA,287.658
2006-12-08,255.52,NA,NA,NA,287.298
2006-12-09,251.729,NA,NA,NA,286.905
2006-12-10,248.117,NA,NA,NA,286.521
2006-12-11,244.391,NA,NA,NA,286.165
2006-12-12,242.555,NA,NA,NA,286.32
2006-12-13,264.442,NA,NA,NA,288.28
2006-12-14,278.822,NA,NA,NA,291.383
2006-12-15,316.761,NA,NA,NA,294.294
2006-12-16,334.572,NA,NA,NA,294.775
2006-12-17,333.009,NA,NA,NA,294.071
2006-12-18,319.107,NA,NA,NA,292.648
2006-12-19,301.522,NA,NA,NA,290.947
2006-12-20,282.899,NA,NA,NA,289.075
2006-12-21,262.364,NA,NA,NA,287.186
2006-12-22,245.063,NA,NA,NA,285.476
2006-12-23,229.672,NA,NA,NA,284.183
2006-12-24,221.786,NA,NA,NA,283.583
2006-12-25,217.281,NA,NA,NA,283.964
2006-12-26,227.853,NA,NA,NA,285.332
2006-12-27,243.776,NA,NA,NA,287.176
2006-12-28,259.87,NA,NA,NA,287.731
2006-12-29,255.671,NA,NA,NA,286.933
2006-12-30,245.297,NA,NA,NA,285.701
2006-12-31,232.745,NA,NA,NA,284.342
2007-01-01,221.125,NA,NA,NA,283.494
2007-01-02,217.308,NA,NA,NA,283.245
2007-01-03,214.687,NA,NA,NA,284.372
2007-01-04,240.41,NA,NA,NA,286.914
2007-01-05,257.84,NA,NA,NA,288.234
2007-01-06,268.139,NA,NA,NA,289.161
2007-01-07,275.662,NA,NA,NA,289.514
2007-01-08,277.491,NA,NA,NA,289.901
2007-01-09,283.058,NA,NA,NA,290.252
2007-01-10,284.92,NA,NA,NA,290.346
2007-01-11,285.146,NA,NA,NA,290.188
2007-01-12,280.951,NA,NA,NA,289.517
2007-01-13,273.244,NA,NA,NA,288.728
2007-01-14,264.045,NA,NA,NA,287.865
2007-01-15,256.063,NA,NA,NA,287.106
2007-01-16,249.148,NA,NA,NA,286.393
2007-01-17,242.062,NA,NA,NA,285.866
2007-01-18,238.018,NA,NA,NA,285.799
2007-01-19,234.107,NA,NA,NA,285.113
2007-01-20,231.643,NA,NA,NA,284.909
2007-01-21,230.6,NA,NA,NA,284.705
2007-01-22,227.322,NA,NA,NA,284.32
2007-01-23,223.905,NA,NA,NA,283.973
2007-01-24,221.125,NA,NA,NA,283.665
2007-01-25,218.448,NA,NA,NA,283.366
2007-01-26,215.818,NA,NA,NA,283.098
2007-01-27,213.612,NA,NA,NA,282.885
2007-01-28,212.192,NA,NA,NA,282.781
2007-01-29,211.924,NA,NA,NA,282.739
2007-01-30,212.325,NA,NA,NA,282.818
2007-01-31,213.208,NA,NA,NA,282.903
2007-02-01,213.826,NA,NA,NA,282.985
2007-02-02,214.526,NA,NA,NA,283.053
2007-02-03,215.091,NA,NA,NA,283.113
2007-02-04,215.547,NA,NA,NA,283.187
2007-02-05,216.197,NA,NA,NA,283.269
2007-02-06,217.118,NA,NA,NA,283.4
2007-02-07,218.448,NA,NA,NA,283.546
2007-02-08,219.868,NA,NA,NA,283.769
2007-02-09,222.115,NA,NA,NA,284.022
2007-02-10,224.433,NA,NA,NA,284.272
2007-02-11,226.318,NA,NA,NA,284.522
2007-02-12,229.559,NA,NA,NA,284.915
2007-02-13,233.086,NA,NA,NA,285.253
2007-02-14,235.987,NA,NA,NA,285.552
2007-02-15,238.969,NA,NA,NA,286.451
2007-02-16,257.991,NA,NA,NA,289.164
2007-02-17,284.6,NA,NA,NA,291.023
2007-02-18,298.399,NA,NA,NA,292.05
2007-02-19,307.798,NA,NA,NA,292.785
2007-02-20,315.423,NA,NA,NA,293.599
2007-02-21,326.518,NA,NA,NA,294.364
2007-02-22,331.237,NA,NA,NA,294.671
2007-02-23,334.002,NA,NA,NA,294.827
2007-02-24,335,NA,NA,NA,294.915
2007-02-25,336.354,NA,NA,NA,295.095
2007-02-26,338.788,NA,NA,NA,295.241
2007-02-27,340.079,NA,NA,NA,295.437
2007-02-28,342.783,NA,NA,NA,295.635
2007-03-01,345.025,NA,NA,NA,295.75
2007-03-02,346.662,NA,NA,NA,295.982
2007-03-03,350.381,NA,NA,NA,296.302
2007-03-04,354.412,NA,NA,NA,296.698
2007-03-05,359.501,NA,NA,NA,297.186
2007-03-06,365.303,NA,NA,NA,297.561
2007-03-07,369.269,NA,NA,NA,297.881
2007-03-08,373.71,NA,NA,NA,298.268
2007-03-09,378.101,NA,NA,NA,298.536
2007-03-10,380.842,NA,NA,NA,298.692
2007-03-11,381.832,NA,NA,NA,298.771
2007-03-12,383.63,NA,NA,NA,299.015
2007-03-13,391.087,NA,NA,NA,299.731
2007-03-14,396.707,NA,NA,NA,300.051
2007-03-15,399.513,NA,NA,NA,300.21
2007-03-16,401.504,NA,NA,NA,300.295
2007-03-17,401.936,NA,NA,NA,300.057
2007-03-18,402.877,NA,NA,NA,300.463
2007-03-19,404.408,NA,NA,NA,300.56
2007-03-20,406.176,NA,NA,NA,300.673
2007-03-21,409.963,NA,NA,NA,301.005
2007-03-22,411.785,NA,NA,NA,301.103
2007-03-23,412.736,NA,NA,NA,301.136
2007-03-24,412.736,NA,NA,NA,301.066
2007-03-25,412.537,NA,NA,NA,301.273
2007-03-26,416.752,NA,NA,NA,301.554
2007-03-27,419.471,NA,NA,NA,301.715
2007-03-28,420.871,NA,NA,NA,301.834
2007-03-29,423.28,NA,NA,NA,301.987
2007-03-30,425.25,NA,NA,NA,302.157
2007-03-31,426.864,NA,NA,NA,302.264
2007-04-01,429.329,NA,NA,NA,302.496
2007-04-02,432.331,NA,NA,NA,302.718
2007-04-03,435.507,NA,NA,NA,302.846
2007-04-04,436.16,NA,NA,NA,302.871
2007-04-05,435.467,NA,NA,NA,302.825
2007-04-06,434.651,NA,NA,NA,302.785
2007-04-07,434.733,NA,NA,NA,302.822
2007-04-08,435.385,NA,NA,NA,302.88
2007-04-09,436.16,NA,NA,NA,303.069
2007-04-10,441.192,NA,NA,NA,303.438
2007-04-11,445.473,NA,NA,NA,303.654
2007-04-12,447.54,NA,NA,NA,303.855
2007-04-13,450.191,NA,NA,NA,303.989
2007-04-14,452.102,NA,NA,NA,304.163
2007-04-15,454.098,NA,NA,NA,304.239
2007-04-16,454.474,NA,NA,NA,303.855
2007-04-17,453.765,NA,NA,NA,304.187
2007-04-18,453.516,NA,NA,NA,304.203
2007-04-19,454.266,NA,NA,NA,304.294
2007-04-20,456.019,NA,NA,NA,304.425
2007-04-21,457.522,NA,NA,NA,304.535
2007-04-22,459.366,NA,NA,NA,304.733
2007-04-23,462.683,NA,NA,NA,304.98
2007-04-24,465.805,NA,NA,NA,305.147
2007-04-25,467.668,NA,NA,NA,305.205
2007-04-26,467.329,NA,NA,NA,305.135
2007-04-27,465.931,NA,NA,NA,305.029
2007-04-28,464.665,NA,NA,NA,304.919
2007-04-29,462.936,NA,NA,NA,304.788
2007-04-30,461.044,NA,NA,NA,304.623
2007-05-01,458.401,NA,NA,NA,304.459
2007-05-02,456.521,NA,NA,NA,304.367
2007-05-03,455.686,NA,NA,NA,304.206
2007-05-04,455.644,NA,NA,NA,304.385
2007-05-05,456.854,NA,NA,NA,304.328
2007-05-06,457.606,NA,NA,NA,304.462
2007-05-07,457.188,NA,NA,NA,304.419
2007-05-08,456.521,NA,NA,NA,304.355
2007-05-09,455.351,NA,NA,NA,304.276
2007-05-10,454.349,NA,NA,NA,304.142
2007-05-11,451.894,NA,NA,NA,303.928
2007-05-12,448.409,NA,NA,NA,303.66
2007-05-13,444.731,NA,NA,NA,303.386
2007-05-14,441.03,NA,NA,NA,303.072
2007-05-15,436.608,NA,NA,NA,302.621
2007-05-16,429.126,NA,NA,NA,302.054
2007-05-17,421.632,NA,NA,NA,301.475
2007-05-18,413.847,NA,NA,NA,300.874
2007-05-19,405.979,NA,NA,NA,300.329
2007-05-20,399.006,NA,NA,NA,299.786
2007-05-21,392.285,NA,NA,NA,299.286
2007-05-22,387.196,NA,NA,NA,299.061
2007-05-23,384.854,NA,NA,NA,298.838
2007-05-24,381.718,NA,NA,NA,298.634
2007-05-25,379.928,NA,NA,NA,298.506
2007-05-26,379.433,NA,NA,NA,298.509
2007-05-27,378.862,NA,NA,NA,298.463
2007-05-28,378.291,NA,NA,NA,298.411
2007-05-29,377.532,NA,NA,NA,298.344
2007-05-30,376.623,NA,NA,NA,298.274
2007-05-31,375.866,NA,NA,NA,298.213
2007-06-01,375.107,NA,NA,NA,298.146
2007-06-02,374.238,NA,NA,NA,298.082
2007-06-03,373.672,NA,NA,NA,298.036
2007-06-04,373.07,NA,NA,NA,297.991
2007-06-05,372.504,NA,NA,NA,297.951
2007-06-06,372.278,NA,NA,NA,297.945
2007-06-07,372.203,NA,NA,NA,297.936
2007-06-08,372.089,NA,NA,NA,297.887
2007-06-09,371.638,NA,NA,NA,297.884
2007-06-10,371.411,NA,NA,NA,297.881
2007-06-11,371.599,NA,NA,NA,297.89
2007-06-12,371.524,NA,NA,NA,297.875
2007-06-13,371.26,NA,NA,NA,297.851
2007-06-14,370.884,NA,NA,NA,297.79
2007-06-15,370.396,NA,NA,NA,297.75
2007-06-16,369.87,NA,NA,NA,297.704
2007-06-17,369.157,NA,NA,NA,297.64
2007-06-18,368.37,NA,NA,NA,297.576
2007-06-19,367.582,NA,NA,NA,297.521
2007-06-20,366.795,NA,NA,NA,297.756
2007-06-21,365.9,NA,NA,NA,297.375
2007-06-22,364.93,NA,NA,NA,297.302
2007-06-23,363.996,NA,NA,NA,297.238
2007-06-24,363.028,NA,NA,NA,297.162
2007-06-25,362.099,NA,NA,NA,297.082
2007-06-26,361.172,NA,NA,NA,296.957
2007-06-27,359.538,NA,NA,NA,296.857
2007-06-28,358.32,NA,NA,NA,296.759
2007-06-29,357.212,NA,NA,NA,296.683
2007-06-30,356.51,NA,NA,NA,296.613
2007-07-01,355.404,NA,NA,NA,296.519
2007-07-02,354.302,NA,NA,NA,296.427
2007-07-03,353.274,NA,NA,NA,296.339
2007-07-04,352.135,NA,NA,NA,296.247
2007-07-05,351.076,NA,NA,NA,296.156
2007-07-06,349.942,NA,NA,NA,296.061
2007-07-07,348.845,NA,NA,NA,295.967
2007-07-08,347.68,NA,NA,NA,295.869
2007-07-09,346.517,NA,NA,NA,295.772
2007-07-10,345.353,NA,NA,NA,295.674
2007-07-11,344.193,NA,NA,NA,295.574
2007-07-12,342.964,NA,NA,NA,295.461
2007-07-13,341.517,NA,NA,NA,295.351
2007-07-14,340.366,NA,NA,NA,295.257
2007-07-15,339.147,NA,NA,NA,295.147
2007-07-16,337.925,NA,NA,NA,295.037
2007-07-17,336.426,NA,NA,NA,294.918
2007-07-18,335.249,NA,NA,NA,294.833
2007-07-19,334.357,NA,NA,NA,294.748
2007-07-20,333.292,NA,NA,NA,294.653
2007-07-21,332.193,NA,NA,NA,294.556
2007-07-22,330.848,NA,NA,NA,294.44
2007-07-23,329.683,NA,NA,NA,294.336
2007-07-24,328.487,NA,NA,NA,294.22
2007-07-25,327.078,NA,NA,NA,294.098
2007-07-26,325.679,NA,NA,NA,293.97
2007-07-27,324.071,NA,NA,NA,293.852
2007-07-28,322.574,NA,NA,NA,293.708
2007-07-29,321.288,NA,NA,NA,293.596
2007-07-30,319.935,NA,NA,NA,293.477
2007-07-31,318.658,NA,NA,NA,293.37
2007-08-01,317.485,NA,NA,NA,293.266
2007-08-02,316.349,NA,NA,NA,293.16
2007-08-03,315.047,NA,NA,NA,293.05
2007-08-04,313.916,NA,NA,NA,292.949
2007-08-05,312.754,NA,NA,NA,292.846
2007-08-06,311.562,NA,NA,NA,292.73
2007-08-07,310.2,NA,NA,NA,292.617
2007-08-08,309.014,NA,NA,NA,292.51
2007-08-09,307.866,NA,NA,NA,292.407
2007-08-10,306.716,NA,NA,NA,292.3
2007-08-11,305.37,NA,NA,NA,292.169
2007-08-12,303.96,NA,NA,NA,292.053
2007-08-13,302.787,NA,NA,NA,291.925
2007-08-14,301.121,NA,NA,NA,291.779
2007-08-15,299.457,NA,NA,NA,291.63
2007-08-16,298.001,NA,NA,NA,291.492
2007-08-17,296.379,NA,NA,NA,291.349
2007-08-18,294.999,NA,NA,NA,291.218
2007-08-19,293.619,NA,NA,NA,291.099
2007-08-20,292.409,NA,NA,NA,290.999
2007-08-21,291.56,NA,NA,NA,290.919
2007-08-22,290.615,NA,NA,NA,290.822
2007-08-23,289.508,NA,NA,NA,290.712
2007-08-24,287.953,NA,NA,NA,290.578
2007-08-25,286.561,NA,NA,NA,290.441
2007-08-26,285.146,NA,NA,NA,290.307
2007-08-27,283.731,NA,NA,NA,290.173
2007-08-28,282.388,NA,NA,NA,290.042
2007-08-29,280.983,NA,NA,NA,289.907
2007-08-30,279.551,NA,NA,NA,289.767
2007-08-31,277.966,NA,NA,NA,289.587
2007-09-01,276.48,NA,NA,NA,289.444
2007-09-02,275.001,NA,NA,NA,289.301
2007-09-03,273.524,NA,NA,NA,289.155
2007-09-04,272.026,NA,NA,NA,289.014
2007-09-05,270.621,NA,NA,NA,288.88
2007-09-06,269.195,NA,NA,NA,288.734
2007-09-07,267.768,NA,NA,NA,288.685
2007-09-08,266.503,NA,NA,NA,288.484
2007-09-09,265.241,NA,NA,NA,288.344
2007-09-10,263.677,NA,NA,NA,288.194
2007-09-11,262.211,NA,NA,NA,288.045
2007-09-12,260.718,NA,NA,NA,287.896
2007-09-13,259.263,NA,NA,NA,287.749
2007-09-14,257.811,NA,NA,NA,287.591
2007-09-15,256.122,NA,NA,NA,287.432
2007-09-16,254.622,NA,NA,NA,287.292
2007-09-17,253.127,NA,NA,NA,287.128
2007-09-18,251.639,NA,NA,NA,286.991
2007-09-19,249.947,NA,NA,NA,286.826
2007-09-20,248.471,NA,NA,NA,286.701
2007-09-21,248.295,NA,NA,NA,286.689
2007-09-22,248.265,NA,NA,NA,286.686
2007-09-23,248.206,NA,NA,NA,286.683
2007-09-24,248.206,NA,NA,NA,286.68
2007-09-25,248.147,NA,NA,NA,286.674
2007-09-26,248.087,NA,NA,NA,286.67
2007-09-27,248.058,NA,NA,NA,286.667
2007-09-28,248.029,NA,NA,NA,286.643
2007-09-29,246.967,NA,NA,NA,286.539
2007-09-30,245.999,NA,NA,NA,286.46
2007-10-01,245.677,NA,NA,NA,286.451
2007-10-02,245.649,NA,NA,NA,286.427
2007-10-03,245.297,NA,NA,NA,286.451
2007-10-04,246.321,NA,NA,NA,286.539
2007-10-05,246.909,NA,NA,NA,286.606
2007-10-06,247.881,NA,NA,NA,286.68
2007-10-07,248.441,NA,NA,NA,286.713
2007-10-08,247.911,NA,NA,NA,286.652
2007-10-09,247.292,NA,NA,NA,286.585
2007-10-10,246.585,NA,NA,NA,286.512
2007-10-11,246.087,NA,NA,NA,286.469
2007-10-12,245.619,NA,NA,NA,286.408
2007-10-13,244.8,NA,NA,NA,286.32
2007-10-14,243.892,NA,NA,NA,286.219
2007-10-15,242.875,NA,NA,NA,286.116
2007-10-16,241.946,NA,NA,NA,286.027
2007-10-17,241.25,NA,NA,NA,286.006
2007-10-18,242.179,NA,NA,NA,286.146
2007-10-19,244.566,NA,NA,NA,287.192
2007-10-20,259.232,NA,NA,NA,288.35
2007-10-21,270.249,NA,NA,NA,289.395
2007-10-22,278.949,NA,NA,NA,289.996
2007-10-23,283.635,NA,NA,NA,290.368
2007-10-24,286.981,NA,NA,NA,290.56
2007-10-25,288.051,NA,NA,NA,290.621
2007-10-26,288.115,NA,NA,NA,290.572
2007-10-27,287.435,NA,NA,NA,290.276
2007-10-28,286.175,NA,NA,NA,290.377
2007-10-29,284.6,NA,NA,NA,290.255
2007-10-30,282.675,NA,NA,NA,290.035
2007-10-31,280.855,NA,NA,NA,289.856
2007-11-01,278.917,NA,NA,NA,289.661
2007-11-02,276.7,NA,NA,NA,289.45
2007-11-03,274.686,NA,NA,NA,289.237
2007-11-04,272.431,NA,NA,NA,289.027
2007-11-05,270.311,NA,NA,NA,288.816
2007-11-06,268.077,NA,NA,NA,288.582
2007-11-07,265.457,NA,NA,NA,288.423
2007-11-08,264.289,NA,NA,NA,288.304
2007-11-09,263.098,NA,NA,NA,288.182
2007-11-10,261.844,NA,NA,NA,288.002
2007-11-11,259.778,NA,NA,NA,287.804
2007-11-12,257.72,NA,NA,NA,287.615
2007-11-13,258.262,NA,NA,NA,287.926
2007-11-14,260.961,NA,NA,NA,287.942
2007-11-15,259.08,NA,NA,NA,287.692
2007-11-16,256.214,NA,NA,NA,287.539
2007-11-17,257.811,NA,NA,NA,288.393
2007-11-18,273.118,NA,NA,NA,289.828
2007-11-19,284.664,NA,NA,NA,290.779
2007-11-20,292.702,NA,NA,NA,291.249
2007-11-21,295.459,NA,NA,NA,291.197
2007-11-22,292.441,NA,NA,NA,290.904
2007-11-23,288.925,NA,NA,NA,290.499
2007-11-24,284.214,NA,NA,NA,289.987
2007-11-25,278.442,NA,NA,NA,289.42
2007-11-26,272.4,NA,NA,NA,288.908
2007-11-27,267.335,NA,NA,NA,288.423
2007-11-28,262.424,NA,NA,NA,287.923
2007-11-29,257.419,NA,NA,NA,287.466
2007-11-30,253.247,NA,NA,NA,287.018
2007-12-01,248.501,NA,NA,NA,286.497
2007-12-02,243.194,NA,NA,NA,286.018
2007-12-03,241.308,NA,NA,NA,286.811
2007-12-04,260.901,NA,NA,NA,289.219
2007-12-05,281.877,NA,NA,NA,290.404
2007-12-06,287.014,NA,NA,NA,290.563
2007-12-07,287.435,NA,NA,NA,290.386
2007-12-08,283.506,NA,NA,NA,289.987
2007-12-09,279.234,NA,NA,NA,289.487
2007-12-10,273.369,NA,NA,NA,288.856
2007-12-11,266.35,NA,NA,NA,288.124
2007-12-12,258.656,NA,NA,NA,287.207
2007-12-13,250.659,NA,NA,NA,286.491
2007-12-14,242.411,NA,NA,NA,285.704
2007-12-15,235.473,NA,NA,NA,285.18
2007-12-16,231.079,NA,NA,NA,284.732
2007-12-17,227.098,NA,NA,NA,284.311
2007-12-18,223.657,NA,NA,NA,283.912
2007-12-19,220.36,NA,NA,NA,283.613
2007-12-20,218.776,NA,NA,NA,283.598
2007-12-21,218.748,NA,NA,NA,283.235
2007-12-22,214.257,NA,NA,NA,282.891
2007-12-23,211.765,NA,NA,NA,282.955
2007-12-24,219.885,NA,NA,NA,284.869
2007-12-25,235.473,NA,NA,NA,285.351
2007-12-26,234.334,NA,NA,NA,284.796
2007-12-27,226.763,NA,NA,NA,284.15
2007-12-28,222.309,NA,NA,NA,283.622
2007-12-29,217.308,NA,NA,NA,283.071
2007-12-30,212.832,NA,NA,NA,282.626
2007-12-31,208.787,NA,NA,NA,282.275
2008-01-01,205.152,NA,NA,NA,281.785
2008-01-02,200.577,NA,NA,NA,281.428
2008-01-03,201.507,NA,NA,NA,281.605
2008-01-04,202.206,NA,NA,NA,281.751
2008-01-05,204.212,NA,NA,NA,281.977
2008-01-06,204.996,NA,NA,NA,281.894
2008-01-07,202.909,NA,NA,NA,281.593
2008-01-08,199.957,NA,NA,NA,281.413
2008-01-09,201.017,NA,NA,NA,281.666
2008-01-10,202.648,NA,NA,NA,282.092
2008-01-11,211.497,NA,NA,NA,283.562
2008-01-12,225.236,NA,NA,NA,284.89
2008-01-13,235.559,NA,NA,NA,285.601
2008-01-14,238.912,NA,NA,NA,285.671
2008-01-15,238.249,NA,NA,NA,285.598
2008-01-16,237.017,NA,NA,NA,285.314
2008-01-17,233.341,NA,NA,NA,284.836
2008-01-18,228.384,NA,NA,NA,284.256
2008-01-19,222.694,NA,NA,NA,283.47
2008-01-20,190.531,NA,NA,NA,283.12
2008-01-21,213.074,NA,NA,NA,282.836
2008-01-22,211.552,NA,NA,NA,282.595
2008-01-23,208.919,NA,NA,NA,282.379
2008-01-24,208.258,NA,NA,NA,282.257
2008-01-25,207.57,NA,NA,NA,282.193
2008-01-26,206.624,NA,NA,NA,282.114
2008-01-27,206.703,NA,NA,NA,282.309
2008-01-28,208.762,NA,NA,NA,282.425
2008-01-29,209.291,NA,NA,NA,282.428
2008-01-30,208.232,NA,NA,NA,282.294
2008-01-31,207.019,NA,NA,NA,282.184
2008-02-01,206.466,NA,NA,NA,282.217
2008-02-02,207.019,NA,NA,NA,282.339
2008-02-03,207.993,NA,NA,NA,282.4
2008-02-04,208.205,NA,NA,NA,282.376
2008-02-05,207.993,NA,NA,NA,282.278
2008-02-06,207.045,NA,NA,NA,282.196
2008-02-07,206.624,NA,NA,NA,282.169
2008-02-08,207.177,NA,NA,NA,282.428
2008-02-09,211.391,NA,NA,NA,282.906
2008-02-10,214.284,NA,NA,NA,283.278
2008-02-11,218.448,NA,NA,NA,283.842
2008-02-12,224.433,NA,NA,NA,284.449
2008-02-13,229.643,NA,NA,NA,285.04
2008-02-14,235.215,NA,NA,NA,285.592
2008-02-15,239.978,NA,NA,NA,286.043
2008-02-16,243.952,NA,NA,NA,286.46
2008-02-17,247.97,NA,NA,NA,286.875
2008-02-18,247.97,NA,NA,NA,287.283
2008-02-19,256.032,NA,NA,NA,287.716
2008-02-20,260.506,NA,NA,NA,288.182
2008-02-21,265.334,NA,NA,NA,288.667
2008-02-22,270.186,NA,NA,NA,289.136
2008-02-23,274.875,NA,NA,NA,290.331
2008-02-24,279.171,NA,NA,NA,289.975
2008-02-25,283.345,NA,NA,NA,290.401
2008-02-26,288.439,NA,NA,NA,290.929
2008-02-27,294.047,NA,NA,NA,291.425
2008-02-28,299.325,NA,NA,NA,291.922
2008-02-29,304.732,NA,NA,NA,292.428
2008-03-01,311.017,NA,NA,NA,293.221
2008-03-02,321.428,NA,NA,NA,294.007
2008-03-03,329.049,NA,NA,NA,294.586
2008-03-04,335,NA,NA,NA,295.043
2008-03-05,339.936,NA,NA,NA,295.427
2008-03-06,344.157,NA,NA,NA,295.763
2008-03-07,347.935,NA,NA,NA,296.074
2008-03-08,351.623,NA,NA,NA,296.479
2008-03-09,357.692,NA,NA,NA,296.988
2008-03-10,363.511,NA,NA,NA,297.43
2008-03-11,368.482,NA,NA,NA,297.924
2008-03-12,375.411,NA,NA,NA,298.399
2008-03-13,379.814,NA,NA,NA,298.698
2008-03-14,383.4,NA,NA,NA,298.96
2008-03-15,386.08,NA,NA,NA,299.021
2008-03-16,385.506,NA,NA,NA,298.875
2008-03-17,382.712,NA,NA,NA,298.606
2008-03-18,379.205,NA,NA,NA,298.646
2008-03-19,384.854,NA,NA,NA,299.256
2008-03-20,391.241,NA,NA,NA,299.554
2008-03-21,393.214,NA,NA,NA,299.637
2008-03-22,393.252,NA,NA,NA,299.618
2008-03-23,391.937,NA,NA,NA,299.484
2008-03-24,390.701,NA,NA,NA,299.429
2008-03-25,390.739,NA,NA,NA,299.484
2008-03-26,391.821,NA,NA,NA,299.564
2008-03-27,393.174,NA,NA,NA,299.585
2008-03-28,393.174,NA,NA,NA,299.57
2008-03-29,392.788,NA,NA,NA,299.628
2008-03-30,393.988,NA,NA,NA,299.722
2008-03-31,395.076,NA,NA,NA,299.765
2008-04-01,395.581,NA,NA,NA,299.868
2008-04-02,397.213,NA,NA,NA,299.969
2008-04-03,397.718,NA,NA,NA,300.012
2008-04-04,398.342,NA,NA,NA,300.079
2008-04-05,399.435,NA,NA,NA,300.176
2008-04-06,400.801,NA,NA,NA,300.319
2008-04-07,402.956,NA,NA,NA,300.377
2008-04-08,402.72,NA,NA,NA,300.347
2008-04-09,402.092,NA,NA,NA,300.298
2008-04-10,401.426,NA,NA,NA,300.237
2008-04-11,400.684,NA,NA,NA,300.21
2008-04-12,400.021,NA,NA,NA,300.207
2008-04-13,400.997,NA,NA,NA,300.432
2008-04-14,405.153,NA,NA,NA,300.722
2008-04-15,411.547,NA,NA,NA,301.298
2008-04-16,418.35,NA,NA,NA,301.752
2008-04-17,423.641,NA,NA,NA,302.075
2008-04-18,426.582,NA,NA,NA,302.325
2008-04-19,430.14,NA,NA,NA,302.554
2008-04-20,432.616,NA,NA,NA,302.691
2008-04-21,433.754,NA,NA,NA,302.74
2008-04-22,434.202,NA,NA,NA,302.773
2008-04-23,434.773,NA,NA,NA,302.858
2008-04-24,436.282,NA,NA,NA,302.968
2008-04-25,437.67,NA,NA,NA,303.063
2008-04-26,438.857,NA,NA,NA,303.151
2008-04-27,440.087,NA,NA,NA,303.3
2008-04-28,442.92,NA,NA,NA,303.59
2008-04-29,447.872,NA,NA,NA,304.023
2008-04-30,454.433,NA,NA,NA,304.446
2008-05-01,459.157,NA,NA,NA,304.724
2008-05-02,462.388,NA,NA,NA,304.925
2008-05-03,464.92,NA,NA,NA,305.132
2008-05-04,468.007,NA,NA,NA,305.327
2008-05-05,470.129,NA,NA,NA,305.525
2008-05-06,485.915,NA,NA,NA,305.824
2008-05-07,478.162,NA,NA,NA,306.117
2008-05-08,481.736,NA,NA,NA,306.315
2008-05-09,483.937,NA,NA,NA,306.428
2008-05-10,485.152,NA,NA,NA,306.315
2008-05-11,481.649,NA,NA,NA,306.089
2008-05-12,479.019,NA,NA,NA,305.882
2008-05-13,475.716,NA,NA,NA,305.623
2008-05-14,471.874,NA,NA,NA,305.379
2008-05-15,469.237,NA,NA,NA,305.297
2008-05-16,469.831,NA,NA,NA,305.519
2008-05-17,475.202,NA,NA,NA,306.01
2008-05-18,482.943,NA,NA,NA,306.525
2008-05-19,489.062,NA,NA,NA,306.848
2008-05-20,492.641,NA,NA,NA,307.077
2008-05-21,494.966,NA,NA,NA,307.022
2008-05-22,492.291,NA,NA,NA,306.781
2008-05-23,487.322,NA,NA,NA,306.388
2008-05-24,481.606,NA,NA,NA,306.044
2008-05-25,477.948,NA,NA,NA,305.913
2008-05-26,476.833,NA,NA,NA,305.821
2008-05-27,475.373,NA,NA,NA,305.702
2008-05-28,473.58,NA,NA,NA,305.58
2008-05-29,472.258,NA,NA,NA,305.541
2008-05-30,472.811,NA,NA,NA,305.608
2008-05-31,473.323,NA,NA,NA,305.699
2008-06-01,474.859,NA,NA,NA,305.818
2008-06-02,476.703,NA,NA,NA,305.919
2008-06-03,478.162,NA,NA,NA,306.065
2008-06-04,480.744,NA,NA,NA,306.141
2008-06-05,480.873,NA,NA,NA,306.059
2008-06-06,478.72,NA,NA,NA,305.922
2008-06-07,477.605,NA,NA,NA,306.059
2008-06-08,480.96,NA,NA,NA,306.287
2008-06-09,483.202,NA,NA,NA,306.464
2008-06-10,487.625,NA,NA,NA,306.735
2008-06-11,491.418,NA,NA,NA,306.964
2008-06-12,493.387,NA,NA,NA,307.056
2008-06-13,494.352,NA,NA,NA,307.113
2008-06-14,495.141,NA,NA,NA,307.223
2008-06-15,495.975,NA,NA,NA,307.281
2008-06-16,496.809,NA,NA,NA,307.272
2008-06-17,497.427,NA,NA,NA,307.312
2008-06-18,497.867,NA,NA,NA,307.327
2008-06-19,497.824,NA,NA,NA,307.312
2008-06-20,497.471,NA,NA,NA,307.309
2008-06-21,497.25,NA,NA,NA,307.305
2008-06-22,497.074,NA,NA,NA,307.284
2008-06-23,496.545,NA,NA,NA,307.22
2008-06-24,495.668,NA,NA,NA,307.205
2008-06-25,496.194,NA,NA,NA,307.257
2008-06-26,496.589,NA,NA,NA,307.293
2008-06-27,497.603,NA,NA,NA,307.348
2008-06-28,497.956,NA,NA,NA,307.385
2008-06-29,498.661,NA,NA,NA,307.44
2008-06-30,499.367,NA,NA,NA,307.507
2008-07-01,500.073,NA,NA,NA,307.513
2008-07-02,500.47,NA,NA,NA,307.546
2008-07-03,500.91,NA,NA,NA,307.568
2008-07-04,501.042,NA,NA,NA,307.561
2008-07-05,500.425,NA,NA,NA,307.516
2008-07-06,500.073,NA,NA,NA,307.488
2008-07-07,499.631,NA,NA,NA,307.455
2008-07-08,499.146,NA,NA,NA,307.427
2008-07-09,498.661,NA,NA,NA,307.385
2008-07-10,497.956,NA,NA,NA,307.333
2008-07-11,497.162,NA,NA,NA,307.257
2008-07-12,496.238,NA,NA,NA,307.184
2008-07-13,495.053,NA,NA,NA,307.095
2008-07-14,493.694,NA,NA,NA,306.995
2008-07-15,492.203,NA,NA,NA,306.9
2008-07-16,490.59,NA,NA,NA,306.799
2008-07-17,490.067,NA,NA,NA,306.793
2008-07-18,490.502,NA,NA,NA,306.827
2008-07-19,491.026,NA,NA,NA,306.86
2008-07-20,491.418,NA,NA,NA,306.891
2008-07-21,491.898,NA,NA,NA,306.921
2008-07-22,492.291,NA,NA,NA,306.946
2008-07-23,492.641,NA,NA,NA,306.973
2008-07-24,493.037,NA,NA,NA,306.998
2008-07-25,493.387,NA,NA,NA,307.022
2008-07-26,493.737,NA,NA,NA,307.007
2008-07-27,492.171,NA,NA,NA,306.891
2008-07-28,490.502,NA,NA,NA,306.769
2008-07-29,488.713,NA,NA,NA,306.635
2008-07-30,486.671,NA,NA,NA,306.495
2008-07-31,484.675,NA,NA,NA,306.358
2008-08-01,482.599,NA,NA,NA,306.144
2008-08-02,478.033,NA,NA,NA,305.742
2008-08-03,471.916,NA,NA,NA,305.443
2008-08-04,469.831,NA,NA,NA,305.254
2008-08-05,466.946,NA,NA,NA,305.071
2008-08-06,464.455,NA,NA,NA,304.928
2008-08-07,462.894,NA,NA,NA,304.815
2008-08-08,461.297,NA,NA,NA,304.699
2008-08-09,459.702,NA,NA,NA,304.584
2008-08-10,458.149,NA,NA,NA,304.471
2008-08-11,456.562,NA,NA,NA,304.355
2008-08-12,455.059,NA,NA,NA,304.239
2008-08-13,453.391,NA,NA,NA,304.123
2008-08-14,451.769,NA,NA,NA,304.004
2008-08-15,450.231,NA,NA,NA,303.889
2008-08-16,448.533,NA,NA,NA,303.764
2008-08-17,446.837,NA,NA,NA,303.642
2008-08-18,445.184,NA,NA,NA,303.52
2008-08-19,443.579,NA,NA,NA,303.407
2008-08-20,442.55,NA,NA,NA,303.364
2008-08-21,442.838,NA,NA,NA,303.416
2008-08-22,443.126,NA,NA,NA,301.853
2008-08-23,441.644,NA,NA,NA,303.255
2008-08-24,440.045,NA,NA,NA,303.127
2008-08-25,438.201,NA,NA,NA,303.005
2008-08-26,436.77,NA,NA,NA,302.886
2008-08-27,434.977,NA,NA,NA,302.749
2008-08-28,433.103,NA,NA,NA,302.605
2008-08-29,431.033,NA,NA,NA,302.447
2008-08-30,428.965,NA,NA,NA,302.291
2008-08-31,426.905,NA,NA,NA,302.136
2008-09-01,424.928,NA,NA,NA,301.959
2008-09-02,422.114,NA,NA,NA,301.722
2008-09-03,419.03,NA,NA,NA,301.487
2008-09-04,415.917,NA,NA,NA,301.249
2008-09-05,412.775,NA,NA,NA,300.993
2008-09-06,409.369,NA,NA,NA,300.734
2008-09-07,406.097,NA,NA,NA,300.481
2008-09-08,402.839,NA,NA,NA,300.222
2008-09-09,399.435,NA,NA,NA,299.981
2008-09-10,396.12,NA,NA,NA,299.716
2008-09-11,392.826,NA,NA,NA,299.46
2008-09-12,389.542,NA,NA,NA,299.192
2008-09-13,386.042,NA,NA,NA,298.92
2008-09-14,382.712,NA,NA,NA,298.649
2008-09-15,379.243,NA,NA,NA,298.372
2008-09-16,375.866,NA,NA,NA,298.125
2008-09-17,373.22,NA,NA,NA,297.963
2008-09-18,371.638,NA,NA,NA,297.829
2008-09-19,369.982,NA,NA,NA,297.698
2008-09-20,368.332,NA,NA,NA,297.561
2008-09-21,366.646,NA,NA,NA,297.427
2008-09-22,365.041,NA,NA,NA,297.232
2008-09-23,361.84,NA,NA,NA,296.951
2008-09-24,358.948,NA,NA,NA,296.714
2008-09-25,355.441,NA,NA,NA,296.424
2008-09-26,351.916,NA,NA,NA,296.122
2008-09-27,348.226,NA,NA,NA,295.824
2008-09-28,344.771,NA,NA,NA,295.528
2008-09-29,341.229,NA,NA,NA,295.229
2008-09-30,337.602,NA,NA,NA,294.857
2008-10-01,333.824,NA,NA,NA,294.592
2008-10-02,330.141,NA,NA,NA,294.278
2008-10-03,327.078,NA,NA,NA,294.031
2008-10-04,323.861,NA,NA,NA,293.818
2008-10-05,323.129,NA,NA,NA,293.772
2008-10-06,322.088,NA,NA,NA,293.632
2008-10-07,319.555,NA,NA,NA,293.461
2008-10-08,318.589,NA,NA,NA,293.346
2008-10-09,316.692,NA,NA,NA,293.138
2008-10-10,314.259,NA,NA,NA,292.931
2008-10-11,311.835,NA,NA,NA,292.699
2008-10-12,309.115,NA,NA,NA,292.459
2008-10-13,306.479,NA,NA,NA,292.212
2008-10-14,303.658,NA,NA,NA,291.95
2008-10-15,300.721,NA,NA,NA,291.681
2008-10-16,297.803,NA,NA,NA,291.447
2008-10-17,296.018,NA,NA,NA,291.273
2008-10-18,293.98,NA,NA,NA,291.09
2008-10-19,292.017,NA,NA,NA,290.91
2008-10-20,290.094,NA,NA,NA,290.724
2008-10-21,288.18,NA,NA,NA,290.563
2008-10-22,286.625,NA,NA,NA,290.401
2008-10-23,284.824,NA,NA,NA,290.224
2008-10-24,282.738,NA,NA,NA,290.011
2008-10-25,280.599,NA,NA,NA,289.813
2008-10-26,278.568,NA,NA,NA,289.621
2008-10-27,276.512,NA,NA,NA,289.417
2008-10-28,274.404,NA,NA,NA,289.209
2008-10-29,272.244,NA,NA,NA,288.996
2008-10-30,270,NA,NA,NA,288.789
2008-10-31,267.954,NA,NA,NA,288.582
2008-11-01,265.888,NA,NA,NA,288.371
2008-11-02,263.677,NA,NA,NA,288.167
2008-11-03,261.721,NA,NA,NA,288.027
2008-11-04,261.022,NA,NA,NA,288.091
2008-11-05,262.242,NA,NA,NA,288.124
2008-11-06,261.721,NA,NA,NA,288.207
2008-11-07,264.903,NA,NA,NA,288.435
2008-11-08,265.365,NA,NA,NA,288.326
2008-11-09,263.555,NA,NA,NA,288.14
2008-11-10,261.538,NA,NA,NA,287.948
2008-11-11,259.87,NA,NA,NA,287.969
2008-11-12,264.811,NA,NA,NA,288.966
2008-11-13,277.11,NA,NA,NA,291.182
2008-11-14,302.587,NA,NA,NA,292.224
2008-11-15,306.378,NA,NA,NA,292.117
2008-11-16,302.055,NA,NA,NA,291.627
2008-11-17,296.018,NA,NA,NA,291.032
2008-11-18,289.217,NA,NA,NA,290.365
2008-11-19,281.877,NA,NA,NA,289.773
2008-11-20,278.568,NA,NA,NA,289.063
2008-11-21,266.227,NA,NA,NA,288.097
2008-11-22,258.292,NA,NA,NA,287.353
2008-11-23,252.113,NA,NA,NA,286.844
2008-11-24,248.176,NA,NA,NA,286.488
2008-11-25,244.653,NA,NA,NA,286.155
2008-11-26,242.12,NA,NA,NA,285.957
2008-11-27,240.612,NA,NA,NA,285.811
2008-11-28,239.2,NA,NA,NA,285.662
2008-11-29,237.759,NA,NA,NA,285.506
2008-11-30,236.273,NA,NA,NA,285.342
2008-12-01,234.731,NA,NA,NA,285.159
2008-12-02,233.029,NA,NA,NA,285.037
2008-12-03,232.405,NA,NA,NA,284.942
2008-12-04,230.938,NA,NA,NA,284.744
2008-12-05,228.859,NA,NA,NA,284.513
2008-12-06,227.015,NA,NA,NA,284.357
2008-12-07,225.735,NA,NA,NA,284.208
2008-12-08,224.405,NA,NA,NA,284.071
2008-12-09,223.107,NA,NA,NA,283.915
2008-12-10,221.565,NA,NA,NA,283.732
2008-12-11,219.895,NA,NA,NA,283.537
2008-12-12,218.094,NA,NA,NA,283.345
2008-12-13,216.685,NA,NA,NA,283.232
2008-12-14,215.683,NA,NA,NA,283.095
2008-12-15,213.131,NA,NA,NA,282.912
2008-12-16,212.245,NA,NA,NA,282.632
2008-12-17,209.635,NA,NA,NA,282.327
2008-12-18,206.887,NA,NA,NA,282.044
2008-12-19,204.578,NA,NA,NA,281.736
2008-12-20,201.792,NA,NA,NA,281.461
2008-12-21,200.137,NA,NA,NA,281.349
2008-12-22,200.344,NA,NA,NA,281.486
2008-12-23,201.224,NA,NA,NA,281.413
2008-12-24,199.621,NA,NA,NA,281.205
2008-12-25,197.927,NA,NA,NA,281.001
2008-12-26,196.139,NA,NA,NA,280.852
2008-12-27,195.376,NA,NA,NA,281.004
2008-12-28,202,NA,NA,NA,283.662
2008-12-29,236.959,NA,NA,NA,287.125
2008-12-30,265.581,NA,NA,NA,288.832
2008-12-31,269.349,NA,NA,NA,288.359
2009-01-01,259.99,NA,NA,NA,287.914
2009-01-02,278.822,NA,NA,NA,292.663
2009-01-03,327.289,NA,NA,NA,294.205
2009-01-04,325.329,NA,NA,NA,293.413
2009-01-05,312.141,NA,NA,NA,292.486
2009-01-06,307.359,NA,NA,NA,292.373
2009-01-07,308.981,NA,NA,NA,293.038
2009-01-08,321.185,NA,NA,NA,294.437
2009-01-09,339.684,NA,NA,NA,295.4
2009-01-10,340.87,NA,NA,NA,294.885
2009-01-11,329.649,NA,NA,NA,293.666
2009-01-12,313.47,NA,NA,NA,292.129
2009-01-13,297.406,NA,NA,NA,290.807
2009-01-14,283.281,NA,NA,NA,289.56
2009-01-15,273.712,NA,NA,NA,288.999
2009-01-16,269.07,NA,NA,NA,288.572
2009-01-17,264.995,NA,NA,NA,288.164
2009-01-18,260.718,NA,NA,NA,287.716
2009-01-19,256.063,NA,NA,NA,287.198
2009-01-20,250.57,NA,NA,NA,286.774
2009-01-21,246.615,NA,NA,NA,286.396
2009-01-22,242.73,NA,NA,NA,286.003
2009-01-23,240.065,NA,NA,NA,285.805
2009-01-24,238.969,NA,NA,NA,285.759
2009-01-25,238.797,NA,NA,NA,285.726
2009-01-26,238.48,NA,NA,NA,285.656
2009-01-27,237.646,NA,NA,NA,285.555
2009-01-28,236.731,NA,NA,NA,285.445
2009-01-29,235.644,NA,NA,NA,285.339
2009-01-30,234.958,NA,NA,NA,285.256
2009-01-31,234.079,NA,NA,NA,285.168
2009-02-01,233.284,NA,NA,NA,285.079
2009-02-02,232.405,NA,NA,NA,284.967
2009-02-03,231.221,NA,NA,NA,284.909
2009-02-04,230.714,NA,NA,NA,284.869
2009-02-05,231.023,NA,NA,NA,284.973
2009-02-06,232.178,NA,NA,NA,285.131
2009-02-07,234.306,NA,NA,NA,285.36
2009-02-08,236.416,NA,NA,NA,285.567
2009-02-09,238.163,NA,NA,NA,285.735
2009-02-10,239.69,NA,NA,NA,285.896
2009-02-11,241.191,NA,NA,NA,286.03
2009-02-12,241.684,NA,NA,NA,286.003
2009-02-13,241.017,NA,NA,NA,285.942
2009-02-14,241.452,NA,NA,NA,286.033
2009-02-15,242.497,NA,NA,NA,286.137
2009-02-16,243.398,NA,NA,NA,286.219
2009-02-17,244.244,NA,NA,NA,286.338
2009-02-18,245.472,NA,NA,NA,286.445
2009-02-19,245.234,NA,NA,NA,286.546
2009-02-20,247.44,NA,NA,NA,286.64
2009-02-21,248.323,NA,NA,NA,286.731
2009-02-22,249.207,NA,NA,NA,286.838
2009-02-23,250.541,NA,NA,NA,287.067
2009-02-24,253.906,NA,NA,NA,287.658
2009-02-25,262.211,NA,NA,NA,288.783
2009-02-26,277.364,NA,NA,NA,290.413
2009-02-27,290.679,NA,NA,NA,291.188
2009-02-28,297.538,NA,NA,NA,291.758
2009-03-01,302.821,NA,NA,NA,292.2
2009-03-02,307.493,NA,NA,NA,292.687
2009-03-03,313.779,NA,NA,NA,293.248
2009-03-04,319.59,NA,NA,NA,293.711
2009-03-05,324.455,NA,NA,NA,294.138
2009-03-06,329.649,NA,NA,NA,294.574
2009-03-07,334.285,NA,NA,NA,294.94
2009-03-08,338.249,NA,NA,NA,295.257
2009-03-09,341.771,NA,NA,NA,295.537
2009-03-10,344.953,NA,NA,NA,295.787
2009-03-11,347.717,NA,NA,NA,295.991
2009-03-12,349.906,NA,NA,NA,296.186
2009-03-13,352.356,NA,NA,NA,296.366
2009-03-14,354.376,NA,NA,NA,296.18
2009-03-15,357.286,NA,NA,NA,296.945
2009-03-16,365.452,NA,NA,NA,297.747
2009-03-17,373.899,NA,NA,NA,298.296
2009-03-18,379.776,NA,NA,NA,298.759
2009-03-19,385.314,NA,NA,NA,299.143
2009-03-20,389.58,NA,NA,NA,299.457
2009-03-21,393.793,NA,NA,NA,299.823
2009-03-22,398.772,NA,NA,NA,300.207
2009-03-23,403.505,NA,NA,NA,300.53
2009-03-24,407.162,NA,NA,NA,300.81
2009-03-25,410.399,NA,NA,NA,301.124
2009-03-26,415.479,NA,NA,NA,301.563
2009-03-27,421.19,NA,NA,NA,301.932
2009-03-28,425.33,NA,NA,NA,302.139
2009-03-29,427.026,NA,NA,NA,302.474
2009-03-30,432.535,NA,NA,NA,302.724
2009-03-31,434.202,NA,NA,NA,302.788
2009-04-01,434.895,NA,NA,NA,302.712
2009-04-02,432.859,NA,NA,NA,302.782
2009-04-03,437.016,NA,NA,NA,303.185
2009-04-04,440.947,NA,NA,NA,303.37
2009-04-05,442.797,NA,NA,NA,303.441
2009-04-06,443.908,NA,NA,NA,303.456
2009-04-07,443.908,NA,NA,NA,303.404
2009-04-08,442.797,NA,NA,NA,303.447
2009-04-09,443.867,NA,NA,NA,303.553
2009-04-10,445.596,NA,NA,NA,303.703
2009-04-11,447.334,NA,NA,NA,303.809
2009-04-12,448.12,NA,NA,NA,303.815
2009-04-13,448.865,NA,NA,NA,304.072
2009-04-14,447.973,NA,NA,NA,304.364
2009-04-15,456.562,NA,NA,NA,304.428
2009-04-16,457.272,NA,NA,NA,304.446
2009-04-17,456.98,NA,NA,NA,304.407
2009-04-18,456.813,NA,NA,NA,304.404
2009-04-19,456.813,NA,NA,NA,304.361
2009-04-20,454.809,NA,NA,NA,304.251
2009-04-21,455.017,NA,NA,NA,304.364
2009-04-22,457.564,NA,NA,NA,304.55
2009-04-23,459.744,NA,NA,NA,304.651
2009-04-24,460.499,NA,NA,NA,304.666
2009-04-25,460.121,NA,NA,NA,304.44
2009-04-26,454.809,NA,NA,NA,304.163
2009-04-27,452.31,NA,NA,NA,303.645
2009-04-28,440.578,NA,NA,NA,303.05
2009-04-29,435.996,NA,NA,NA,302.727
2009-04-30,432.657,NA,NA,NA,302.532
2009-05-01,430.424,NA,NA,NA,302.383
2009-05-02,428.803,NA,NA,NA,302.343
2009-05-03,429.369,NA,NA,NA,302.438
2009-05-04,431.033,NA,NA,NA,302.566
2009-05-05,434.08,NA,NA,NA,303.395
2009-05-06,451.811,NA,NA,NA,304.663
2009-05-07,467.922,NA,NA,NA,305.672
2009-05-08,479.234,NA,NA,NA,306.257
2009-05-09,485.326,NA,NA,NA,306.592
2009-05-10,489.107,NA,NA,NA,306.809
2009-05-11,491.68,NA,NA,NA,306.94
2009-05-12,492.73,NA,NA,NA,306.961
2009-05-13,492.029,NA,NA,NA,306.839
2009-05-14,490.371,NA,NA,NA,306.988
2009-05-15,496.062,NA,NA,NA,307.363
2009-05-16,500.778,NA,NA,NA,307.653
2009-05-17,503.747,NA,NA,NA,307.845
2009-05-18,506.503,NA,NA,NA,307.906
2009-05-19,504.812,NA,NA,NA,307.683
2009-05-20,501.442,NA,NA,NA,307.415
2009-05-21,497.074,NA,NA,NA,307.083
2009-05-22,492.51,NA,NA,NA,307.013
2009-05-23,493.255,NA,NA,NA,307.065
2009-05-24,493.519,NA,NA,NA,307.074
2009-05-25,493.515,NA,NA,NA,307.068
2009-05-26,493.387,NA,NA,NA,307.04
2009-05-27,492.73,NA,NA,NA,307.016
2009-05-28,492.86,NA,NA,NA,307.025
2009-05-29,493.607,NA,NA,NA,307.083
2009-05-30,494.571,NA,NA,NA,307.147
2009-05-31,495.273,NA,NA,NA,307.187
2009-06-01,495.755,NA,NA,NA,307.199
2009-06-02,496.107,NA,NA,NA,307.19
2009-06-03,495.755,NA,NA,NA,307.165
2009-06-04,495.625,NA,NA,NA,307.153
2009-06-05,494.352,NA,NA,NA,307.107
2009-06-06,494.746,NA,NA,NA,307.101
2009-06-07,494.133,NA,NA,NA,307.052
2009-06-08,493.299,NA,NA,NA,306.985
2009-06-09,492.422,NA,NA,NA,306.821
2009-06-10,488.67,NA,NA,NA,306.565
2009-06-11,485.109,NA,NA,NA,306.29
2009-06-12,480.787,NA,NA,NA,305.995
2009-06-13,477.089,NA,NA,NA,305.757
2009-06-14,472.94,NA,NA,NA,305.507
2009-06-15,469.831,NA,NA,NA,305.288
2009-06-16,468.389,NA,NA,NA,305.196
2009-06-17,466.48,NA,NA,NA,305.059
2009-06-18,464.624,NA,NA,NA,304.94
2009-06-19,463.105,NA,NA,NA,304.818
2009-06-20,461.339,NA,NA,NA,304.702
2009-06-21,459.828,NA,NA,NA,304.577
2009-06-22,457.981,NA,NA,NA,304.745
2009-06-23,456.103,NA,NA,NA,304.315
2009-06-24,454.516,NA,NA,NA,304.196
2009-06-25,452.767,NA,NA,NA,304.068
2009-06-26,450.98,NA,NA,NA,303.934
2009-06-27,449.113,NA,NA,NA,303.797
2009-06-28,447.251,NA,NA,NA,303.648
2009-06-29,445.432,NA,NA,NA,303.529
2009-06-30,443.62,NA,NA,NA,303.389
2009-07-01,441.686,NA,NA,NA,303.246
2009-07-02,439.759,NA,NA,NA,303.099
2009-07-03,437.751,NA,NA,NA,302.947
2009-07-04,435.548,NA,NA,NA,302.764
2009-07-05,433.387,NA,NA,NA,302.602
2009-07-06,431.195,NA,NA,NA,302.456
2009-07-07,429.126,NA,NA,NA,302.295
2009-07-08,426.905,NA,NA,NA,302.136
2009-07-09,424.928,NA,NA,NA,301.984
2009-07-10,422.918,NA,NA,NA,301.828
2009-07-11,420.83,NA,NA,NA,301.67
2009-07-12,418.75,NA,NA,NA,301.508
2009-07-13,416.792,NA,NA,NA,301.362
2009-07-14,414.684,NA,NA,NA,301.209
2009-07-15,412.775,NA,NA,NA,301.051
2009-07-16,410.558,NA,NA,NA,300.899
2009-07-17,408.738,NA,NA,NA,300.774
2009-07-18,407.397,NA,NA,NA,300.667
2009-07-19,405.9,NA,NA,NA,300.554
2009-07-20,404.525,NA,NA,NA,300.444
2009-07-21,403.073,NA,NA,NA,300.329
2009-07-22,401.466,NA,NA,NA,300.204
2009-07-23,399.904,NA,NA,NA,300.082
2009-07-24,398.382,NA,NA,NA,299.963
2009-07-25,396.902,NA,NA,NA,299.847
2009-07-26,395.348,NA,NA,NA,299.725
2009-07-27,393.833,NA,NA,NA,299.6
2009-07-28,392.053,NA,NA,NA,299.448
2009-07-29,390.314,NA,NA,NA,299.308
2009-07-30,388.541,NA,NA,NA,299.173
2009-07-31,386.85,NA,NA,NA,299.039
2009-08-01,385.007,NA,NA,NA,298.884
2009-08-02,383.132,NA,NA,NA,298.731
2009-08-03,381.223,NA,NA,NA,298.585
2009-08-04,379.51,NA,NA,NA,298.448
2009-08-05,377.722,NA,NA,NA,298.305
2009-08-06,375.98,NA,NA,NA,298.168
2009-08-07,374.2,NA,NA,NA,298.015
2009-08-08,372.316,NA,NA,NA,297.875
2009-08-09,370.695,NA,NA,NA,297.735
2009-08-10,368.857,NA,NA,NA,297.585
2009-08-11,367.057,NA,NA,NA,297.451
2009-08-12,365.265,NA,NA,NA,297.305
2009-08-13,363.399,NA,NA,NA,297.192
2009-08-14,362.657,NA,NA,NA,297.07
2009-08-15,360.318,NA,NA,NA,296.893
2009-08-16,363.268,NA,NA,NA,296.741
2009-08-17,360.318,NA,NA,NA,296.604
2009-08-18,354.963,NA,NA,NA,296.452
2009-08-19,353.127,NA,NA,NA,296.29
2009-08-20,351.185,NA,NA,NA,296.138
2009-08-21,349.212,NA,NA,NA,295.979
2009-08-22,347.463,NA,NA,NA,295.842
2009-08-23,346.044,NA,NA,NA,295.717
2009-08-24,344.41,NA,NA,NA,295.577
2009-08-25,342.566,NA,NA,NA,295.43
2009-08-26,340.834,NA,NA,NA,295.275
2009-08-27,339.002,NA,NA,NA,295.126
2009-08-28,337.174,NA,NA,NA,294.973
2009-08-29,335.784,NA,NA,NA,294.848
2009-08-30,334.179,NA,NA,NA,294.711
2009-08-31,332.583,NA,NA,NA,294.58
2009-09-01,330.988,NA,NA,NA,294.403
2009-09-02,328.662,NA,NA,NA,294.242
2009-09-03,326.238,NA,NA,NA,293.989
2009-09-04,324.245,NA,NA,NA,293.812
2009-09-05,321.74,NA,NA,NA,293.617
2009-09-06,320.178,NA,NA,NA,293.48
2009-09-07,318.624,NA,NA,NA,293.333
2009-09-08,316.658,NA,NA,NA,293.154
2009-09-09,314.704,NA,NA,NA,292.968
2009-09-10,312.549,NA,NA,NA,292.77
2009-09-11,310.404,NA,NA,NA,292.596
2009-09-12,308.169,NA,NA,NA,292.392
2009-09-13,305.84,NA,NA,NA,292.175
2009-09-14,303.424,NA,NA,NA,291.962
2009-09-15,301.622,NA,NA,NA,291.782
2009-09-16,299.722,NA,NA,NA,291.599
2009-09-17,297.736,NA,NA,NA,291.425
2009-09-18,296.051,NA,NA,NA,291.209
2009-09-19,293.093,NA,NA,NA,291.002
2009-09-20,290.55,NA,NA,NA,290.767
2009-09-21,288.018,NA,NA,NA,290.508
2009-09-22,285.403,NA,NA,NA,290.261
2009-09-23,282.779,NA,NA,NA,290.06
2009-09-24,281.079,NA,NA,NA,289.843
2009-09-25,278.505,NA,NA,NA,289.645
2009-09-26,276.605,NA,NA,NA,289.459
2009-09-27,274.623,NA,NA,NA,289.27
2009-09-28,272.743,NA,NA,NA,289.085
2009-09-29,270.776,NA,NA,NA,288.902
2009-09-30,270.776,NA,NA,NA,288.725
2009-10-01,267.151,NA,NA,NA,288.539
2009-10-02,265.211,NA,NA,NA,288.356
2009-10-03,263.555,NA,NA,NA,288.188
2009-10-04,261.721,NA,NA,NA,288.012
2009-10-05,260.173,NA,NA,NA,287.85
2009-10-06,258.444,NA,NA,NA,287.655
2009-10-07,256.815,NA,NA,NA,287.484
2009-10-08,255.101,NA,NA,NA,287.311
2009-10-09,253.307,NA,NA,NA,287.128
2009-10-10,251.52,NA,NA,NA,286.948
2009-10-11,249.739,NA,NA,NA,286.765
2009-10-12,247.97,NA,NA,NA,286.576
2009-10-13,246.204,NA,NA,NA,286.332
2009-10-14,244.624,NA,NA,NA,286.314
2009-10-15,244.8,NA,NA,NA,286.308
2009-10-16,244.502,NA,NA,NA,286.232
2009-10-17,244.212,NA,NA,NA,286.125
2009-10-18,242.527,NA,NA,NA,286.049
2009-10-19,242.41,NA,NA,NA,285.963
2009-10-20,240.873,NA,NA,NA,285.869
2009-10-21,239.92,NA,NA,NA,285.765
2009-10-22,239.056,NA,NA,NA,285.68
2009-10-23,238.191,NA,NA,NA,285.613
2009-10-24,237.932,NA,NA,NA,285.616
2009-10-25,237.932,NA,NA,NA,285.573
2009-10-26,237.331,NA,NA,NA,285.527
2009-10-27,237.846,NA,NA,NA,285.701
2009-10-28,239.401,NA,NA,NA,285.79
2009-10-29,239.748,NA,NA,NA,285.841
2009-10-30,240.873,NA,NA,NA,286.088
2009-10-31,243.659,NA,NA,NA,286.381
2009-11-01,247.175,NA,NA,NA,286.728
2009-11-02,249.739,NA,NA,NA,286.896
2009-11-03,250.541,NA,NA,NA,286.936
2009-11-04,250.718,NA,NA,NA,286.936
2009-11-05,250.541,NA,NA,NA,286.917
2009-11-06,250.452,NA,NA,NA,287.03
2009-11-07,253.127,NA,NA,NA,287.463
2009-11-08,258.898,NA,NA,NA,288.088
2009-11-09,264.564,NA,NA,NA,288.551
2009-11-10,268.542,NA,NA,NA,288.972
2009-11-11,273.212,NA,NA,NA,288.972
2009-11-12,273.212,NA,NA,NA,289.801
2009-11-13,281.367,NA,NA,NA,290.121
2009-11-14,284.052,NA,NA,NA,290.301
2009-11-15,285.21,NA,NA,NA,290.343
2009-11-16,285.114,NA,NA,NA,290.301
2009-11-17,284.535,NA,NA,NA,290.267
2009-11-18,285.114,NA,NA,NA,290.246
2009-11-19,282.228,NA,NA,NA,289.816
2009-11-20,277.269,NA,NA,NA,289.331
2009-11-21,272.276,NA,NA,NA,288.807
2009-11-22,266.688,NA,NA,NA,288.451
2009-11-23,264.842,NA,NA,NA,288.167
2009-11-24,260.628,NA,NA,NA,288.353
2009-11-25,256.635,NA,NA,NA,287.378
2009-11-26,253.576,NA,NA,NA,287.055
2009-11-27,250.541,NA,NA,NA,286.881
2009-11-28,249.119,NA,NA,NA,286.549
2009-11-29,244.536,NA,NA,NA,285.969
2009-11-30,238.277,NA,NA,NA,285.384
2009-12-01,233.71,NA,NA,NA,284.89
2009-12-02,228.914,NA,NA,NA,284.415
2009-12-03,225.735,NA,NA,NA,284.205
2009-12-04,224.487,NA,NA,NA,284.113
2009-12-05,224.072,NA,NA,NA,284.107
2009-12-06,224.072,NA,NA,NA,284.077
2009-12-07,223.326,NA,NA,NA,283.952
2009-12-08,222.005,NA,NA,NA,283.811
2009-12-09,220.934,NA,NA,NA,283.635
2009-12-10,217.313,NA,NA,NA,283.284
2009-12-11,216.604,NA,NA,NA,283.196
2009-12-12,215.954,NA,NA,NA,283.123
2009-12-13,213.692,NA,NA,NA,282.86
2009-12-14,211.364,NA,NA,NA,282.574
2009-12-15,209.212,NA,NA,NA,282.681
2009-12-16,215.063,NA,NA,NA,283.818
2009-12-17,226.235,NA,NA,NA,285.012
2009-12-18,235.987,NA,NA,NA,285.64
2009-12-19,238.328,NA,NA,NA,285.625
2009-12-20,236.817,NA,NA,NA,285.247
2009-12-21,232.291,NA,NA,NA,284.863
2009-12-22,230.431,NA,NA,NA,284.677
2009-12-23,227.657,NA,NA,NA,284.226
2009-12-24,222.749,NA,NA,NA,283.787
2009-12-25,218.639,NA,NA,NA,283.461
2009-12-26,217.091,NA,NA,NA,283.29
2009-12-27,215.628,NA,NA,NA,283.168
2009-12-28,214.74,NA,NA,NA,283.043
2009-12-29,213.53,NA,NA,NA,282.879
2009-12-30,212.165,NA,NA,NA,282.739
2009-12-31,210.884,NA,NA,NA,282.754
2010-01-01,216.36,NA,NA,NA,284.162
2010-01-02,230.009,NA,NA,NA,285.259
2010-01-03,236.473,NA,NA,NA,285.64
2010-01-04,238.018,NA,NA,NA,285.662
2010-01-05,237.618,NA,NA,NA,285.875
2010-01-06,244.069,NA,NA,NA,286.759
2010-01-07,251.877,NA,NA,NA,287.033
2010-01-08,250.541,NA,NA,NA,286.549
2010-01-09,243.224,NA,NA,NA,285.692
2010-01-10,234.504,NA,NA,NA,284.698
2010-01-11,224.904,NA,NA,NA,283.769
2010-01-12,217.417,NA,NA,NA,282.94
2010-01-13,210.164,NA,NA,NA,282.105
2010-01-14,203.456,NA,NA,NA,281.547
2010-01-15,199.339,NA,NA,NA,281.413
2010-01-16,200.655,NA,NA,NA,281.76
2010-01-17,205.494,NA,NA,NA,282.754
2010-01-18,212.004,NA,NA,NA,283.092
2010-01-19,217.01,NA,NA,NA,283.525
2010-01-20,219.868,NA,NA,NA,283.811
2010-01-21,221.758,NA,NA,NA,283.97
2010-01-22,222.694,NA,NA,NA,284.04
2010-01-23,223.134,NA,NA,NA,284.055
2010-01-24,223.409,NA,NA,NA,284.083
2010-01-25,223.822,NA,NA,NA,284.26
2010-01-26,226.679,NA,NA,NA,284.58
2010-01-27,229.417,NA,NA,NA,284.82
2010-01-28,231.192,NA,NA,NA,284.979
2010-01-29,232.377,NA,NA,NA,285.089
2010-01-30,233.228,NA,NA,NA,285.174
2010-01-31,233.909,NA,NA,NA,285.271
2010-02-01,234.589,NA,NA,NA,285.329
2010-02-02,235.186,NA,NA,NA,285.418
2010-02-03,235.959,NA,NA,NA,285.494
2010-02-04,236.817,NA,NA,NA,285.619
2010-02-05,238.191,NA,NA,NA,285.768
2010-02-06,239.575,NA,NA,NA,285.933
2010-02-07,241.568,NA,NA,NA,286.116
2010-02-08,243.136,NA,NA,NA,286.274
2010-02-09,244.536,NA,NA,NA,286.402
2010-02-10,245.59,NA,NA,NA,286.512
2010-02-11,246.644,NA,NA,NA,286.67
2010-02-12,248.853,NA,NA,NA,287.021
2010-02-13,254.024,NA,NA,NA,287.53
2010-02-14,258.625,NA,NA,NA,287.96
2010-02-15,262.823,NA,NA,NA,288.371
2010-02-16,266.873,NA,NA,NA,288.774
2010-02-17,270.87,NA,NA,NA,289.164
2010-02-18,274.718,NA,NA,NA,289.508
2010-02-19,278.029,NA,NA,NA,289.795
2010-02-20,280.696,NA,NA,NA,290.045
2010-02-21,283.281,NA,NA,NA,290.267
2010-02-22,285.403,NA,NA,NA,290.465
2010-02-23,287.533,NA,NA,NA,290.648
2010-02-24,289.476,NA,NA,NA,290.886
2010-02-25,292.604,NA,NA,NA,291.224
2010-02-26,296.446,NA,NA,NA,291.559
2010-02-27,299.922,NA,NA,NA,291.861
2010-02-28,302.92,NA,NA,NA,292.133
2010-03-01,305.74,NA,NA,NA,292.364
2010-03-02,308.27,NA,NA,NA,292.571
2010-03-03,310.404,NA,NA,NA,292.766
2010-03-04,312.549,NA,NA,NA,292.949
2010-03-05,314.498,NA,NA,NA,293.12
2010-03-06,316.349,NA,NA,NA,293.276
2010-03-07,318.003,NA,NA,NA,293.419
2010-03-08,319.659,NA,NA,NA,293.562
2010-03-09,321.219,NA,NA,NA,293.693
2010-03-10,322.677,NA,NA,NA,293.827
2010-03-11,324.245,NA,NA,NA,293.977
2010-03-12,326.764,NA,NA,NA,294.348
2010-03-13,332.265,NA,NA,NA,294.796
2010-03-14,336.746,NA,NA,NA,295.113
2010-03-15,339.972,NA,NA,NA,295.376
2010-03-16,343.108,NA,NA,NA,295.638
2010-03-17,346.263,NA,NA,NA,295.86
2010-03-18,348.335,NA,NA,NA,296.007
2010-03-19,349.869,NA,NA,NA,296.113
2010-03-20,350.966,NA,NA,NA,296.192
2010-03-21,351.733,NA,NA,NA,296.281
2010-03-22,353.274,NA,NA,NA,296.445
2010-03-23,355.478,NA,NA,NA,296.607
2010-03-24,357.249,NA,NA,NA,296.729
2010-03-25,358.468,NA,NA,NA,296.415
2010-03-26,361.024,NA,NA,NA,297.229
2010-03-27,366.497,NA,NA,NA,297.671
2010-03-28,371.675,NA,NA,NA,298.076
2010-03-29,377.116,NA,NA,NA,299.164
2010-03-30,400.099,NA,NA,NA,300.892
2010-03-31,417.151,NA,NA,NA,301.853
2010-04-01,426.905,NA,NA,NA,302.325
2010-04-02,429.816,NA,NA,NA,302.526
2010-04-03,433.103,NA,NA,NA,302.822
2010-04-04,436.036,NA,NA,NA,302.986
2010-04-05,437.751,NA,NA,NA,303.053
2010-04-06,438.734,NA,NA,NA,303.118
2010-04-07,439.472,NA,NA,NA,303.227
2010-04-08,441.439,NA,NA,NA,303.395
2010-04-09,444.155,NA,NA,NA,303.547
2010-04-10,445.513,NA,NA,NA,303.678
2010-04-11,447.747,NA,NA,NA,303.858
2010-04-12,450.357,NA,NA,NA,304.047
2010-04-13,453.599,NA,NA,NA,304.279
2010-04-14,456.854,NA,NA,NA,304.562
2010-04-15,461.381,NA,NA,NA,304.995
2010-04-16,468.219,NA,NA,NA,305.404
2010-04-17,473.068,NA,NA,NA,305.736
2010-04-18,477.432,NA,NA,NA,306.028
2010-04-19,481.305,NA,NA,NA,306.3
2010-04-20,485.066,NA,NA,NA,306.476
2010-04-21,485.716,NA,NA,NA,306.516
2010-04-22,486.107,NA,NA,NA,306.504
2010-04-23,485.326,NA,NA,NA,306.476
2010-04-24,484.415,NA,NA,NA,306.382
2010-04-25,484.415,NA,NA,NA,306.367
2010-04-26,484.025,NA,NA,NA,306.251
2010-04-27,481.563,NA,NA,NA,306.254
2010-04-28,483.245,NA,NA,NA,306.446
2010-04-29,486.628,NA,NA,NA,306.675
2010-04-30,489.63,NA,NA,NA,306.848
2010-05-01,491.592,NA,NA,NA,307.004
2010-05-02,494.221,NA,NA,NA,307.168
2010-05-03,496.326,NA,NA,NA,307.369
2010-05-04,500.954,NA,NA,NA,307.629
2010-05-05,501.751,NA,NA,NA,307.595
2010-05-06,500.425,NA,NA,NA,307.494
2010-05-07,499.102,NA,NA,NA,307.449
2010-05-08,499.367,NA,NA,NA,307.467
2010-05-09,499.631,NA,NA,NA,307.473
2010-05-10,499.367,NA,NA,NA,307.467
2010-05-11,499.631,NA,NA,NA,307.482
2010-05-12,499.367,NA,NA,NA,307.437
2010-05-13,499.235,NA,NA,NA,307.394
2010-05-14,498.043,NA,NA,NA,307.339
2010-05-15,497.514,NA,NA,NA,307.296
2010-05-16,496.721,NA,NA,NA,307.238
2010-05-17,495.931,NA,NA,NA,307.174
2010-05-18,495.01,NA,NA,NA,307.043
2010-05-19,491.592,NA,NA,NA,306.806
2010-05-20,488.583,NA,NA,NA,306.732
2010-05-21,489.499,NA,NA,NA,306.818
2010-05-22,490.677,NA,NA,NA,306.906
2010-05-23,491.854,NA,NA,NA,306.973
2010-05-24,492.641,NA,NA,NA,307.022
2010-05-25,493.957,NA,NA,NA,307.083
2010-05-26,494.221,NA,NA,NA,307.101
2010-05-27,494.746,NA,NA,NA,307.141
2010-05-28,495.141,NA,NA,NA,307.147
2010-05-29,494.352,NA,NA,NA,307.098
2010-05-30,493.562,NA,NA,NA,307.037
2010-05-31,492.641,NA,NA,NA,306.976
2010-06-01,492.117,NA,NA,NA,306.885
2010-06-02,489.368,NA,NA,NA,306.903
2010-06-03,499.277,NA,NA,NA,307.491
2010-06-04,500.293,NA,NA,NA,307.58
2010-06-05,503.614,NA,NA,NA,307.696
2010-06-06,502.284,NA,NA,NA,307.482
2010-06-07,498.309,NA,NA,NA,307.266
2010-06-08,496.062,NA,NA,NA,307.153
2010-06-09,493.957,NA,NA,NA,307.007
2010-06-10,492.378,NA,NA,NA,307.083
2010-06-11,495.536,NA,NA,NA,307.241
2010-06-12,498.177,NA,NA,NA,307.376
2010-06-13,499.102,NA,NA,NA,307.409
2010-06-14,499.102,NA,NA,NA,307.348
2010-06-15,497.514,NA,NA,NA,307.33
2010-06-16,497.514,NA,NA,NA,307.278
2010-06-17,497.118,NA,NA,NA,307.244
2010-06-18,496.589,NA,NA,NA,307.202
2010-06-19,495.931,NA,NA,NA,307.208
2010-06-20,495.668,NA,NA,NA,307.187
2010-06-21,495.405,NA,NA,NA,307.165
2010-06-22,495.405,NA,NA,NA,307.177
2010-06-23,495.668,NA,NA,NA,307.187
2010-06-24,495.931,NA,NA,NA,307.208
2010-06-25,496.062,NA,NA,NA,307.214
2010-06-26,496.194,NA,NA,NA,307.208
2010-06-27,496.062,NA,NA,NA,307.202
2010-06-28,495.8,NA,NA,NA,307.187
2010-06-29,495.536,NA,NA,NA,307.147
2010-06-30,495.141,NA,NA,NA,307.129
2010-07-01,494.878,NA,NA,NA,307.092
2010-07-02,494.221,NA,NA,NA,307.056
2010-07-03,493.694,NA,NA,NA,307.031
2010-07-04,493.299,NA,NA,NA,306.985
2010-07-05,492.51,NA,NA,NA,306.934
2010-07-06,491.854,NA,NA,NA,306.882
2010-07-07,490.808,NA,NA,NA,306.809
2010-07-08,489.761,NA,NA,NA,306.729
2010-07-09,488.583,NA,NA,NA,306.623
2010-07-10,487.017,NA,NA,NA,306.531
2010-07-11,485.326,NA,NA,NA,306.397
2010-07-12,483.418,NA,NA,NA,306.254
2010-07-13,481.305,NA,NA,NA,306.098
2010-07-14,478.978,NA,NA,NA,305.94
2010-07-15,476.66,NA,NA,NA,305.772
2010-07-16,474.347,NA,NA,NA,305.599
2010-07-17,471.789,NA,NA,NA,305.431
2010-07-18,469.365,NA,NA,NA,305.251
2010-07-19,466.692,NA,NA,NA,305.062
2010-07-20,464.16,NA,NA,NA,304.867
2010-07-21,461.507,NA,NA,NA,304.681
2010-07-22,458.988,NA,NA,NA,304.492
2010-07-23,456.353,NA,NA,NA,304.297
2010-07-24,453.599,NA,NA,NA,304.099
2010-07-25,450.98,NA,NA,NA,303.904
2010-07-26,448.244,NA,NA,NA,303.703
2010-07-27,445.513,NA,NA,NA,303.495
2010-07-28,442.674,NA,NA,NA,303.282
2010-07-29,439.718,NA,NA,NA,303.075
2010-07-30,437.138,NA,NA,NA,302.871
2010-07-31,434.08,NA,NA,NA,302.642
2010-08-01,431.154,NA,NA,NA,302.401
2010-08-02,427.754,NA,NA,NA,302.106
2010-08-03,425.573,NA,NA,NA,302.002
2010-08-04,423.401,NA,NA,NA,302.002
2010-08-05,423.401,NA,NA,NA,301.761
2010-08-06,420.871,NA,NA,NA,301.688
2010-08-07,419.79,NA,NA,NA,301.587
2010-08-08,418.23,NA,NA,NA,301.472
2010-08-09,416.792,NA,NA,NA,301.359
2010-08-10,415.479,NA,NA,NA,301.267
2010-08-11,413.928,NA,NA,NA,301.118
2010-08-12,412.38,NA,NA,NA,301.014
2010-08-13,410.716,NA,NA,NA,300.889
2010-08-14,409.053,NA,NA,NA,300.764
2010-08-15,407.516,NA,NA,NA,300.646
2010-08-16,406.216,NA,NA,NA,300.536
2010-08-17,404.329,NA,NA,NA,300.371
2010-08-18,402.092,NA,NA,NA,300.228
2010-08-19,400.684,NA,NA,NA,300.112
2010-08-20,399.163,NA,NA,NA,299.993
2010-08-21,397.641,NA,NA,NA,299.618
2010-08-22,396.125,NA,NA,NA,299.756
2010-08-23,394.61,NA,NA,NA,299.631
2010-08-24,392.982,NA,NA,NA,299.512
2010-08-25,391.589,NA,NA,NA,299.393
2010-08-26,390.082,NA,NA,NA,299.268
2010-08-27,388.465,NA,NA,NA,299.146
2010-08-28,386.85,NA,NA,NA,299.021
2010-08-29,385.237,NA,NA,NA,298.896
2010-08-30,383.744,NA,NA,NA,298.777
2010-08-31,382.252,NA,NA,NA,298.628
2010-09-01,381.108,NA,NA,NA,298.549
2010-09-02,379.51,NA,NA,NA,298.436
2010-09-03,378.026,NA,NA,NA,298.32
2010-09-04,376.548,NA,NA,NA,298.198
2010-09-05,374.956,NA,NA,NA,298.073
2010-09-06,373.484,NA,NA,NA,297.942
2010-09-07,371.788,NA,NA,NA,297.802
2010-09-08,370.208,NA,NA,NA,297.68
2010-09-09,368.632,NA,NA,NA,297.537
2010-09-10,366.721,NA,NA,NA,297.375
2010-09-11,364.482,NA,NA,NA,297.183
2010-09-12,362.136,NA,NA,NA,296.988
2010-09-13,359.686,NA,NA,NA,296.772
2010-09-14,356.916,NA,NA,NA,296.537
2010-09-15,353.935,NA,NA,NA,296.281
2010-09-16,350.746,NA,NA,NA,296.019
2010-09-17,347.68,NA,NA,NA,295.754
2010-09-18,344.518,NA,NA,NA,295.507
2010-09-19,341.699,NA,NA,NA,295.309
2010-09-20,340.079,NA,NA,NA,295.251
2010-09-21,339.756,NA,NA,NA,295.156
2010-09-22,338.141,NA,NA,NA,294.998
2010-09-23,336.105,NA,NA,NA,294.827
2010-09-24,334.072,NA,NA,NA,294.626
2010-09-25,331.414,NA,NA,NA,294.397
2010-09-26,328.662,NA,NA,NA,294.153
2010-09-27,326.028,NA,NA,NA,293.913
2010-09-28,323.199,NA,NA,NA,293.678
2010-09-29,320.594,NA,NA,NA,293.446
2010-09-30,317.9,NA,NA,NA,293.202
2010-10-01,315.115,NA,NA,NA,292.955
2010-10-02,312.447,NA,NA,NA,292.712
2010-10-03,309.488,NA,NA,NA,292.443
2010-10-04,306.446,NA,NA,NA,292.169
2010-10-05,303.424,NA,NA,NA,291.895
2010-10-06,300.421,NA,NA,NA,291.645
2010-10-07,298.035,NA,NA,NA,291.428
2010-10-08,295.886,NA,NA,NA,291.239
2010-10-09,293.783,NA,NA,NA,291.096
2010-10-10,292.8,NA,NA,NA,290.993
2010-10-11,291.626,NA,NA,NA,290.865
2010-10-12,289.864,NA,NA,NA,290.673
2010-10-13,287.726,NA,NA,NA,290.465
2010-10-14,285.5,NA,NA,NA,290.255
2010-10-15,283.09,NA,NA,NA,290.048
2010-10-16,281.079,NA,NA,NA,289.862
2010-10-17,279.361,NA,NA,NA,289.725
2010-10-18,278.125,NA,NA,NA,289.594
2010-10-19,276.794,NA,NA,NA,289.462
2010-10-20,275.378,NA,NA,NA,289.328
2010-10-21,273.963,NA,NA,NA,289.191
2010-10-22,272.557,NA,NA,NA,289.078
2010-10-23,271.995,NA,NA,NA,289.118
2010-10-24,272.463,NA,NA,NA,289.304
2010-10-25,276.7,NA,NA,NA,289.959
2010-10-26,286.079,NA,NA,NA,290.715
2010-10-27,291.038,NA,NA,NA,291.014
2010-10-28,293.291,NA,NA,NA,291.139
2010-10-29,294.178,NA,NA,NA,291.224
2010-10-30,294.868,NA,NA,NA,291.255
2010-10-31,294.178,NA,NA,NA,291.242
2010-11-01,294.375,NA,NA,NA,291.175
2010-11-02,293.192,NA,NA,NA,291.087
2010-11-03,293.192,NA,NA,NA,291.041
2010-11-04,291.919,NA,NA,NA,290.852
2010-11-05,289.282,NA,NA,NA,290.593
2010-11-06,286.368,NA,NA,NA,290.267
2010-11-07,282.515,NA,NA,NA,290.026
2010-11-08,281.558,NA,NA,NA,289.971
2010-11-09,280.983,NA,NA,NA,289.886
2010-11-10,280.313,NA,NA,NA,290.023
2010-11-11,282.802,NA,NA,NA,290.127
2010-11-12,282.707,NA,NA,NA,290.057
2010-11-13,281.558,NA,NA,NA,289.895
2010-11-14,279.551,NA,NA,NA,289.743
2010-11-15,278.6,NA,NA,NA,289.694
2010-11-16,278.315,NA,NA,NA,289.746
2010-11-17,279.551,NA,NA,NA,289.825
2010-11-18,280.504,NA,NA,NA,290.538
2010-11-19,291.822,NA,NA,NA,291.197
2010-11-20,296.051,NA,NA,NA,291.367
2010-11-21,295.064,NA,NA,NA,291.169
2010-11-22,292.604,NA,NA,NA,290.892
2010-11-23,288.892,NA,NA,NA,290.383
2010-11-24,274.923,NA,NA,NA,289.691
2010-11-25,274.623,NA,NA,NA,288.902
2010-11-26,266.134,NA,NA,NA,288.063
2010-11-27,258.534,NA,NA,NA,287.53
2010-11-28,254.383,NA,NA,NA,287.012
2010-11-29,248.588,NA,NA,NA,286.372
2010-11-30,242.091,NA,NA,NA,285.787
2010-12-01,240.093,NA,NA,NA,286.369
2010-12-02,248.588,NA,NA,NA,286.917
2010-12-03,251.431,NA,NA,NA,286.975
2010-12-04,250.095,NA,NA,NA,286.674
2010-12-05,246.116,NA,NA,NA,286.18
2010-12-06,240.699,NA,NA,NA,285.582
2010-12-07,235.186,NA,NA,NA,285.025
2010-12-08,230.009,NA,NA,NA,284.531
2010-12-09,226.902,NA,NA,NA,284.482
2010-12-10,229.417,NA,NA,NA,285.104
2010-12-11,235.616,NA,NA,NA,285.61
2010-12-12,243.136,NA,NA,NA,286.984
2010-12-13,258.716,NA,NA,NA,289.066
2010-12-14,282.133,NA,NA,NA,291.044
2010-12-15,300.222,NA,NA,NA,292.053
2010-12-16,305.539,NA,NA,NA,291.88
2010-12-17,296.545,NA,NA,NA,290.737
2010-12-18,282.036,NA,NA,NA,289.231
2010-12-19,265.581,NA,NA,NA,287.5
2010-12-20,247.527,NA,NA,NA,285.576
2010-12-21,228.663,NA,NA,NA,283.565
2010-12-22,211.364,NA,NA,NA,281.818
2010-12-23,198.492,NA,NA,NA,280.657
2010-12-24,190.581,NA,NA,NA,280.108
2010-12-25,187.593,NA,NA,NA,279.959
2010-12-26,188.561,NA,NA,NA,280.172
2010-12-27,190.882,NA,NA,NA,280.477
2010-12-28,194.131,NA,NA,NA,281.44
2010-12-29,210.085,NA,NA,NA,283.622
2010-12-30,225.569,NA,NA,NA,284.769
2010-12-31,233.143,NA,NA,NA,284.936
2011-01-01,229.755,NA,NA,NA,284.442
2011-01-02,224.571,NA,NA,NA,283.827
2011-01-03,218.803,NA,NA,NA,283.153
2011-01-04,212.485,NA,NA,NA,282.766
2011-01-05,210.483,NA,NA,NA,282.653
2011-01-06,211.045,NA,NA,NA,282.714
2011-01-07,211.525,NA,NA,NA,282.751
2011-01-08,212.004,NA,NA,NA,282.842
2011-01-09,212.965,NA,NA,NA,282.937
2011-01-10,213.692,NA,NA,NA,282.873
2011-01-11,211.204,NA,NA,NA,282.479
2011-01-12,206.598,NA,NA,NA,282.059
2011-01-13,205.968,NA,NA,NA,282.544
2011-01-14,214.66,NA,NA,NA,283.778
2011-01-15,225.071,NA,NA,NA,284.784
2011-01-16,236.559,NA,NA,NA,288.432
2011-01-17,298.332,NA,NA,NA,293.376
2011-01-18,329.93,NA,NA,NA,294.793
2011-01-19,338.141,NA,NA,NA,295.376
2011-01-20,342.783,NA,NA,NA,295.275
2011-01-21,337.925,NA,NA,NA,294.714
2011-01-22,328.874,NA,NA,NA,293.903
2011-01-23,319.142,NA,NA,NA,292.891
2011-01-24,308.981,NA,NA,NA,291.514
2011-01-25,288.212,NA,NA,NA,289.862
2011-01-26,272.651,NA,NA,NA,288.323
2011-01-27,256.725,NA,NA,NA,286.686
2011-01-28,240.439,NA,NA,NA,285.031
2011-01-29,226.402,NA,NA,NA,283.744
2011-01-30,216.848,NA,NA,NA,283.019
2011-01-31,211.525,NA,NA,NA,282.565
2011-02-01,208.417,NA,NA,NA,282.37
2011-02-02,208.337,NA,NA,NA,282.376
2011-02-03,208.655,NA,NA,NA,282.412
2011-02-04,208.972,NA,NA,NA,282.455
2011-02-05,209.608,NA,NA,NA,282.544
2011-02-06,210.724,NA,NA,NA,282.717
2011-02-07,212.325,NA,NA,NA,282.903
2011-02-08,214.095,NA,NA,NA,283.104
2011-02-09,216.116,NA,NA,NA,283.318
2011-02-10,217.824,NA,NA,NA,283.488
2011-02-11,219.294,NA,NA,NA,283.638
2011-02-12,220.523,NA,NA,NA,283.811
2011-02-13,221.758,NA,NA,NA,283.997
2011-02-14,223.822,NA,NA,NA,284.183
2011-02-15,226.069,NA,NA,NA,284.537
2011-02-16,229.755,NA,NA,NA,284.945
2011-02-17,233.483,NA,NA,NA,285.302
2011-02-18,236.559,NA,NA,NA,285.573
2011-02-19,238.797,NA,NA,NA,285.796
2011-02-20,240.699,NA,NA,NA,285.991
2011-02-21,242.439,NA,NA,NA,286.155
2011-02-22,243.922,NA,NA,NA,286.317
2011-02-23,245.502,NA,NA,NA,286.478
2011-02-24,247.086,NA,NA,NA,286.594
2011-02-25,247.881,NA,NA,NA,286.658
2011-02-26,248.412,NA,NA,NA,286.704
2011-02-27,248.766,NA,NA,NA,286.747
2011-02-28,249.207,NA,NA,NA,286.832
2011-03-01,251.254,NA,NA,NA,287.286
2011-03-02,256.454,NA,NA,NA,287.78
2011-03-03,261.447,NA,NA,NA,288.28
2011-03-04,266.227,NA,NA,NA,288.7
2011-03-05,270.311,NA,NA,NA,289.246
2011-03-06,276.889,NA,NA,NA,289.834
2011-03-07,282.42,NA,NA,NA,290.31
2011-03-08,286.949,NA,NA,NA,290.749
2011-03-09,292.115,NA,NA,NA,291.346
2011-03-10,299.822,NA,NA,NA,292.343
2011-03-11,314.704,NA,NA,NA,293.599
2011-03-12,325.714,NA,NA,NA,294.367
2011-03-13,333.115,NA,NA,NA,294.958
2011-03-14,330.32,NA,NA,NA,295.671
2011-03-15,348.992,NA,NA,NA,296.418
2011-03-16,359.575,NA,NA,NA,297.439
2011-03-17,371.902,NA,NA,NA,298.268
2011-03-18,380.537,NA,NA,NA,298.859
2011-03-19,387.35,NA,NA,NA,299.332
2011-03-20,392.053,NA,NA,NA,299.658
2011-03-21,395.542,NA,NA,NA,299.932
2011-03-22,399.006,NA,NA,NA,300.155
2011-03-23,401.347,NA,NA,NA,300.316
2011-03-24,403.112,NA,NA,NA,300.42
2011-03-25,404.877,NA,NA,NA,300.579
2011-03-26,406.413,NA,NA,NA,300.725
2011-03-27,408.778,NA,NA,NA,300.947
2011-03-28,411.984,NA,NA,NA,301.209
2011-03-29,415.32,NA,NA,NA,301.533
2011-03-30,421.552,NA,NA,NA,302.404
2011-03-31,436.241,NA,NA,NA,303.413
2011-04-01,449.195,NA,NA,NA,304.166
2011-04-02,455.686,NA,NA,NA,304.507
2011-04-03,459.828,NA,NA,NA,304.638
2011-04-04,459.702,NA,NA,NA,304.541
2011-04-05,458.317,NA,NA,NA,304.754
2011-04-06,463.865,NA,NA,NA,304.989
2011-04-07,465.256,NA,NA,NA,304.998
2011-04-08,464.371,NA,NA,NA,304.849
2011-04-09,461.465,NA,NA,NA,304.599
2011-04-10,457.564,NA,NA,NA,304.285
2011-04-11,452.934,NA,NA,NA,303.983
2011-04-12,449.443,NA,NA,NA,303.739
2011-04-13,445.844,NA,NA,NA,303.413
2011-04-14,440.906,NA,NA,NA,303.133
2011-04-15,437.464,NA,NA,NA,302.907
2011-04-16,437.341,NA,NA,NA,303.404
2011-04-17,449.071,NA,NA,NA,304.172
2011-04-18,456.311,NA,NA,NA,304.428
2011-04-19,457.314,NA,NA,NA,304.443
2011-04-20,457.188,NA,NA,NA,304.443
2011-04-21,457.439,NA,NA,NA,304.471
2011-04-22,457.064,NA,NA,NA,304.453
2011-04-23,456.687,NA,NA,NA,304.449
2011-04-24,457.815,NA,NA,NA,304.553
2011-04-25,459.576,NA,NA,NA,304.748
2011-04-26,464.371,NA,NA,NA,305.178
2011-04-27,469.704,NA,NA,NA,305.51
2011-04-28,473.793,NA,NA,NA,305.751
2011-04-29,476.618,NA,NA,NA,305.964
2011-04-30,479.45,NA,NA,NA,306.153
2011-05-01,481.908,NA,NA,NA,306.287
2011-05-02,483.461,NA,NA,NA,306.406
2011-05-03,485.543,NA,NA,NA,306.473
2011-05-04,485.543,NA,NA,NA,306.528
2011-05-05,486.454,NA,NA,NA,306.607
2011-05-06,488.016,NA,NA,NA,306.717
2011-05-07,489.717,NA,NA,NA,306.86
2011-05-08,492.072,NA,NA,NA,307.065
2011-05-09,495.361,NA,NA,NA,307.266
2011-05-10,497.735,NA,NA,NA,307.406
2011-05-11,499.588,NA,NA,NA,307.54
2011-05-12,501.84,NA,NA,NA,307.744
2011-05-13,505.034,NA,NA,NA,307.839
2011-05-14,504.368,NA,NA,NA,307.662
2011-05-15,500.249,NA,NA,NA,307.36
2011-05-16,495.755,NA,NA,NA,307.049
2011-05-17,491.2,NA,NA,NA,306.863
2011-05-18,489.761,NA,NA,NA,306.839
2011-05-19,490.808,NA,NA,NA,306.812
2011-05-20,488.976,NA,NA,NA,306.684
2011-05-21,487.278,NA,NA,NA,306.656
2011-05-22,488.321,NA,NA,NA,306.632
2011-05-23,486.497,NA,NA,NA,306.486
2011-05-24,484.025,NA,NA,NA,306.306
2011-05-25,481.435,NA,NA,NA,306.144
2011-05-26,479.493,NA,NA,NA,306.028
2011-05-27,477.818,NA,NA,NA,305.995
2011-05-28,479.106,NA,NA,NA,306.022
2011-05-29,480.269,NA,NA,NA,306.147
2011-05-30,479.882,NA,NA,NA,306.086
2011-05-31,478.848,NA,NA,NA,306.044
2011-06-01,478.848,NA,NA,NA,306.071
2011-06-02,479.493,NA,NA,NA,306.129
2011-06-03,481.176,NA,NA,NA,306.23
2011-06-04,482.081,NA,NA,NA,306.275
2011-06-05,482.47,NA,NA,NA,306.324
2011-06-06,483.375,NA,NA,NA,306.391
2011-06-07,484.415,NA,NA,NA,306.458
2011-06-08,485.587,NA,NA,NA,306.522
2011-06-09,486.367,NA,NA,NA,306.586
2011-06-10,487.538,NA,NA,NA,306.668
2011-06-11,489.107,NA,NA,NA,306.79
2011-06-12,490.939,NA,NA,NA,306.915
2011-06-13,493.168,NA,NA,NA,307.074
2011-06-14,495.141,NA,NA,NA,307.214
2011-06-15,497.118,NA,NA,NA,307.339
2011-06-16,498.706,NA,NA,NA,307.421
2011-06-17,499.764,NA,NA,NA,307.488
2011-06-18,500.557,NA,NA,NA,307.549
2011-06-19,501.618,NA,NA,NA,307.635
2011-06-20,502.949,NA,NA,NA,307.711
2011-06-21,503.88,NA,NA,NA,307.757
2011-06-22,504.013,NA,NA,NA,307.744
2011-06-23,503.347,NA,NA,NA,307.686
2011-06-24,502.417,NA,NA,NA,307.61
2011-06-25,501.086,NA,NA,NA,307.507
2011-06-26,499.499,NA,NA,NA,307.409
2011-06-27,498.177,NA,NA,NA,307.315
2011-06-28,496.721,NA,NA,NA,307.263
2011-06-29,496.326,NA,NA,NA,307.217
2011-06-30,495.536,NA,NA,NA,307.165
2011-07-01,494.878,NA,NA,NA,307.126
2011-07-02,494.616,NA,NA,NA,307.107
2011-07-03,494.616,NA,NA,NA,307.113
2011-07-04,494.746,NA,NA,NA,307.116
2011-07-05,494.746,NA,NA,NA,307.107
2011-07-06,494.484,NA,NA,NA,307.101
2011-07-07,494.484,NA,NA,NA,307.095
2011-07-08,494.352,NA,NA,NA,307.077
2011-07-09,494.089,NA,NA,NA,307.062
2011-07-10,493.826,NA,NA,NA,307.034
2011-07-11,493.299,NA,NA,NA,307.004
2011-07-12,492.905,NA,NA,NA,306.967
2011-07-13,492.51,NA,NA,NA,306.943
2011-07-14,492.117,NA,NA,NA,306.915
2011-07-15,491.723,NA,NA,NA,306.879
2011-07-16,490.939,NA,NA,NA,306.842
2011-07-17,490.677,NA,NA,NA,306.818
2011-07-18,490.284,NA,NA,NA,306.793
2011-07-19,489.891,NA,NA,NA,306.748
2011-07-20,489.63,NA,NA,NA,306.732
2011-07-21,489.238,NA,NA,NA,306.717
2011-07-22,488.845,NA,NA,NA,306.681
2011-07-23,488.321,NA,NA,NA,306.644
2011-07-24,487.669,NA,NA,NA,306.598
2011-07-25,487.017,NA,NA,NA,306.553
2011-07-26,486.367,NA,NA,NA,306.513
2011-07-27,485.716,NA,NA,NA,306.467
2011-07-28,484.806,NA,NA,NA,306.409
2011-07-29,484.154,NA,NA,NA,306.351
2011-07-30,483.116,NA,NA,NA,306.278
2011-07-31,482.081,NA,NA,NA,306.193
2011-08-01,481.046,NA,NA,NA,306.074
2011-08-02,479.752,NA,NA,NA,306.031
2011-08-03,478.72,NA,NA,NA,305.961
2011-08-04,477.432,NA,NA,NA,305.867
2011-08-05,476.017,NA,NA,NA,305.757
2011-08-06,474.732,NA,NA,NA,305.666
2011-08-07,473.452,NA,NA,NA,305.574
2011-08-08,472.044,NA,NA,NA,305.474
2011-08-09,470.765,NA,NA,NA,305.376
2011-08-10,469.237,NA,NA,NA,305.269
2011-08-11,467.837,NA,NA,NA,305.169
2011-08-12,466.438,NA,NA,NA,305.065
2011-08-13,464.92,NA,NA,NA,304.955
2011-08-14,463.527,NA,NA,NA,304.855
2011-08-15,462.01,NA,NA,NA,304.748
2011-08-16,460.625,NA,NA,NA,304.645
2011-08-17,459.115,NA,NA,NA,304.538
2011-08-18,457.731,NA,NA,NA,304.44
2011-08-19,456.479,NA,NA,NA,304.337
2011-08-20,454.851,NA,NA,NA,304.227
2011-08-21,453.474,NA,NA,NA,304.105
2011-08-22,451.978,NA,NA,NA,304.014
2011-08-23,450.482,NA,NA,NA,303.928
2011-08-24,450.107,NA,NA,NA,303.873
2011-08-25,448.492,NA,NA,NA,303.767
2011-08-26,447.499,NA,NA,NA,303.721
2011-08-27,447.499,NA,NA,NA,303.611
2011-08-28,444.773,NA,NA,NA,303.52
2011-08-29,444.773,NA,NA,NA,303.383
2011-08-30,441.932,NA,NA,NA,303.212
2011-08-31,438.775,NA,NA,NA,303.035
2011-09-01,437.097,NA,NA,NA,302.846
2011-09-02,433.631,NA,NA,NA,302.566
2011-09-03,429.978,NA,NA,NA,302.349
2011-09-04,427.631,NA,NA,NA,302.17
2011-09-05,426.34,NA,NA,NA,302.02
2011-09-06,422.596,NA,NA,NA,301.688
2011-09-07,418.35,NA,NA,NA,301.408
2011-09-08,415.24,NA,NA,NA,301.173
2011-09-09,412.26,NA,NA,NA,300.938
2011-09-10,409.053,NA,NA,NA,300.697
2011-09-11,405.979,NA,NA,NA,300.444
2011-09-12,402.681,NA,NA,NA,300.231
2011-09-13,399.396,NA,NA,NA,299.938
2011-09-14,396.125,NA,NA,NA,299.692
2011-09-15,392.981,NA,NA,NA,299.439
2011-09-16,389.734,NA,NA,NA,299.186
2011-09-17,386.618,NA,NA,NA,298.927
2011-09-18,383.285,NA,NA,NA,298.652
2011-09-19,379.853,NA,NA,NA,298.378
2011-09-20,376.433,NA,NA,NA,298.107
2011-09-21,373.031,NA,NA,NA,297.829
2011-09-22,369.532,NA,NA,NA,297.561
2011-09-23,366.273,NA,NA,NA,297.284
2011-09-24,362.916,NA,NA,NA,297.006
2011-09-25,359.464,NA,NA,NA,296.738
2011-09-26,356.362,NA,NA,NA,296.488
2011-09-27,353.385,NA,NA,NA,296.229
2011-09-28,350.199,NA,NA,NA,295.964
2011-09-29,346.808,NA,NA,NA,295.705
2011-09-30,343.326,NA,NA,NA,295.409
2011-10-01,339.864,NA,NA,NA,295.123
2011-10-02,336.533,NA,NA,NA,294.851
2011-10-03,333.434,NA,NA,NA,294.58
2011-10-04,330.247,NA,NA,NA,294.297
2011-10-05,326.764,NA,NA,NA,294.025
2011-10-06,324.035,NA,NA,NA,293.763
2011-10-07,320.802,NA,NA,NA,293.48
2011-10-08,317.796,NA,NA,NA,293.205
2011-10-09,314.704,NA,NA,NA,292.934
2011-10-10,311.63,NA,NA,NA,292.681
2011-10-11,309.284,NA,NA,NA,292.517
2011-10-12,308.068,NA,NA,NA,292.389
2011-10-13,305.941,NA,NA,NA,292.172
2011-10-14,303.424,NA,NA,NA,291.928
2011-10-15,300.621,NA,NA,NA,291.669
2011-10-16,297.836,NA,NA,NA,291.41
2011-10-17,294.966,NA,NA,NA,291.212
2011-10-18,293.488,NA,NA,NA,290.999
2011-10-19,290.451,NA,NA,NA,290.709
2011-10-20,287.24,NA,NA,NA,290.404
2011-10-21,283.956,NA,NA,NA,290.136
2011-10-22,282.324,NA,NA,NA,289.868
2011-10-23,277.934,NA,NA,NA,289.526
2011-10-24,274.907,NA,NA,NA,289.209
2011-10-25,271.526,NA,NA,NA,288.886
2011-10-26,268.325,NA,NA,NA,288.575
2011-10-27,265.118,NA,NA,NA,288.283
2011-10-28,262.547,NA,NA,NA,288.018
2011-10-29,260.354,NA,NA,NA,287.844
2011-10-30,257.72,NA,NA,NA,287.591
2011-10-31,256.544,NA,NA,NA,287.503
2011-11-01,255.731,NA,NA,NA,287.384
2011-11-02,254.383,NA,NA,NA,287.231
2011-11-03,252.768,NA,NA,NA,287.064
2011-11-04,250.986,NA,NA,NA,286.869
2011-11-05,249.119,NA,NA,NA,286.686
2011-11-06,247.44,NA,NA,NA,286.549
2011-11-07,246.029,NA,NA,NA,286.451
2011-11-08,245.941,NA,NA,NA,286.183
2011-11-09,241.482,NA,NA,NA,285.997
2011-11-10,241.047,NA,NA,NA,285.872
2011-11-11,239.401,NA,NA,NA,285.674
2011-11-12,237.503,NA,NA,NA,285.491
2011-11-13,235.787,NA,NA,NA,285.348
2011-11-14,234.76,NA,NA,NA,285.235
2011-11-15,233.909,NA,NA,NA,285.061
2011-11-16,232.887,NA,NA,NA,285.076
2011-11-17,233.313,NA,NA,NA,285.686
2011-11-18,241.917,NA,NA,NA,286.107
2011-11-19,241.744,NA,NA,NA,286.064
2011-11-20,242.527,NA,NA,NA,286.506
2011-11-21,244.536,NA,NA,NA,286.308
2011-11-22,245.239,NA,NA,NA,286.942
2011-11-23,255.191,NA,NA,NA,287.753
2011-11-24,261.173,NA,NA,NA,288.274
2011-11-25,264.657,NA,NA,NA,288.575
2011-11-26,267.891,NA,NA,NA,288.731
2011-11-27,267.798,NA,NA,NA,288.652
2011-11-28,266.688,NA,NA,NA,288.56
2011-11-29,266.319,NA,NA,NA,288.554
2011-11-30,266.503,NA,NA,NA,288.536
2011-12-01,266.134,NA,NA,NA,288.481
2011-12-02,265.581,NA,NA,NA,288.402
2011-12-03,264.198,NA,NA,NA,288.268
2011-12-04,262.852,NA,NA,NA,288.137
2011-12-05,261.325,NA,NA,NA,287.929
2011-12-06,258.898,NA,NA,NA,287.713
2011-12-07,257.237,NA,NA,NA,287.585
2011-12-08,256.364,NA,NA,NA,287.515
2011-12-09,256.183,NA,NA,NA,287.301
2011-12-10,252.858,NA,NA,NA,286.878
2011-12-11,247.351,NA,NA,NA,286.518
2011-12-12,245.941,NA,NA,NA,286.119
2011-12-13,239.92,NA,NA,NA,285.625
2011-12-14,235.702,NA,NA,NA,285.214
2011-12-15,231.728,NA,NA,NA,284.732
2011-12-16,227.322,NA,NA,NA,284.372
2011-12-17,224.82,NA,NA,NA,284.092
2011-12-18,222.501,NA,NA,NA,283.833
2011-12-19,220.196,NA,NA,NA,283.574
2011-12-20,217.661,NA,NA,NA,283.293
2011-12-21,215.144,NA,NA,NA,283.007
2011-12-22,212.564,NA,NA,NA,282.72
2011-12-23,210.085,NA,NA,NA,282.425
2011-12-24,207.465,NA,NA,NA,282.123
2011-12-25,204.786,NA,NA,NA,281.824
2011-12-26,202.283,NA,NA,NA,281.538
2011-12-27,199.802,NA,NA,NA,281.254
2011-12-28,197.876,NA,NA,NA,282.08
2011-12-29,221.84,NA,NA,NA,285.607
2011-12-30,247.793,NA,NA,NA,288.932
2011-12-31,288.698,NA,NA,NA,291.358
2012-01-01,299.225,NA,NA,NA,291.642
2012-01-02,297.736,NA,NA,NA,291.145
2012-01-03,289.67,NA,NA,NA,290.164
2012-01-04,277.174,NA,NA,NA,288.92
2012-01-05,265.118,NA,NA,NA,287.914
2012-01-06,255.911,NA,NA,NA,287.018
2012-01-07,248.265,NA,NA,NA,286.357
2012-01-08,242.091,NA,NA,NA,285.689
2012-01-09,235.559,NA,NA,NA,285.326
2012-01-10,234.448,NA,NA,NA,285.201
2012-01-11,233.228,NA,NA,NA,284.991
2012-01-12,230.516,NA,NA,NA,284.692
2012-01-13,227.797,NA,NA,NA,284.394
2012-01-14,224.876,NA,NA,NA,284.089
2012-01-15,221.869,NA,NA,NA,284.918
2012-01-16,231.755,NA,NA,NA,283.388
2012-01-17,215.683,NA,NA,NA,283.056
2012-01-18,213.181,NA,NA,NA,283.132
2012-01-19,225.458,NA,NA,NA,287.698
2012-01-20,290.876,NA,NA,NA,292.718
2012-01-21,326.728,NA,NA,NA,295.241
2012-01-22,348.226,NA,NA,NA,296.269
2012-01-23,354.854,NA,NA,NA,296.589
2012-01-24,356.288,NA,NA,NA,296.375
2012-01-25,354.963,NA,NA,NA,297.174
2012-01-26,369.308,NA,NA,NA,298.305
2012-01-27,383.362,NA,NA,NA,298.981
2012-01-28,386.504,NA,NA,NA,298.771
2012-01-29,377.305,NA,NA,NA,297.716
2012-01-30,363.736,NA,NA,NA,296.942
2012-01-31,356.399,NA,NA,NA,296.077
2012-02-01,343.614,NA,NA,NA,294.955
2012-02-02,330.106,NA,NA,NA,294.955
2012-02-03,330.106,NA,NA,NA,292.578
2012-02-04,302.654,NA,NA,NA,291.242
2012-02-05,287.467,NA,NA,NA,289.816
2012-02-06,271.683,NA,NA,NA,288.234
2012-02-07,256.394,NA,NA,NA,286.826
2012-02-08,243.659,NA,NA,NA,285.765
2012-02-09,236.073,NA,NA,NA,285.11
2012-02-10,230.854,NA,NA,NA,284.875
2012-02-11,231.445,NA,NA,NA,285.214
2012-02-12,236.588,NA,NA,NA,285.72
2012-02-13,240.41,NA,NA,NA,286.024
2012-02-14,243.224,NA,NA,NA,286.311
2012-02-15,245.444,NA,NA,NA,286.506
2012-02-16,247.321,NA,NA,NA,286.692
2012-02-17,249.001,NA,NA,NA,286.841
2012-02-18,251.045,NA,NA,NA,287.167
2012-02-19,254.473,NA,NA,NA,287.478
2012-02-20,257.118,NA,NA,NA,287.783
2012-02-21,261.599,NA,NA,NA,288.603
2012-02-22,272.682,NA,NA,NA,289.904
2012-02-23,289.703,NA,NA,NA,291.425
2012-02-24,301.921,NA,NA,NA,292.303
2012-02-25,310.268,NA,NA,NA,293.001
2012-02-26,317.485,NA,NA,NA,293.553
2012-02-27,322.92,NA,NA,NA,294.034
2012-02-28,328.31,NA,NA,NA,294.434
2012-02-29,332.549,NA,NA,NA,294.79
2012-03-01,336.533,NA,NA,NA,295.12
2012-03-02,340.259,NA,NA,NA,295.406
2012-03-03,343.326,NA,NA,NA,295.665
2012-03-04,346.517,NA,NA,NA,295.97
2012-03-05,350.527,NA,NA,NA,296.32
2012-03-06,355.331,NA,NA,NA,296.747
2012-03-07,360.281,NA,NA,NA,297.113
2012-03-08,364.37,NA,NA,NA,297.418
2012-03-09,367.882,NA,NA,NA,297.732
2012-03-10,372.014,NA,NA,NA,298
2012-03-11,373.71,NA,NA,NA,298.085
2012-03-12,373.596,NA,NA,NA,298.158
2012-03-13,375.336,NA,NA,NA,298.244
2012-03-14,375.903,NA,NA,NA,298.235
2012-03-15,375.336,NA,NA,NA,298.549
2012-03-16,388.35,NA,NA,NA,300.118
2012-03-17,406.492,NA,NA,NA,301.008
2012-03-18,413.847,NA,NA,NA,301.38
2012-03-19,416.872,NA,NA,NA,301.502
2012-03-20,417.47,NA,NA,NA,301.478
2012-03-21,419.671,NA,NA,NA,301.819
2012-03-22,424.205,NA,NA,NA,302.115
2012-03-23,426.784,NA,NA,NA,302.151
2012-03-24,425.935,NA,NA,NA,302.017
2012-03-25,423.24,NA,NA,NA,301.81
2012-03-26,420.55,NA,NA,NA,301.56
2012-03-27,416.872,NA,NA,NA,301.252
2012-03-28,412.537,NA,NA,NA,300.908
2012-03-29,406.255,NA,NA,NA,300.201
2012-03-30,398.03,NA,NA,NA,300.966
2012-03-31,426.541,NA,NA,NA,302.77
2012-04-01,440.414,NA,NA,NA,303.474
2012-04-02,446.796,NA,NA,NA,303.727
2012-04-03,448.078,NA,NA,NA,303.62
2012-04-04,443.908,NA,NA,NA,303.209
2012-04-05,437.301,NA,NA,NA,302.703
2012-04-06,431.358,NA,NA,NA,302.359
2012-04-07,427.754,NA,NA,NA,302.349
2012-04-08,429.735,NA,NA,NA,302.41
2012-04-09,430.465,NA,NA,NA,302.52
2012-04-10,432.21,NA,NA,NA,302.672
2012-04-11,434.08,NA,NA,NA,302.837
2012-04-12,436.689,NA,NA,NA,303.044
2012-04-13,438.898,NA,NA,NA,303.169
2012-04-14,440.661,NA,NA,NA,303.282
2012-04-15,442.056,NA,NA,NA,303.38
2012-04-16,443.167,NA,NA,NA,303.614
2012-04-17,450.231,NA,NA,NA,304.056
2012-04-18,453.391,NA,NA,NA,304.312
2012-04-19,458.065,NA,NA,NA,304.687
2012-04-20,464.876,NA,NA,NA,305.422
2012-04-21,475.373,NA,NA,NA,306.016
2012-04-22,482.556,NA,NA,NA,306.376
2012-04-23,485.847,NA,NA,NA,306.662
2012-04-24,489.979,NA,NA,NA,306.879
2012-04-25,490.894,NA,NA,NA,306.684
2012-04-26,487.062,NA,NA,NA,306.55
2012-04-27,487.452,NA,NA,NA,306.665
2012-04-28,489.15,NA,NA,NA,306.833
2012-04-29,492.641,NA,NA,NA,307.074
2012-04-30,495.843,NA,NA,NA,307.348
2012-05-01,501.353,NA,NA,NA,307.625
2012-05-02,501.751,NA,NA,NA,307.482
2012-05-03,498.529,NA,NA,NA,307.397
2012-05-04,500.381,NA,NA,NA,307.723
2012-05-05,504.989,NA,NA,NA,307.824
2012-05-06,505.121,NA,NA,NA,307.796
2012-05-07,504.723,NA,NA,NA,307.796
2012-05-08,504.856,NA,NA,NA,307.793
2012-05-09,504.456,NA,NA,NA,307.79
2012-05-10,504.989,NA,NA,NA,307.808
2012-05-11,504.856,NA,NA,NA,307.61
2012-05-12,499.411,NA,NA,NA,307.223
2012-05-13,493.957,NA,NA,NA,306.857
2012-05-14,489.281,NA,NA,NA,306.787
2012-05-15,491.157,NA,NA,NA,306.958
2012-05-16,493.299,NA,NA,NA,307.089
2012-05-17,494.746,NA,NA,NA,307.184
2012-05-18,496.107,NA,NA,NA,307.232
2012-05-19,496.898,NA,NA,NA,307.266
2012-05-20,496.766,NA,NA,NA,307.275
2012-05-21,497.162,NA,NA,NA,307.302
2012-05-22,497.956,NA,NA,NA,307.33
2012-05-23,497.559,NA,NA,NA,307.293
2012-05-24,497.427,NA,NA,NA,307.354
2012-05-25,499.059,NA,NA,NA,307.479
2012-05-26,500.91,NA,NA,NA,307.546
2012-05-27,500.91,NA,NA,NA,307.549
2012-05-28,500.91,NA,NA,NA,307.51
2012-05-29,500.117,NA,NA,NA,307.446
2012-05-30,498.925,NA,NA,NA,307.437
2012-05-31,499.455,NA,NA,NA,307.455
2012-06-01,499.588,NA,NA,NA,307.482
2012-06-02,500.249,NA,NA,NA,307.537
2012-06-03,500.91,NA,NA,NA,307.565
2012-06-04,501.486,NA,NA,NA,307.625
2012-06-05,503.082,NA,NA,NA,307.702
2012-06-06,502.683,NA,NA,NA,307.638
2012-06-07,502.417,NA,NA,NA,307.592
2012-06-08,501.22,NA,NA,NA,307.653
2012-06-09,504.191,NA,NA,NA,307.814
2012-06-10,505.388,NA,NA,NA,307.811
2012-06-11,504.723,NA,NA,NA,307.79
2012-06-12,504.501,NA,NA,NA,307.793
2012-06-13,504.767,NA,NA,NA,307.787
2012-06-14,504.279,NA,NA,NA,307.766
2012-06-15,504.545,NA,NA,NA,307.75
2012-06-16,503.481,NA,NA,NA,307.708
2012-06-17,502.505,NA,NA,NA,307.69
2012-06-18,503.481,NA,NA,NA,307.729
2012-06-19,503.88,NA,NA,NA,307.717
2012-06-20,503.88,NA,NA,NA,307.711
2012-06-21,502.24,NA,NA,NA,307.622
2012-06-22,500.734,NA,NA,NA,307.568
2012-06-23,501.84,NA,NA,NA,307.549
2012-06-24,501.175,NA,NA,NA,307.568
2012-06-25,501.042,NA,NA,NA,307.531
2012-06-26,501.175,NA,NA,NA,307.577
2012-06-27,502.24,NA,NA,NA,307.683
2012-06-28,503.88,NA,NA,NA,307.747
2012-06-29,503.88,NA,NA,NA,307.699
2012-06-30,503.747,NA,NA,NA,307.744
2012-07-01,504.279,NA,NA,NA,307.766
2012-07-02,504.545,NA,NA,NA,307.772
2012-07-03,504.545,NA,NA,NA,307.784
2012-07-04,504.812,NA,NA,NA,307.79
2012-07-05,504.013,NA,NA,NA,307.744
2012-07-06,503.747,NA,NA,NA,307.714
2012-07-07,503.038,NA,NA,NA,307.671
2012-07-08,502.905,NA,NA,NA,307.638
2012-07-09,502.505,NA,NA,NA,307.625
2012-07-10,501.84,NA,NA,NA,307.58
2012-07-11,501.308,NA,NA,NA,307.549
2012-07-12,500.602,NA,NA,NA,307.519
2012-07-13,500.205,NA,NA,NA,307.461
2012-07-14,499.146,NA,NA,NA,307.382
2012-07-15,498.309,NA,NA,NA,307.324
2012-07-16,497.118,NA,NA,NA,307.248
2012-07-17,495.887,NA,NA,NA,307.211
2012-07-18,496.457,NA,NA,NA,307.223
2012-07-19,495.493,NA,NA,NA,307.147
2012-07-20,494.439,NA,NA,NA,307.071
2012-07-21,493.212,NA,NA,NA,306.998
2012-07-22,492.422,NA,NA,NA,306.924
2012-07-23,491.331,NA,NA,NA,306.863
2012-07-24,490.546,NA,NA,NA,306.796
2012-07-25,489.761,NA,NA,NA,306.735
2012-07-26,488.67,NA,NA,NA,306.675
2012-07-27,487.886,NA,NA,NA,306.589
2012-07-28,486.671,NA,NA,NA,306.516
2012-07-29,485.63,NA,NA,NA,306.443
2012-07-30,484.718,NA,NA,NA,306.361
2012-07-31,483.245,NA,NA,NA,306.266
2012-08-01,481.908,NA,NA,NA,306.175
2012-08-02,480.485,NA,NA,NA,306.062
2012-08-03,478.891,NA,NA,NA,305.952
2012-08-04,477.562,NA,NA,NA,305.858
2012-08-05,476.145,NA,NA,NA,305.757
2012-08-06,474.432,NA,NA,NA,305.653
2012-08-07,473.41,NA,NA,NA,305.544
2012-08-08,471.575,NA,NA,NA,305.425
2012-08-09,469.873,NA,NA,NA,305.309
2012-08-10,468.304,NA,NA,NA,305.199
2012-08-11,466.777,NA,NA,NA,305.09
2012-08-12,465.341,NA,NA,NA,304.977
2012-08-13,463.78,NA,NA,NA,304.864
2012-08-14,462.261,NA,NA,NA,304.754
2012-08-15,460.583,NA,NA,NA,304.638
2012-08-16,459.03,NA,NA,NA,304.52
2012-08-17,457.23,NA,NA,NA,304.395
2012-08-18,455.726,NA,NA,NA,304.273
2012-08-19,453.932,NA,NA,NA,304.132
2012-08-20,452.02,NA,NA,NA,304.008
2012-08-21,450.357,NA,NA,NA,303.883
2012-08-22,448.615,NA,NA,NA,303.764
2012-08-23,446.961,NA,NA,NA,303.63
2012-08-24,445.184,NA,NA,NA,303.495
2012-08-25,443.414,NA,NA,NA,303.37
2012-08-26,441.644,NA,NA,NA,303.239
2012-08-27,439.923,NA,NA,NA,303.111
2012-08-28,438.16,NA,NA,NA,302.971
2012-08-29,436.404,NA,NA,NA,302.858
2012-08-30,434.895,NA,NA,NA,302.727
2012-08-31,433.143,NA,NA,NA,302.63
2012-09-01,431.439,NA,NA,NA,302.468
2012-09-02,429.451,NA,NA,NA,302.319
2012-09-03,427.349,NA,NA,NA,302.163
2012-09-04,425.371,NA,NA,NA,301.993
2012-09-05,422.797,NA,NA,NA,301.792
2012-09-06,420.11,NA,NA,NA,301.56
2012-09-07,416.911,NA,NA,NA,301.307
2012-09-08,413.649,NA,NA,NA,301.06
2012-09-09,410.042,NA,NA,NA,300.78
2012-09-10,406.453,NA,NA,NA,300.505
2012-09-11,402.995,NA,NA,NA,300.237
2012-09-12,399.553,NA,NA,NA,299.966
2012-09-13,396.125,NA,NA,NA,299.698
2012-09-14,392.71,NA,NA,NA,299.432
2012-09-15,389.542,NA,NA,NA,299.164
2012-09-16,385.926,NA,NA,NA,298.884
2012-09-17,382.443,NA,NA,NA,298.6
2012-09-18,378.862,NA,NA,NA,298.32
2012-09-19,375.184,NA,NA,NA,298.033
2012-09-20,371.75,NA,NA,NA,297.75
2012-09-21,368.183,NA,NA,NA,297.47
2012-09-22,364.781,NA,NA,NA,297.183
2012-09-23,361.135,NA,NA,NA,296.9
2012-09-24,357.987,NA,NA,NA,296.619
2012-09-25,354.376,NA,NA,NA,296.302
2012-09-26,350.673,NA,NA,NA,296.003
2012-09-27,346.88,NA,NA,NA,295.699
2012-09-28,343.543,NA,NA,NA,295.406
2012-09-29,340.116,NA,NA,NA,295.117
2012-09-30,336.71,NA,NA,NA,295.196
2012-10-01,333.08,NA,NA,NA,294.525
2012-10-02,329.719,NA,NA,NA,294.257
2012-10-03,326.938,NA,NA,NA,294.001
2012-10-04,324.035,NA,NA,NA,293.742
2012-10-05,320.733,NA,NA,NA,293.446
2012-10-06,317.451,NA,NA,NA,293.178
2012-10-07,314.498,NA,NA,NA,292.919
2012-10-08,311.665,NA,NA,NA,292.654
2012-10-09,308.676,NA,NA,NA,292.376
2012-10-10,305.572,NA,NA,NA,292.154
2012-10-11,303.625,NA,NA,NA,291.944
2012-10-12,301.088,NA,NA,NA,291.709
2012-10-13,298.828,NA,NA,NA,291.559
2012-10-14,297.439,NA,NA,NA,291.431
2012-10-15,296.117,NA,NA,NA,291.358
2012-10-16,296.81,NA,NA,NA,291.742
2012-10-17,301.988,NA,NA,NA,291.913
2012-10-18,301.888,NA,NA,NA,291.858
2012-10-19,300.854,NA,NA,NA,291.803
2012-10-20,301.254,NA,NA,NA,291.919
2012-10-21,302.488,NA,NA,NA,292.032
2012-10-22,303.726,NA,NA,NA,292.105
2012-10-23,304.935,NA,NA,NA,292.233
2012-10-24,306.277,NA,NA,NA,292.361
2012-10-25,307.19,NA,NA,NA,292.431
2012-10-26,308.338,NA,NA,NA,292.507
2012-10-27,309.048,NA,NA,NA,292.605
2012-10-28,312.175,NA,NA,NA,293.468
2012-10-29,327.572,NA,NA,NA,294.988
2012-10-30,341.916,NA,NA,NA,295.531
2012-10-31,344.013,NA,NA,NA,295.558
2012-11-01,343.253,NA,NA,NA,295.263
2012-11-02,343.687,NA,NA,NA,295.589
2012-11-03,344.013,NA,NA,NA,295.488
2012-11-04,341.482,NA,NA,NA,295.199
2012-11-05,337.499,NA,NA,NA,294.803
2012-11-06,332.229,NA,NA,NA,294.327
2012-11-07,326.308,NA,NA,NA,293.803
2012-11-08,320.351,NA,NA,NA,293.233
2012-11-09,313.848,NA,NA,NA,292.779
2012-11-10,308.575,NA,NA,NA,292.303
2012-11-11,303.122,NA,NA,NA,291.809
2012-11-12,297.736,NA,NA,NA,291.529
2012-11-13,298.232,NA,NA,NA,291.63
2012-11-14,298.035,NA,NA,NA,291.502
2012-11-15,295.821,NA,NA,NA,291.233
2012-11-16,291.724,NA,NA,NA,290.605
2012-11-17,284.31,NA,NA,NA,289.911
2012-11-18,277.586,NA,NA,NA,289.298
2012-11-19,271.276,NA,NA,NA,288.786
2012-11-20,269.566,NA,NA,NA,290.084
2012-11-21,293.816,NA,NA,NA,291.931
2012-11-22,306.918,NA,NA,NA,292.425
2012-11-23,307.528,NA,NA,NA,292.087
2012-11-24,299.855,NA,NA,NA,291.596
2012-11-25,298.629,NA,NA,NA,291.511
2012-11-26,296.314,NA,NA,NA,291.005
2012-11-27,287.759,NA,NA,NA,290.002
2012-11-28,275.662,NA,NA,NA,288.783
2012-11-29,263.158,NA,NA,NA,287.463
2012-11-30,249.591,NA,NA,NA,286.381
2012-12-01,242.411,NA,NA,NA,286.006
2012-12-02,242.497,NA,NA,NA,286.53
2012-12-03,250.393,NA,NA,NA,287.125
2012-12-04,253.755,NA,NA,NA,287.969
2012-12-05,272.619,NA,NA,NA,290.307
2012-12-06,291.822,NA,NA,NA,291.163
2012-12-07,293.52,NA,NA,NA,290.7
2012-12-08,284.342,NA,NA,NA,289.731
2012-12-09,273.275,NA,NA,NA,288.536
2012-12-10,260.294,NA,NA,NA,287.304
2012-12-11,250.245,NA,NA,NA,286.631
2012-12-12,245.385,NA,NA,NA,286.161
2012-12-13,241.308,NA,NA,NA,285.683
2012-12-14,236.102,NA,NA,NA,285.095
2012-12-15,230.319,NA,NA,NA,284.436
2012-12-16,224.266,NA,NA,NA,283.775
2012-12-17,218.585,NA,NA,NA,283.607
2012-12-18,220.169,NA,NA,NA,283.568
2012-12-19,217.824,NA,NA,NA,283.181
2012-12-20,213.53,NA,NA,NA,282.711
2012-12-21,210.032,NA,NA,NA,282.272
2012-12-22,205.836,NA,NA,NA,281.903
2012-12-23,203.065,NA,NA,NA,281.611
2012-12-24,201.068,NA,NA,NA,281.535
2012-12-25,200.292,NA,NA,NA,281.471
2012-12-26,200.603,NA,NA,NA,281.638
2012-12-27,202.726,NA,NA,NA,281.903
2012-12-28,204.891,NA,NA,NA,282.001
2012-12-29,204.473,NA,NA,NA,281.906
2012-12-30,203.3,NA,NA,NA,281.717
2012-12-31,201.25,NA,NA,NA,281.483
2013-01-01,199.403,NA,NA,NA,281.355
2013-01-02,200.086,NA,NA,NA,281.367
2013-01-03,200.397,NA,NA,NA,281.422
2013-01-04,200.707,NA,NA,NA,281.458
2013-01-05,201.277,NA,NA,NA,281.522
2013-01-06,201.744,NA,NA,NA,281.583
2013-01-07,205.233,NA,NA,NA,281.772
2013-01-08,213.439,NA,NA,NA,282.489
2013-01-09,221.444,NA,NA,NA,283.47
2013-01-10,226.277,NA,NA,NA,284.168
2013-01-11,229.815,NA,NA,NA,284.61
2013-01-12,230.006,NA,NA,NA,284.823
2013-01-13,230.006,NA,NA,NA,284.811
2013-01-14,230.999,NA,NA,NA,284.82
2013-01-15,231.963,NA,NA,NA,284.918
2013-01-16,232.634,NA,NA,NA,284.997
2013-01-17,233.076,NA,NA,NA,285.052
2013-01-18,232.781,NA,NA,NA,285.079
2013-01-19,232.929,NA,NA,NA,285.089
2013-01-20,233.298,NA,NA,NA,285.122
2013-01-21,233.446,NA,NA,NA,285.153
2013-01-22,233.224,NA,NA,NA,285.156
2013-01-23,230.102,NA,NA,NA,285.128
2013-01-24,233.446,NA,NA,NA,285.14
2013-01-25,236.137,NA,NA,NA,285.271
2013-01-26,238.877,NA,NA,NA,285.698
2013-01-27,239.676,NA,NA,NA,285.841
2013-01-28,238.966,NA,NA,NA,285.823
2013-01-29,241.708,NA,NA,NA,285.951
2013-01-30,244.232,NA,NA,NA,286.219
2013-01-31,246.037,NA,NA,NA,286.469
2013-02-01,245.77,NA,NA,NA,286.549
2013-02-02,244.793,NA,NA,NA,286.485
2013-02-03,244.232,NA,NA,NA,286.399
2013-02-04,242.417,NA,NA,NA,286.253
2013-02-05,243.701,NA,NA,NA,286.192
2013-02-06,246.484,NA,NA,NA,286.421
2013-02-07,248.671,NA,NA,NA,286.674
2013-02-08,249.651,NA,NA,NA,286.835
2013-02-09,251.009,NA,NA,NA,286.951
2013-02-10,252.788,NA,NA,NA,287.079
2013-02-11,254.592,NA,NA,NA,287.271
2013-02-12,256.043,NA,NA,NA,287.436
2013-02-13,257.849,NA,NA,NA,287.6
2013-02-14,259.891,NA,NA,NA,287.795
2013-02-15,261.958,NA,NA,NA,287.99
2013-02-16,264.21,NA,NA,NA,288.213
2013-02-17,266.366,NA,NA,NA,288.435
2013-02-18,268.156,NA,NA,NA,288.618
2013-02-19,269.543,NA,NA,NA,288.777
2013-02-20,270.963,NA,NA,NA,288.914
2013-02-21,272.256,NA,NA,NA,289.045
2013-02-22,274.502,NA,NA,NA,289.219
2013-02-23,277.412,NA,NA,NA,289.511
2013-02-24,279.481,NA,NA,NA,289.746
2013-02-25,281.844,NA,NA,NA,289.959
2013-02-26,284.352,NA,NA,NA,290.176
2013-02-27,286.086,NA,NA,NA,290.401
2013-02-28,290.74,NA,NA,NA,290.648
2013-03-01,300.683,NA,NA,NA,291.435
2013-03-02,309.898,NA,NA,NA,292.218
2013-03-03,316.597,NA,NA,NA,292.855
2013-03-04,321.571,NA,NA,NA,293.37
2013-03-05,325.562,NA,NA,NA,293.751
2013-03-06,329.284,NA,NA,NA,294.092
2013-03-07,332.702,NA,NA,NA,294.422
2013-03-08,335.882,NA,NA,NA,294.714
2013-03-09,338.487,NA,NA,NA,294.967
2013-03-10,340.956,NA,NA,NA,295.193
2013-03-11,343.324,NA,NA,NA,295.397
2013-03-12,346.461,NA,NA,NA,295.65
2013-03-13,350.027,NA,NA,NA,295.933
2013-03-14,354.07,NA,NA,NA,296.25
2013-03-15,358.555,NA,NA,NA,296.607
2013-03-16,363.26,NA,NA,NA,296.982
2013-03-17,367.723,NA,NA,NA,297.369
2013-03-18,370.759,NA,NA,NA,297.677
2013-03-19,373.722,NA,NA,NA,297.915
2013-03-20,384.061,NA,NA,NA,298.402
2013-03-21,392.776,NA,NA,NA,299.25
2013-03-22,398.547,NA,NA,NA,299.795
2013-03-23,403.201,NA,NA,NA,300.198
2013-03-24,406.974,NA,NA,NA,300.511
2013-03-25,410.112,NA,NA,NA,300.78
2013-03-26,413.25,NA,NA,NA,301.017
2013-03-27,416.269,NA,NA,NA,301.249
2013-03-28,419.407,NA,NA,NA,301.49
2013-03-29,423.579,NA,NA,NA,301.779
2013-03-30,427.99,NA,NA,NA,302.096
2013-03-31,432.562,NA,NA,NA,302.435
2013-04-01,437.498,NA,NA,NA,302.807
2013-04-02,442.004,NA,NA,NA,303.157
2013-04-03,444.922,NA,NA,NA,303.431
2013-04-04,447.508,NA,NA,NA,303.627
2013-04-05,449.925,NA,NA,NA,303.822
2013-04-06,456.805,NA,NA,NA,304.163
2013-04-07,467.442,NA,NA,NA,304.83
2013-04-08,472.45,NA,NA,NA,305.455
2013-04-09,471.685,NA,NA,NA,305.51
2013-04-10,469.988,NA,NA,NA,305.407
2013-04-11,467.442,NA,NA,NA,305.257
2013-04-12,466.51,NA,NA,NA,305.147
2013-04-13,466.891,NA,NA,NA,305.144
2013-04-14,467.273,NA,NA,NA,305.16
2013-04-15,467.442,NA,NA,NA,305.187
2013-04-16,468.079,NA,NA,NA,305.227
2013-04-17,468.079,NA,NA,NA,305.233
2013-04-18,467.697,NA,NA,NA,305.218
2013-04-19,468.97,NA,NA,NA,305.233
2013-04-20,471.814,NA,NA,NA,305.416
2013-04-21,473.638,NA,NA,NA,305.574
2013-04-22,474.401,NA,NA,NA,305.663
2013-04-23,475.801,NA,NA,NA,305.717
2013-04-24,476.735,NA,NA,NA,305.617
2013-04-25,476.862,NA,NA,NA,305.864
2013-04-26,477.117,NA,NA,NA,305.879
2013-04-27,477.117,NA,NA,NA,305.894
2013-04-28,477.117,NA,NA,NA,305.891
2013-04-29,477.117,NA,NA,NA,305.897
2013-04-30,477.626,NA,NA,NA,305.916
2013-05-01,476.989,NA,NA,NA,305.876
2013-05-02,476.184,NA,NA,NA,305.824
2013-05-03,472.831,NA,NA,NA,305.708
2013-05-04,465.957,NA,NA,NA,305.291
2013-05-05,459.807,NA,NA,NA,304.818
2013-05-06,457.139,NA,NA,NA,302.145
2013-05-07,455.888,NA,NA,NA,304.37
2013-05-08,455.888,NA,NA,NA,304.373
2013-05-09,454.637,NA,NA,NA,304.325
2013-05-10,453.97,NA,NA,NA,304.239
2013-05-11,453.469,NA,NA,NA,304.206
2013-05-12,452.844,NA,NA,NA,304.166
2013-05-13,452.094,NA,NA,NA,304.102
2013-05-14,450.927,NA,NA,NA,304.041
2013-05-15,449.925,NA,NA,NA,303.965
2013-05-16,448.925,NA,NA,NA,303.889
2013-05-17,447.257,NA,NA,NA,303.779
2013-05-18,445.507,NA,NA,NA,303.651
2013-05-19,443.839,NA,NA,NA,303.532
2013-05-20,442.212,NA,NA,NA,303.413
2013-05-21,441.342,NA,NA,NA,303.288
2013-05-22,441.963,NA,NA,NA,303.303
2013-05-23,443.463,NA,NA,NA,303.358
2013-05-24,447.257,NA,NA,NA,303.563
2013-05-25,450.051,NA,NA,NA,303.803
2013-05-26,453.469,NA,NA,NA,304.032
2013-05-27,459.432,NA,NA,NA,304.352
2013-05-28,465.193,NA,NA,NA,304.809
2013-05-29,471.601,NA,NA,NA,305.215
2013-05-30,477.923,NA,NA,NA,305.702
2013-05-31,481.912,NA,NA,NA,306.068
2013-06-01,484.797,NA,NA,NA,306.312
2013-06-02,487.082,NA,NA,NA,306.492
2013-06-03,489.233,NA,NA,NA,306.638
2013-06-04,490.155,NA,NA,NA,306.735
2013-06-05,490.945,NA,NA,NA,306.812
2013-06-06,491.341,NA,NA,NA,306.867
2013-06-07,490.989,NA,NA,NA,306.86
2013-06-08,490.594,NA,NA,NA,306.842
2013-06-09,490.067,NA,NA,NA,306.799
2013-06-10,489.408,NA,NA,NA,306.766
2013-06-11,488.618,NA,NA,NA,306.717
2013-06-12,487.696,NA,NA,NA,306.656
2013-06-13,486.905,NA,NA,NA,306.598
2013-06-14,485.984,NA,NA,NA,306.537
2013-06-15,485.061,NA,NA,NA,306.473
2013-06-16,484.008,NA,NA,NA,306.403
2013-06-17,482.717,NA,NA,NA,306.324
2013-06-18,481.7,NA,NA,NA,306.242
2013-06-19,480.808,NA,NA,NA,306.172
2013-06-20,479.917,NA,NA,NA,306.111
2013-06-21,478.899,NA,NA,NA,306.053
2013-06-22,477.626,NA,NA,NA,305.97
2013-06-23,476.481,NA,NA,NA,305.885
2013-06-24,475.716,NA,NA,NA,305.821
2013-06-25,475.335,NA,NA,NA,305.772
2013-06-26,475.845,NA,NA,NA,305.781
2013-06-27,475.716,NA,NA,NA,305.8
2013-06-28,475.208,NA,NA,NA,305.772
2013-06-29,474.572,NA,NA,NA,305.73
2013-06-30,473.68,NA,NA,NA,305.675
2013-07-01,472.789,NA,NA,NA,305.614
2013-07-02,472.153,NA,NA,NA,305.547
2013-07-03,471.643,NA,NA,NA,305.501
2013-07-04,470.88,NA,NA,NA,305.458
2013-07-05,469.988,NA,NA,NA,305.4
2013-07-06,468.97,NA,NA,NA,305.33
2013-07-07,467.951,NA,NA,NA,305.26
2013-07-08,466.934,NA,NA,NA,305.184
2013-07-09,465.788,NA,NA,NA,305.108
2013-07-10,464.769,NA,NA,NA,305.029
2013-07-11,463.623,NA,NA,NA,304.955
2013-07-12,462.35,NA,NA,NA,304.864
2013-07-13,461.099,NA,NA,NA,304.773
2013-07-14,459.849,NA,NA,NA,304.681
2013-07-15,458.598,NA,NA,NA,304.59
2013-07-16,457.221,NA,NA,NA,304.498
2013-07-17,455.971,NA,NA,NA,304.404
2013-07-18,454.595,NA,NA,NA,304.303
2013-07-19,453.345,NA,NA,NA,304.206
2013-07-20,451.969,NA,NA,NA,304.111
2013-07-21,450.593,NA,NA,NA,304.011
2013-07-22,449.717,NA,NA,NA,303.919
2013-07-23,448.217,NA,NA,NA,303.815
2013-07-24,446.59,NA,NA,NA,303.709
2013-07-25,445.09,NA,NA,NA,303.614
2013-07-26,443.463,NA,NA,NA,303.505
2013-07-27,441.713,NA,NA,NA,303.38
2013-07-28,440.006,NA,NA,NA,303.255
2013-07-29,438.428,NA,NA,NA,303.127
2013-07-30,436.728,NA,NA,NA,303.005
2013-07-31,435.03,NA,NA,NA,302.88
2013-08-01,433.452,NA,NA,NA,302.755
2013-08-02,431.873,NA,NA,NA,302.639
2013-08-03,430.175,NA,NA,NA,302.517
2013-08-04,428.475,NA,NA,NA,302.389
2013-08-05,426.898,NA,NA,NA,302.264
2013-08-06,425.198,NA,NA,NA,302.145
2013-08-07,423.499,NA,NA,NA,302.017
2013-08-08,421.8,NA,NA,NA,301.889
2013-08-09,420.121,NA,NA,NA,301.761
2013-08-10,418.453,NA,NA,NA,301.633
2013-08-11,416.666,NA,NA,NA,301.505
2013-08-12,414.998,NA,NA,NA,301.368
2013-08-13,413.329,NA,NA,NA,301.24
2013-08-14,411.662,NA,NA,NA,301.109
2013-08-15,409.874,NA,NA,NA,300.978
2013-08-16,408.205,NA,NA,NA,300.844
2013-08-17,406.418,NA,NA,NA,300.716
2013-08-18,404.75,NA,NA,NA,300.579
2013-08-19,402.843,NA,NA,NA,300.447
2013-08-20,401.181,NA,NA,NA,300.307
2013-08-21,399.438,NA,NA,NA,300.173
2013-08-22,397.695,NA,NA,NA,300.033
2013-08-23,395.72,NA,NA,NA,299.893
2013-08-24,393.977,NA,NA,NA,299.743
2013-08-25,392.117,NA,NA,NA,299.603
2013-08-26,390.374,NA,NA,NA,299.46
2013-08-27,388.438,NA,NA,NA,299.317
2013-08-28,386.501,NA,NA,NA,299.164
2013-08-29,384.72,NA,NA,NA,299.018
2013-08-30,382.899,NA,NA,NA,298.878
2013-08-31,381.034,NA,NA,NA,298.728
2013-09-01,379.121,NA,NA,NA,298.564
2013-09-02,376.684,NA,NA,NA,298.408
2013-09-03,373.609,NA,NA,NA,298.195
2013-09-04,370.122,NA,NA,NA,297.942
2013-09-05,367.348,NA,NA,NA,297.671
2013-09-06,364.872,NA,NA,NA,297.479
2013-09-07,362.047,NA,NA,NA,297.244
2013-09-08,358.775,NA,NA,NA,297.003
2013-09-09,355.504,NA,NA,NA,296.701
2013-09-10,352.123,NA,NA,NA,296.424
2013-09-11,348.52,NA,NA,NA,296.138
2013-09-12,344.955,NA,NA,NA,295.839
2013-09-13,341.701,NA,NA,NA,295.543
2013-09-14,338.318,NA,NA,NA,295.248
2013-09-15,335.035,NA,NA,NA,294.949
2013-09-16,331.72,NA,NA,NA,294.653
2013-09-17,328.404,NA,NA,NA,294.358
2013-09-18,325.258,NA,NA,NA,294.062
2013-09-19,321.875,NA,NA,NA,293.769
2013-09-20,318.593,NA,NA,NA,293.498
2013-09-21,315.413,NA,NA,NA,293.212
2013-09-22,312.503,NA,NA,NA,292.931
2013-09-23,309.966,NA,NA,NA,292.696
2013-09-24,309.425,NA,NA,NA,292.532
2013-09-25,308.24,NA,NA,NA,292.456
2013-09-26,305.771,NA,NA,NA,292.276
2013-09-27,303.03,NA,NA,NA,292.02
2013-09-28,309.289,NA,NA,NA,292.133
2013-09-29,327.998,NA,NA,NA,293.181
2013-09-30,348.961,NA,NA,NA,295.26
2013-10-01,361.238,NA,NA,NA,296.537
2013-10-02,368.997,NA,NA,NA,297.366
2013-10-03,374.134,NA,NA,NA,297.872
2013-10-04,377.734,NA,NA,NA,298.219
2013-10-05,380.472,NA,NA,NA,298.475
2013-10-06,382.667,NA,NA,NA,298.674
2013-10-07,382.396,NA,NA,NA,298.753
2013-10-08,382.783,NA,NA,NA,298.75
2013-10-09,383.79,NA,NA,NA,298.829
2013-10-10,383.829,NA,NA,NA,298.862
2013-10-11,384.682,NA,NA,NA,298.869
2013-10-12,386.463,NA,NA,NA,298.984
2013-10-13,387.974,NA,NA,NA,299.112
2013-10-14,385.882,NA,NA,NA,299.115
2013-10-15,383.326,NA,NA,NA,298.939
2013-10-16,380.733,NA,NA,NA,298.728
2013-10-17,378.147,NA,NA,NA,298.518
2013-10-18,375.671,NA,NA,NA,298.314
2013-10-19,372.934,NA,NA,NA,298.107
2013-10-20,369.934,NA,NA,NA,297.869
2013-10-21,366.973,NA,NA,NA,297.628
2013-10-22,363.935,NA,NA,NA,297.372
2013-10-23,360.724,NA,NA,NA,297.116
2013-10-24,357.599,NA,NA,NA,296.854
2013-10-25,352.49,NA,NA,NA,296.522
2013-10-26,347.454,NA,NA,NA,296.098
2013-10-27,342.75,NA,NA,NA,295.69
2013-10-28,338.182,NA,NA,NA,295.29
2013-10-29,333.344,NA,NA,NA,294.857
2013-10-30,328.303,NA,NA,NA,294.415
2013-10-31,322.551,NA,NA,NA,293.961
2013-11-01,314.804,NA,NA,NA,293.282
2013-11-02,308.004,NA,NA,NA,292.614
2013-11-03,301.372,NA,NA,NA,292.011
2013-11-04,294.741,NA,NA,NA,291.401
2013-11-05,289.667,NA,NA,NA,290.858
2013-11-06,285.404,NA,NA,NA,290.477
2013-11-07,281.31,NA,NA,NA,290.063
2013-11-08,277.385,NA,NA,NA,289.746
2013-11-09,272.106,NA,NA,NA,289.307
2013-11-10,266.185,NA,NA,NA,288.761
2013-11-11,259.493,NA,NA,NA,288.137
2013-11-12,252.76,NA,NA,NA,287.46
2013-11-13,245.181,NA,NA,NA,286.716
2013-11-14,237.503,NA,NA,NA,285.921
2013-11-15,229.817,NA,NA,NA,285.098
2013-11-16,224.519,NA,NA,NA,284.4
2013-11-17,219.411,NA,NA,NA,283.833
2013-11-18,214.12,NA,NA,NA,283.245
2013-11-19,215.07,NA,NA,NA,282.979
2013-11-20,214.744,NA,NA,NA,283.104
2013-11-21,216.698,NA,NA,NA,283.229
2013-11-22,218.38,NA,NA,NA,283.373
2013-11-23,220.388,NA,NA,NA,283.586
2013-11-24,221.827,NA,NA,NA,283.778
2013-11-25,222.803,NA,NA,NA,283.903
2013-11-26,222.505,NA,NA,NA,283.961
2013-11-27,221.962,NA,NA,NA,283.912
2013-11-28,221.23,NA,NA,NA,283.842
2013-11-29,220.307,NA,NA,NA,283.747
2013-11-30,219.33,NA,NA,NA,283.65
2013-12-01,221.012,NA,NA,NA,283.644
2013-12-02,238.111,NA,NA,NA,284.854
2013-12-03,243.47,NA,NA,NA,286.043
2013-12-04,246.188,NA,NA,NA,286.405
2013-12-05,244.974,NA,NA,NA,286.43
2013-12-06,244.323,NA,NA,NA,286.366
2013-12-07,242.818,NA,NA,NA,286.253
2013-12-08,241.229,NA,NA,NA,286.073
2013-12-09,239.266,NA,NA,NA,285.887
2013-12-10,237.134,NA,NA,NA,285.674
2013-12-11,234.953,NA,NA,NA,285.479
2013-12-12,232.807,NA,NA,NA,285.186
2013-12-13,230.491,NA,NA,NA,284.948
2013-12-14,228.029,NA,NA,NA,284.701
2013-12-15,225.512,NA,NA,NA,284.436
2013-12-16,223.102,NA,NA,NA,284.202
2013-12-17,220.578,NA,NA,NA,283.924
2013-12-18,218.027,NA,NA,NA,283.641
2013-12-19,215.395,NA,NA,NA,283.348
2013-12-20,213.279,NA,NA,NA,283.059
2013-12-21,212.627,NA,NA,NA,282.931
2013-12-22,212.464,NA,NA,NA,282.891
2013-12-23,212.085,NA,NA,NA,282.854
2013-12-24,212.275,NA,NA,NA,282.854
2013-12-25,211.65,NA,NA,NA,282.821
2013-12-26,210.728,NA,NA,NA,282.726
2013-12-27,209.512,NA,NA,NA,282.598
2013-12-28,209.149,NA,NA,NA,282.473
2013-12-29,208.346,NA,NA,NA,282.403
2013-12-30,207.486,NA,NA,NA,283.22
2013-12-31,206.482,NA,NA,NA,282.196
2014-01-01,205.369,NA,NA,NA,282.077
2014-01-02,204.233,NA,NA,NA,281.949
2014-01-03,203.171,NA,NA,NA,281.824
2014-01-04,202.006,NA,NA,NA,281.681
2014-01-05,200.685,NA,NA,NA,281.544
2014-01-06,199.429,NA,NA,NA,281.407
2014-01-07,198.27,NA,NA,NA,281.239
2014-01-08,198.689,NA,NA,NA,281.172
2014-01-09,203.197,NA,NA,NA,281.541
2014-01-10,209.537,NA,NA,NA,282.193
2014-01-11,215.504,NA,NA,NA,282.845
2014-01-12,225.314,NA,NA,NA,283.757
2014-01-13,236.595,NA,NA,NA,284.997
2014-01-14,242.903,NA,NA,NA,285.887
2014-01-15,246.898,NA,NA,NA,286.393
2014-01-16,249.533,NA,NA,NA,286.719
2014-01-17,418.85,NA,NA,NA,301.624
2014-01-18,257.141,NA,NA,NA,287.445
2014-01-19,260.295,NA,NA,NA,287.78
2014-01-20,263.04,NA,NA,NA,288.07
2014-01-21,265.476,NA,NA,NA,288.326
2014-01-22,266.154,NA,NA,NA,288.487
2014-01-23,266.586,NA,NA,NA,288.536
2014-01-24,266.678,NA,NA,NA,288.56
2014-01-25,266.586,NA,NA,NA,288.566
2014-01-26,266.401,NA,NA,NA,288.551
2014-01-27,266.123,NA,NA,NA,288.527
2014-01-28,266.062,NA,NA,NA,288.499
2014-01-29,273.802,NA,NA,NA,288.874
2014-01-30,280.701,NA,NA,NA,289.658
2014-01-31,282.426,NA,NA,NA,290.023
2014-02-01,282.595,NA,NA,NA,290.09
2014-02-02,282.223,NA,NA,NA,290.02
2014-02-03,281.547,NA,NA,NA,290.023
2014-02-04,280.497,NA,NA,NA,289.926
2014-02-05,279.009,NA,NA,NA,289.828
2014-02-06,276.708,NA,NA,NA,289.658
2014-02-07,273.617,NA,NA,NA,289.398
2014-02-08,271.551,NA,NA,NA,289.152
2014-02-09,274.34,NA,NA,NA,289.243
2014-02-10,276.37,NA,NA,NA,289.435
2014-02-11,284.963,NA,NA,NA,289.959
2014-02-12,326.341,NA,NA,NA,291.962
2014-02-13,361.312,NA,NA,NA,295.9
2014-02-14,391.342,NA,NA,NA,298.39
2014-02-15,409.477,NA,NA,NA,300.225
2014-02-16,420.518,NA,NA,NA,301.45
2014-02-17,418.85,NA,NA,NA,301.624
2014-02-18,419.764,NA,NA,NA,301.511
2014-02-19,420.876,NA,NA,NA,301.755
2014-02-20,415.553,NA,NA,NA,301.502
2014-02-21,407.372,NA,NA,NA,300.981
2014-02-22,396.804,NA,NA,NA,300.246
2014-02-23,384.526,NA,NA,NA,299.335
2014-02-24,374.434,NA,NA,NA,298.381
2014-02-25,369.522,NA,NA,NA,297.863
2014-02-26,364.085,NA,NA,NA,297.445
2014-02-27,360.098,NA,NA,NA,297.046
2014-02-28,355.982,NA,NA,NA,296.735
2014-03-01,352.012,NA,NA,NA,296.375
2014-03-02,354.107,NA,NA,NA,296.266
2014-03-03,361.864,NA,NA,NA,296.747
2014-03-04,366.635,NA,NA,NA,297.326
2014-03-05,371.96,NA,NA,NA,297.625
2014-03-06,382.434,NA,NA,NA,298.338
2014-03-07,399.903,NA,NA,NA,299.606
2014-03-08,404.353,NA,NA,NA,300.426
2014-03-09,420.081,NA,NA,NA,300.981
2014-03-10,438.267,NA,NA,NA,302.432
2014-03-11,442.629,NA,NA,NA,303.279
2014-03-12,438.144,NA,NA,NA,303.221
2014-03-13,428.071,NA,NA,NA,302.651
2014-03-14,416.825,NA,NA,NA,301.831
2014-03-15,404.314,NA,NA,NA,300.929
2014-03-16,391.072,NA,NA,NA,299.914
2014-03-17,381.147,NA,NA,NA,299.009
2014-03-18,373.085,NA,NA,NA,298.293
2014-03-19,369.223,NA,NA,NA,297.747
2014-03-20,369.671,NA,NA,NA,297.652
2014-03-21,372.222,NA,NA,NA,297.823
2014-03-22,374.359,NA,NA,NA,298.024
2014-03-23,375.746,NA,NA,NA,298.134
2014-03-24,376.759,NA,NA,NA,298.235
2014-03-25,377.884,NA,NA,NA,298.329
2014-03-26,379.647,NA,NA,NA,298.442
2014-03-27,386.114,NA,NA,NA,298.753
2014-03-28,399.051,NA,NA,NA,299.436
2014-03-29,415.911,NA,NA,NA,300.816
2014-03-30,425.968,NA,NA,NA,301.786
2014-03-31,432.319,NA,NA,NA,302.386
2014-04-01,436.648,NA,NA,NA,302.782
2014-04-02,439.723,NA,NA,NA,303.053
2014-04-03,441.963,NA,NA,NA,303.249
2014-04-04,444.131,NA,NA,NA,303.407
2014-04-05,448.049,NA,NA,NA,303.614
2014-04-06,456.055,NA,NA,NA,304.078
2014-04-07,461.266,NA,NA,NA,304.581
2014-04-08,462.903,NA,NA,NA,304.794
2014-04-09,463.581,NA,NA,NA,304.87
2014-04-10,463.666,NA,NA,NA,304.898
2014-04-11,463.157,NA,NA,NA,304.882
2014-04-12,462.184,NA,NA,NA,304.827
2014-04-13,460.891,NA,NA,NA,304.745
2014-04-14,459.556,NA,NA,NA,304.645
2014-04-15,458.306,NA,NA,NA,304.556
2014-04-16,456.805,NA,NA,NA,304.453
2014-04-17,456.055,NA,NA,NA,304.349
2014-04-18,457.221,NA,NA,NA,304.379
2014-04-19,458.264,NA,NA,NA,304.456
2014-04-20,458.472,NA,NA,NA,304.51
2014-04-21,458.306,NA,NA,NA,304.51
2014-04-22,459.139,NA,NA,NA,304.532
2014-04-23,463.157,NA,NA,NA,304.681
2014-04-24,463.172,NA,NA,NA,305.617
2014-04-25,490.594,NA,NA,NA,306.601
2014-04-26,494.019,NA,NA,NA,306.949
2014-04-27,497.532,NA,NA,NA,307.177
2014-04-28,500.43,NA,NA,NA,307.409
2014-04-29,502.142,NA,NA,NA,307.565
2014-04-30,503.065,NA,NA,NA,307.647
2014-05-01,503.679,NA,NA,NA,307.702
2014-05-02,503.592,NA,NA,NA,307.711
2014-05-03,502.67,NA,NA,NA,307.686
2014-05-04,502.451,NA,NA,NA,307.638
2014-05-05,503.679,NA,NA,NA,307.696
2014-05-06,504.163,NA,NA,NA,307.744
2014-05-07,504.163,NA,NA,NA,307.757
2014-05-08,504.909,NA,NA,NA,307.769
2014-05-09,504.909,NA,NA,NA,307.811
2014-05-10,505.48,NA,NA,NA,307.839
2014-05-11,505.436,NA,NA,NA,307.848
2014-05-12,505.348,NA,NA,NA,307.839
2014-05-13,505.616,NA,NA,NA,307.851
2014-05-14,505.57,NA,NA,NA,307.854
2014-05-15,505.393,NA,NA,NA,307.848
2014-05-16,505.48,NA,NA,NA,307.863
2014-05-17,505.48,NA,NA,NA,307.869
2014-05-18,506.382,NA,NA,NA,307.897
2014-05-19,507.552,NA,NA,NA,307.967
2014-05-20,508.004,NA,NA,NA,308.025
2014-05-21,508.004,NA,NA,NA,308.04
2014-05-22,507.778,NA,NA,NA,308.031
2014-05-23,507.058,NA,NA,NA,308.006
2014-05-24,506.472,NA,NA,NA,307.958
2014-05-25,505.706,NA,NA,NA,307.912
2014-05-26,504.777,NA,NA,NA,307.857
2014-05-27,503.856,NA,NA,NA,307.787
2014-05-28,503.065,NA,NA,NA,307.735
2014-05-29,502.012,NA,NA,NA,307.665
2014-05-30,501.308,NA,NA,NA,307.604
2014-05-31,500.43,NA,NA,NA,307.543
2014-06-01,499.332,NA,NA,NA,307.485
2014-06-02,497.928,NA,NA,NA,307.397
2014-06-03,495.951,NA,NA,NA,307.29
2014-06-04,493.756,NA,NA,NA,307.147
2014-06-05,491.56,NA,NA,NA,307.007
2014-06-06,489.188,NA,NA,NA,306.873
2014-06-07,486.95,NA,NA,NA,306.684
2014-06-08,484.578,NA,NA,NA,306.525
2014-06-09,482.166,NA,NA,NA,306.358
2014-06-10,479.747,NA,NA,NA,306.196
2014-06-11,477.286,NA,NA,NA,306.016
2014-06-12,474.911,NA,NA,NA,305.839
2014-06-13,473.086,NA,NA,NA,305.69
2014-06-14,470.965,NA,NA,NA,305.559
2014-06-15,468.673,NA,NA,NA,305.397
2014-06-16,466.551,NA,NA,NA,305.233
2014-06-17,464.981,NA,NA,NA,305.105
2014-06-18,463.072,NA,NA,NA,304.98
2014-06-19,461.016,NA,NA,NA,304.834
2014-06-20,459.306,NA,NA,NA,304.687
2014-06-21,457.638,NA,NA,NA,304.556
2014-06-22,455.93,NA,NA,NA,304.437
2014-06-23,454.095,NA,NA,NA,304.306
2014-06-24,452.26,NA,NA,NA,304.172
2014-06-25,450.134,NA,NA,NA,304.038
2014-06-26,448.634,NA,NA,NA,303.904
2014-06-27,448.8,NA,NA,NA,303.837
2014-06-28,449.051,NA,NA,NA,303.858
2014-06-29,448.759,NA,NA,NA,303.852
2014-06-30,448.009,NA,NA,NA,303.809
2014-07-01,447.049,NA,NA,NA,303.748
2014-07-02,445.965,NA,NA,NA,303.675
2014-07-03,444.84,NA,NA,NA,303.593
2014-07-04,443.922,NA,NA,NA,303.508
2014-07-05,442.922,NA,NA,NA,303.441
2014-07-06,441.796,NA,NA,NA,303.364
2014-07-07,440.694,NA,NA,NA,303.279
2014-07-08,438.712,NA,NA,NA,303.178
2014-07-09,436.203,NA,NA,NA,303.023
2014-07-10,433.937,NA,NA,NA,302.825
2014-07-11,432.4,NA,NA,NA,302.685
2014-07-12,430.782,NA,NA,NA,302.554
2014-07-13,429.244,NA,NA,NA,302.447
2014-07-14,427.747,NA,NA,NA,302.331
2014-07-15,426.17,NA,NA,NA,302.215
2014-07-16,424.632,NA,NA,NA,302.099
2014-07-17,422.933,NA,NA,NA,301.978
2014-07-18,421.354,NA,NA,NA,301.856
2014-07-19,419.605,NA,NA,NA,301.731
2014-07-20,417.897,NA,NA,NA,301.597
2014-07-21,416.229,NA,NA,NA,301.465
2014-07-22,414.56,NA,NA,NA,301.341
2014-07-23,413.131,NA,NA,NA,301.219
2014-07-24,411.542,NA,NA,NA,301.106
2014-07-25,409.835,NA,NA,NA,300.978
2014-07-26,408.03,NA,NA,NA,300.847
2014-07-27,406.259,NA,NA,NA,300.713
2014-07-28,404.573,NA,NA,NA,300.579
2014-07-29,402.853,NA,NA,NA,300.438
2014-07-30,401.057,NA,NA,NA,300.304
2014-07-31,399.202,NA,NA,NA,300.161
2014-08-01,397.236,NA,NA,NA,300.015
2014-08-02,395.357,NA,NA,NA,299.865
2014-08-03,393.486,NA,NA,NA,299.719
2014-08-04,391.622,NA,NA,NA,299.573
2014-08-05,389.807,NA,NA,NA,299.426
2014-08-06,387.883,NA,NA,NA,299.28
2014-08-07,385.966,NA,NA,NA,299.128
2014-08-08,383.984,NA,NA,NA,298.972
2014-08-09,382.16,NA,NA,NA,298.817
2014-08-10,380.21,NA,NA,NA,298.67
2014-08-11,378.495,NA,NA,NA,298.378
2014-08-12,376.597,NA,NA,NA,298.378
2014-08-13,374.634,NA,NA,NA,298.222
2014-08-14,372.716,NA,NA,NA,298.067
2014-08-15,370.769,NA,NA,NA,297.912
2014-08-16,368.907,NA,NA,NA,297.753
2014-08-17,367.053,NA,NA,NA,297.601
2014-08-18,365.208,NA,NA,NA,297.448
2014-08-19,363.37,NA,NA,NA,297.296
2014-08-20,361.458,NA,NA,NA,297.14
2014-08-21,359.515,NA,NA,NA,296.985
2014-08-22,357.544,NA,NA,NA,296.823
2014-08-23,355.547,NA,NA,NA,296.662
2014-08-24,353.559,NA,NA,NA,296.5
2014-08-25,351.691,NA,NA,NA,296.348
2014-08-26,349.687,NA,NA,NA,296.183
2014-08-27,347.655,NA,NA,NA,296.016
2014-08-28,345.097,NA,NA,NA,295.833
2014-08-29,342.975,NA,NA,NA,295.626
2014-08-30,341.078,NA,NA,NA,295.464
2014-08-31,339.117,NA,NA,NA,295.302
2014-09-01,336.432,NA,NA,NA,295.126
2014-09-02,333.658,NA,NA,NA,294.879
2014-09-03,329.823,NA,NA,NA,294.626
2014-09-04,326.849,NA,NA,NA,294.315
2014-09-05,323.296,NA,NA,NA,294.053
2014-09-06,319.814,NA,NA,NA,293.748
2014-09-07,316.644,NA,NA,NA,293.458
2014-09-08,313.674,NA,NA,NA,293.16
2014-09-09,309.911,NA,NA,NA,292.834
2014-09-10,306.088,NA,NA,NA,292.486
2014-09-11,303.008,NA,NA,NA,292.209
2014-09-12,299.823,NA,NA,NA,291.919
2014-09-13,296.506,NA,NA,NA,291.62
2014-09-14,293.319,NA,NA,NA,291.319
2014-09-15,290.066,NA,NA,NA,291.014
2014-09-16,286.847,NA,NA,NA,290.706
2014-09-17,283.723,NA,NA,NA,290.398
2014-09-18,280.566,NA,NA,NA,290.096
2014-09-19,277.596,NA,NA,NA,289.804
2014-09-20,274.594,NA,NA,NA,289.505
2014-09-21,271.394,NA,NA,NA,289.2
2014-09-22,268.31,NA,NA,NA,288.892
2014-09-23,264.981,NA,NA,NA,288.582
2014-09-24,262.235,NA,NA,NA,288.277
2014-09-25,259.152,NA,NA,NA,287.984
2014-09-26,256.162,NA,NA,NA,287.676
2014-09-27,253.053,NA,NA,NA,287.362
2014-09-28,249.917,NA,NA,NA,287.042
2014-09-29,246.719,NA,NA,NA,286.716
2014-09-30,243.848,NA,NA,NA,286.396
2014-10-01,243.937,NA,NA,NA,286.235
2014-10-02,243.612,NA,NA,NA,286.225
2014-10-03,243.642,NA,NA,NA,286.21
2014-10-04,243.701,NA,NA,NA,286.213
2014-10-05,243.701,NA,NA,NA,286.216
2014-10-06,243.729,NA,NA,NA,286.216
2014-10-07,243.729,NA,NA,NA,286.219
2014-10-08,243.729,NA,NA,NA,286.219
2014-10-09,242.162,NA,NA,NA,286.174
2014-10-10,238.907,NA,NA,NA,285.905
2014-10-11,235.91,NA,NA,NA,285.576
2014-10-12,233.125,NA,NA,NA,285.253
2014-10-13,229.75,NA,NA,NA,284.921
2014-10-14,227.103,NA,NA,NA,284.607
2014-10-15,224.544,NA,NA,NA,284.324
2014-10-16,222.556,NA,NA,NA,284.128
2014-10-17,220.74,NA,NA,NA,283.906
2014-10-18,218.731,NA,NA,NA,283.696
2014-10-19,216.694,NA,NA,NA,283.467
2014-10-20,214.767,NA,NA,NA,283.245
2014-10-21,213.575,NA,NA,NA,283.071
2014-10-22,213.466,NA,NA,NA,282.97
2014-10-23,217.155,NA,NA,NA,283.211
2014-10-24,217.618,NA,NA,NA,283.464
2014-10-25,217.155,NA,NA,NA,283.434
2014-10-26,219.923,NA,NA,NA,283.543
2014-10-27,220.958,NA,NA,NA,283.799
2014-10-28,219.706,NA,NA,NA,283.808
2014-10-29,212.844,NA,NA,NA,283.229
2014-10-30,205.421,NA,NA,NA,282.403
2014-10-31,201.718,NA,NA,NA,281.763
2014-11-01,195.805,NA,NA,NA,281.221
2014-11-02,192.8,NA,NA,NA,280.748
2014-11-03,193.267,NA,NA,NA,280.639
2014-11-04,196.558,NA,NA,NA,280.834
2014-11-05,199.279,NA,NA,NA,281.279
2014-11-06,199.984,NA,NA,NA,281.443
2014-11-07,198.143,NA,NA,NA,281.324
2014-11-08,195.494,NA,NA,NA,281.047
2014-11-09,192.388,NA,NA,NA,280.696
2014-11-10,189.164,NA,NA,NA,280.315
2014-11-11,185.684,NA,NA,NA,279.892
2014-11-12,181.714,NA,NA,NA,279.453
2014-11-13,180.612,NA,NA,NA,279.029
2014-11-14,188.669,NA,NA,NA,279.657
2014-11-15,190.495,NA,NA,NA,280.248
2014-11-16,190.299,NA,NA,NA,280.297
2014-11-17,188.743,NA,NA,NA,280.172
2014-11-18,186.45,NA,NA,NA,279.919
2014-11-19,183.908,NA,NA,NA,279.617
2014-11-20,181.667,NA,NA,NA,279.325
2014-11-21,180.892,NA,NA,NA,279.063
2014-11-22,193.318,NA,NA,NA,280.078
2014-11-23,198.143,NA,NA,NA,281.004
2014-11-24,201.927,NA,NA,NA,281.486
2014-11-25,202.394,NA,NA,NA,281.657
2014-11-26,202.082,NA,NA,NA,281.708
2014-11-27,200.707,NA,NA,NA,281.538
2014-11-28,209.509,NA,NA,NA,281.891
2014-11-29,223.344,NA,NA,NA,283.565
2014-11-30,226.162,NA,NA,NA,284.284
2014-12-01,225.367,NA,NA,NA,284.345
2014-12-02,224.629,NA,NA,NA,284.244
2014-12-03,222.094,NA,NA,NA,284.061
2014-12-04,220.276,NA,NA,NA,283.79
2014-12-05,219.788,NA,NA,NA,283.714
2014-12-06,219.272,NA,NA,NA,283.644
2014-12-07,217.21,NA,NA,NA,283.501
2014-12-08,214.008,NA,NA,NA,283.196
2014-12-09,210.294,NA,NA,NA,282.79
2014-12-10,206.831,NA,NA,NA,282.37
2014-12-11,204.074,NA,NA,NA,282.041
2014-12-12,202.056,NA,NA,NA,281.766
2014-12-13,200.19,NA,NA,NA,281.559
2014-12-14,198.192,NA,NA,NA,281.321
2014-12-15,195.727,NA,NA,NA,281.05
2014-12-16,195.546,NA,NA,NA,280.876
2014-12-17,195.081,NA,NA,NA,280.834
2014-12-18,194.591,NA,NA,NA,280.776
2014-12-19,194.226,NA,NA,NA,280.754
2014-12-20,202.574,NA,NA,NA,280.712
2014-12-21,251.098,NA,NA,NA,284.86
2014-12-22,282.156,NA,NA,NA,288.95
2014-12-23,297.029,NA,NA,NA,290.941
2014-12-24,301.247,NA,NA,NA,291.837
2014-12-25,297.226,NA,NA,NA,291.703
2014-12-26,289.139,NA,NA,NA,291.114
2014-12-27,276.797,NA,NA,NA,290.142
2014-12-28,265.011,NA,NA,NA,288.929
2014-12-29,252.137,NA,NA,NA,287.676
2014-12-30,237.758,NA,NA,NA,286.262
2014-12-31,222.8,NA,NA,NA,284.692
2015-01-01,207.775,NA,NA,NA,283.016
2015-01-02,196.116,NA,NA,NA,281.37
2015-01-03,193.396,NA,NA,NA,280.809
2015-01-04,193.137,NA,NA,NA,280.617
2015-01-05,193.914,NA,NA,NA,280.626
2015-01-06,196.558,NA,NA,NA,280.864
2015-01-07,197.872,NA,NA,NA,281.074
2015-01-08,198.958,NA,NA,NA,281.218
2015-01-09,200.112,NA,NA,NA,281.343
2015-01-10,200.94,NA,NA,NA,281.455
2015-01-11,201.225,NA,NA,NA,281.516
2015-01-12,201.458,NA,NA,NA,281.55
2015-01-13,201.51,NA,NA,NA,281.562
2015-01-14,201.355,NA,NA,NA,281.553
2015-01-15,200.914,NA,NA,NA,281.516
2015-01-16,203.712,NA,NA,NA,282.571
2015-01-17,213.142,NA,NA,NA,282.187
2015-01-18,230.646,NA,NA,NA,284.095
2015-01-19,239.173,NA,NA,NA,285.384
2015-01-20,243.499,NA,NA,NA,286.073
2015-01-21,240.889,NA,NA,NA,286.046
2015-01-22,237.188,NA,NA,NA,285.707
2015-01-23,233.002,NA,NA,NA,285.268
2015-01-24,228.052,NA,NA,NA,284.772
2015-01-25,222.827,NA,NA,NA,284.223
2015-01-26,217.427,NA,NA,NA,283.632
2015-01-27,211.972,NA,NA,NA,283.004
2015-01-28,209.794,NA,NA,NA,282.675
2015-01-29,209.613,NA,NA,NA,282.513
2015-01-30,208.11,NA,NA,NA,282.425
2015-01-31,208.318,NA,NA,NA,282.33
2015-02-01,208.472,NA,NA,NA,282.351
2015-02-02,209.535,NA,NA,NA,282.419
2015-02-03,210.725,NA,NA,NA,282.559
2015-02-04,212.027,NA,NA,NA,282.705
2015-02-05,213.169,NA,NA,NA,282.836
2015-02-06,215.91,NA,NA,NA,283.007
2015-02-07,225.509,NA,NA,NA,283.705
2015-02-08,233.421,NA,NA,NA,284.799
2015-02-09,240.537,NA,NA,NA,285.457
2015-02-10,256.753,NA,NA,NA,286.914
2015-02-11,265.134,NA,NA,NA,288.076
2015-02-12,270.222,NA,NA,NA,288.707
2015-02-13,273.709,NA,NA,NA,289.112
2015-02-14,277.474,NA,NA,NA,289.459
2015-02-15,280.691,NA,NA,NA,289.801
2015-02-16,283.503,NA,NA,NA,290.093
2015-02-17,285.897,NA,NA,NA,290.34
2015-02-18,288.182,NA,NA,NA,290.563
2015-02-19,290.131,NA,NA,NA,290.767
2015-02-20,291.962,NA,NA,NA,290.944
2015-02-21,293.676,NA,NA,NA,291.111
2015-02-22,295.136,NA,NA,NA,291.258
2015-02-23,296.538,NA,NA,NA,291.392
2015-02-24,297.848,NA,NA,NA,291.52
2015-02-25,299.066,NA,NA,NA,291.636
2015-02-26,300.451,NA,NA,NA,291.755
2015-02-27,302.675,NA,NA,NA,291.91
2015-02-28,304.377,NA,NA,NA,292.105
2015-03-01,305.753,NA,NA,NA,292.242
2015-03-02,304.612,NA,NA,NA,292.315
2015-03-03,303.241,NA,NA,NA,292.108
2015-03-04,302.742,NA,NA,NA,292.023
2015-03-05,302.575,NA,NA,NA,291.998
2015-03-06,302.375,NA,NA,NA,291.983
2015-03-07,302.142,NA,NA,NA,291.962
2015-03-08,301.844,NA,NA,NA,291.931
2015-03-09,301.445,NA,NA,NA,291.901
2015-03-10,301.08,NA,NA,NA,291.867
2015-03-11,300.848,NA,NA,NA,291.837
2015-03-12,300.75,NA,NA,NA,291.822
2015-03-13,300.419,NA,NA,NA,291.803
2015-03-14,301.345,NA,NA,NA,291.809
2015-03-15,306.695,NA,NA,NA,292.126
2015-03-16,311.821,NA,NA,NA,292.642
2015-03-17,315.052,NA,NA,NA,293.001
2015-03-18,317.547,NA,NA,NA,293.248
2015-03-19,319.675,NA,NA,NA,293.449
2015-03-20,321.639,NA,NA,NA,293.617
2015-03-21,322.449,NA,NA,NA,293.724
2015-03-22,323.12,NA,NA,NA,293.785
2015-03-23,324.5,NA,NA,NA,293.87
2015-03-24,330.183,NA,NA,NA,294.205
2015-03-25,335.225,NA,NA,NA,294.656
2015-03-26,339.523,NA,NA,NA,295.052
2015-03-27,342.602,NA,NA,NA,295.342
2015-03-28,345.852,NA,NA,NA,295.601
2015-03-29,348.887,NA,NA,NA,295.872
2015-03-30,350.414,NA,NA,NA,296.046
2015-03-31,352.569,NA,NA,NA,296.202
2015-04-01,355.731,NA,NA,NA,296.436
2015-04-02,358.696,NA,NA,NA,296.692
2015-04-03,361.421,NA,NA,NA,296.924
2015-04-04,364.031,NA,NA,NA,297.143
2015-04-05,366.462,NA,NA,NA,297.348
2015-04-06,368.016,NA,NA,NA,297.506
2015-04-07,369.503,NA,NA,NA,297.631
2015-04-08,370.957,NA,NA,NA,297.747
2015-04-09,372.341,NA,NA,NA,297.866
2015-04-10,373.542,NA,NA,NA,297.969
2015-04-11,375.387,NA,NA,NA,298.088
2015-04-12,377.318,NA,NA,NA,298.247
2015-04-13,379.18,NA,NA,NA,298.396
2015-04-14,381.971,NA,NA,NA,298.594
2015-04-15,384.63,NA,NA,NA,298.811
2015-04-16,387.192,NA,NA,NA,299.018
2015-04-17,389.613,NA,NA,NA,299.219
2015-04-18,391.933,NA,NA,NA,299.432
2015-04-19,393.291,NA,NA,NA,299.542
2015-04-20,394.382,NA,NA,NA,299.64
2015-04-21,395.357,NA,NA,NA,299.719
2015-04-22,396.021,NA,NA,NA,299.78
2015-04-23,396.727,NA,NA,NA,299.832
2015-04-24,396.844,NA,NA,NA,299.85
2015-04-25,397.551,NA,NA,NA,299.899
2015-04-26,398.257,NA,NA,NA,299.954
2015-04-27,398.73,NA,NA,NA,299.984
2015-04-28,398.965,NA,NA,NA,300.024
2015-04-29,397.197,NA,NA,NA,300.009
2015-04-30,394.265,NA,NA,NA,299.81
2015-05-01,391.159,NA,NA,NA,299.576
2015-05-02,388.036,NA,NA,NA,299.335
2015-05-03,384.783,NA,NA,NA,299.082
2015-05-04,381.472,NA,NA,NA,298.817
2015-05-05,378.723,NA,NA,NA,298.579
2015-05-06,375.426,NA,NA,NA,298.332
2015-05-07,372.041,NA,NA,NA,298.061
2015-05-08,368.572,NA,NA,NA,297.78
2015-05-09,366.905,NA,NA,NA,297.527
2015-05-10,365.391,NA,NA,NA,297.436
2015-05-11,365.282,NA,NA,NA,297.338
2015-05-12,365.576,NA,NA,NA,297.354
2015-05-13,364.913,NA,NA,NA,297.357
2015-05-14,364.215,NA,NA,NA,297.299
2015-05-15,364.141,NA,NA,NA,297.244
2015-05-16,363.444,NA,NA,NA,297.232
2015-05-17,363.407,NA,NA,NA,297.183
2015-05-18,362.658,NA,NA,NA,297.168
2015-05-19,362.132,NA,NA,NA,297.119
2015-05-20,361.458,NA,NA,NA,297.067
2015-05-21,360.897,NA,NA,NA,297.018
2015-05-22,361.796,NA,NA,NA,297.022
2015-05-23,361.833,NA,NA,NA,297.082
2015-05-24,362.245,NA,NA,NA,297.079
2015-05-25,361.908,NA,NA,NA,297.098
2015-05-26,361.383,NA,NA,NA,297.055
2015-05-27,360.897,NA,NA,NA,297.015
2015-05-28,360.337,NA,NA,NA,296.97
2015-05-29,359.664,NA,NA,NA,296.924
2015-05-30,359.03,NA,NA,NA,296.863
2015-05-31,358.249,NA,NA,NA,296.814
2015-06-01,357.656,NA,NA,NA,296.756
2015-06-02,357.026,NA,NA,NA,296.705
2015-06-03,356.508,NA,NA,NA,296.659
2015-06-04,355.879,NA,NA,NA,296.61
2015-06-05,355.473,NA,NA,NA,296.57
2015-06-06,354.772,NA,NA,NA,296.525
2015-06-07,354,NA,NA,NA,296.461
2015-06-08,353.118,NA,NA,NA,296.394
2015-06-09,352.239,NA,NA,NA,296.317
2015-06-10,351.252,NA,NA,NA,296.241
2015-06-11,350.086,NA,NA,NA,296.153
2015-06-12,348.887,NA,NA,NA,296.052
2015-06-13,347.692,NA,NA,NA,295.958
2015-06-14,346.536,NA,NA,NA,295.854
2015-06-15,345.311,NA,NA,NA,295.754
2015-06-16,344.057,NA,NA,NA,295.65
2015-06-17,342.788,NA,NA,NA,295.546
2015-06-18,341.412,NA,NA,NA,295.437
2015-06-19,340.078,NA,NA,NA,295.327
2015-06-20,338.711,NA,NA,NA,295.217
2015-06-21,337.24,NA,NA,NA,295.104
2015-06-22,335.737,NA,NA,NA,294.976
2015-06-23,334.24,NA,NA,NA,294.867
2015-06-24,332.787,NA,NA,NA,294.745
2015-06-25,330.904,NA,NA,NA,294.617
2015-06-26,329.355,NA,NA,NA,294.467
2015-06-27,327.956,NA,NA,NA,294.342
2015-06-28,326.491,NA,NA,NA,294.217
2015-06-29,324.962,NA,NA,NA,294.089
2015-06-30,323.544,NA,NA,NA,293.961
2015-07-01,322.096,NA,NA,NA,293.839
2015-07-02,320.655,NA,NA,NA,293.717
2015-07-03,319.185,NA,NA,NA,293.589
2015-07-04,317.825,NA,NA,NA,293.461
2015-07-05,316.332,NA,NA,NA,293.34
2015-07-06,314.879,NA,NA,NA,293.208
2015-07-07,313.432,NA,NA,NA,293.083
2015-07-08,311.993,NA,NA,NA,292.952
2015-07-09,310.421,NA,NA,NA,292.824
2015-07-10,309.266,NA,NA,NA,292.706
2015-07-11,307.809,NA,NA,NA,292.581
2015-07-12,306.459,NA,NA,NA,292.453
2015-07-13,304.98,NA,NA,NA,292.325
2015-07-14,303.575,NA,NA,NA,292.193
2015-07-15,302.109,NA,NA,NA,292.065
2015-07-16,300.518,NA,NA,NA,291.928
2015-07-17,299.066,NA,NA,NA,291.758
2015-07-18,297.652,NA,NA,NA,291.623
2015-07-19,296.18,NA,NA,NA,291.489
2015-07-20,294.746,NA,NA,NA,291.355
2015-07-21,293.222,NA,NA,NA,291.215
2015-07-22,291.737,NA,NA,NA,291.078
2015-07-23,290.227,NA,NA,NA,290.935
2015-07-24,288.787,NA,NA,NA,290.825
2015-07-25,287.323,NA,NA,NA,290.685
2015-07-26,285.897,NA,NA,NA,290.545
2015-07-27,284.415,NA,NA,NA,290.407
2015-07-28,283.001,NA,NA,NA,290.264
2015-07-29,281.532,NA,NA,NA,290.124
2015-07-30,280.007,NA,NA,NA,289.978
2015-07-31,278.49,NA,NA,NA,289.828
2015-08-01,276.951,NA,NA,NA,289.679
2015-08-02,275.479,NA,NA,NA,289.53
2015-08-03,274.046,NA,NA,NA,289.386
2015-08-04,272.472,NA,NA,NA,289.24
2015-08-05,270.963,NA,NA,NA,289.085
2015-08-06,269.419,NA,NA,NA,288.935
2015-08-07,267.665,NA,NA,NA,288.768
2015-08-08,265.873,NA,NA,NA,288.597
2015-08-09,264.116,NA,NA,NA,288.42
2015-08-10,262.45,NA,NA,NA,288.252
2015-08-11,260.723,NA,NA,NA,288.085
2015-08-12,259.152,NA,NA,NA,287.917
2015-08-13,257.581,NA,NA,NA,287.759
2015-08-14,256.132,NA,NA,NA,287.606
2015-08-15,254.741,NA,NA,NA,287.46
2015-08-16,253.231,NA,NA,NA,287.311
2015-08-17,251.721,NA,NA,NA,287.155
2015-08-18,250.182,NA,NA,NA,287
2015-08-19,248.582,NA,NA,NA,286.841
2015-08-20,247.014,NA,NA,NA,286.677
2015-08-21,245.444,NA,NA,NA,286.515
2015-08-22,243.877,NA,NA,NA,286.354
2015-08-23,242.304,NA,NA,NA,286.189
2015-08-24,240.716,NA,NA,NA,286.021
2015-08-25,239.114,NA,NA,NA,285.851
2015-08-26,237.415,NA,NA,NA,285.683
2015-08-27,235.882,NA,NA,NA,285.509
2015-08-28,234.482,NA,NA,NA,285.348
2015-08-29,233.249,NA,NA,NA,285.195
2015-08-30,232.092,NA,NA,NA,285.049
2015-08-31,230.614,NA,NA,NA,284.915
2015-09-01,229.031,NA,NA,NA,284.769
2015-09-02,227.672,NA,NA,NA,284.616
2015-09-03,226.249,NA,NA,NA,284.461
2015-09-04,224.714,NA,NA,NA,284.339
2015-09-05,223.235,NA,NA,NA,284.138
2015-09-06,221.823,NA,NA,NA,283.976
2015-09-07,220.332,NA,NA,NA,283.815
2015-09-08,218.812,NA,NA,NA,283.644
2015-09-09,217.264,NA,NA,NA,283.473
2015-09-10,215.721,NA,NA,NA,283.296
2015-09-11,214.089,NA,NA,NA,283.12
2015-09-12,212.545,NA,NA,NA,282.943
2015-09-13,210.914,NA,NA,NA,282.766
2015-09-14,209.378,NA,NA,NA,282.583
2015-09-15,207.852,NA,NA,NA,282.406
2015-09-16,206.316,NA,NA,NA,282.23
2015-09-17,205.53,NA,NA,NA,282.089
2015-09-18,204.517,NA,NA,NA,282.004
2015-09-19,203.789,NA,NA,NA,281.885
2015-09-20,202.317,NA,NA,NA,281.769
2015-09-21,200.888,NA,NA,NA,281.596
2015-09-22,199.403,NA,NA,NA,281.425
2015-09-23,197.922,NA,NA,NA,281.242
2015-09-24,196.868,NA,NA,NA,281.068
2015-09-25,195.779,NA,NA,NA,280.943
2015-09-26,194.771,NA,NA,NA,280.821
2015-09-27,193.681,NA,NA,NA,280.696
2015-09-28,192.646,NA,NA,NA,280.571
2015-09-29,191.557,NA,NA,NA,280.446
2015-09-30,190.544,NA,NA,NA,280.318
2015-10-01,190.544,NA,NA,NA,280.23
2015-10-02,189.512,NA,NA,NA,280.102
2015-10-03,188.719,NA,NA,NA,280.005
2015-10-04,187.929,NA,NA,NA,279.907
2015-10-05,187.144,NA,NA,NA,279.809
2015-10-06,186.276,NA,NA,NA,279.703
2015-10-07,184.205,NA,NA,NA,279.447
2015-10-08,182.091,NA,NA,NA,279.185
2015-10-09,180.284,NA,NA,NA,278.95
2015-10-10,178.16,NA,NA,NA,278.685
2015-10-11,176.222,NA,NA,NA,278.438
2015-10-12,174.254,NA,NA,NA,278.182
2015-10-13,172.239,NA,NA,NA,277.92
2015-10-14,170.178,NA,NA,NA,277.651
2015-10-15,168.116,NA,NA,NA,277.383
2015-10-16,166.157,NA,NA,NA,277.13
2015-10-17,164.454,NA,NA,NA,276.899
2015-10-18,162.79,NA,NA,NA,276.67
2015-10-19,161.074,NA,NA,NA,276.435
2015-10-20,159.501,NA,NA,NA,276.231
2015-10-21,157.803,NA,NA,NA,276.002
2015-10-22,156.104,NA,NA,NA,275.765
2015-10-23,NA,NA,NA,NA,275.53
2015-10-24,NA,NA,NA,NA,275.292
2015-10-25,NA,NA,NA,NA,275.055
2015-10-26,NA,NA,NA,NA,274.823
2015-10-27,NA,NA,NA,NA,274.607
2015-10-28,NA,NA,NA,NA,274.381
2015-10-29,NA,NA,NA,NA,274.186
2015-10-30,NA,NA,NA,NA,274.049
2015-10-31,NA,NA,NA,NA,274.152
2015-11-01,NA,NA,NA,NA,275.426
2015-11-02,162.611,NA,NA,NA,276.646
2015-11-03,166.637,NA,NA,NA,277.191
2015-11-04,169.11,NA,NA,NA,277.514
2015-11-05,170.647,NA,NA,NA,277.712
2015-11-06,171.793,NA,NA,NA,277.862
2015-11-07,172.617,NA,NA,NA,277.968
2015-11-08,172.545,NA,NA,NA,277.959
2015-11-09,174.878,NA,NA,NA,278.261
2015-11-10,177.742,NA,NA,NA,278.633
2015-11-11,178.58,NA,NA,NA,278.737
2015-11-12,180.028,NA,NA,NA,278.916
2015-11-13,180.916,NA,NA,NA,279.032
2015-11-14,184.107,NA,NA,NA,279.435
2015-11-15,186.549,NA,NA,NA,279.736
2015-11-16,188.102,NA,NA,NA,279.928
2015-11-17,190.914,NA,NA,NA,280.276
2015-11-18,208.266,NA,NA,NA,282.324
2015-11-19,222.149,NA,NA,NA,283.894
2015-11-20,242.374,NA,NA,NA,286.076
2015-11-21,251.098,NA,NA,NA,286.978
2015-11-22,258.042,NA,NA,NA,287.695
2015-11-23,261.25,NA,NA,NA,288.012
2015-11-24,264.379,NA,NA,NA,288.319
2015-11-25,267.712,NA,NA,NA,288.649
2015-11-26,269.528,NA,NA,NA,288.832
2015-11-27,267.325,NA,NA,NA,288.612
2015-11-28,264.551,NA,NA,NA,288.338
2015-11-29,261.59,NA,NA,NA,288.045
2015-11-30,258.384,NA,NA,NA,287.728
2015-12-01,255.245,NA,NA,NA,287.405
2015-12-02,252.196,NA,NA,NA,287.091
2015-12-03,250.817,NA,NA,NA,286.948
2015-12-04,249.027,NA,NA,NA,286.765
2015-12-05,246.573,NA,NA,NA,286.512
2015-12-06,242.844,NA,NA,NA,286.125
2015-12-07,242.844,NA,NA,NA,286.125
2015-12-08,242.36,NA,NA,NA,286.073
2015-12-09,274.411,NA,NA,NA,289.313
2015-12-10,283.001,NA,NA,NA,290.16
2015-12-11,284.352,NA,NA,NA,290.292
2015-12-12,282.875,NA,NA,NA,290.148
2015-12-13,289.97,NA,NA,NA,290.831
2015-12-14,298.144,NA,NA,NA,291.599
2015-12-15,295.267,NA,NA,NA,291.331
2015-12-16,288.564,NA,NA,NA,290.697
2015-12-17,280.24,NA,NA,NA,289.892
2015-12-18,302.309,NA,NA,NA,291.983
2015-12-19,322.379,NA,NA,NA,293.769
2015-12-20,323.438,NA,NA,NA,293.861
2015-12-21,323.509,NA,NA,NA,293.867
2015-12-22,329.104,NA,NA,NA,294.345
2015-12-23,328.78,NA,NA,NA,294.318
2015-12-24,320.743,NA,NA,NA,293.629
2015-12-25,310.013,NA,NA,NA,292.681
2015-12-26,297.7,NA,NA,NA,291.559
2015-12-27,283.582,NA,NA,NA,290.215
2015-12-28,266.923,NA,NA,NA,288.572
2015-12-29,253.157,NA,NA,NA,287.192
2015-12-30,246.513,NA,NA,NA,286.506
2015-12-31,241.34,NA,NA,NA,285.963
2016-01-01,237.502,NA,NA,NA,285.564
2016-01-02,233.89,NA,NA,NA,285.159
2016-01-03,229.718,NA,NA,NA,284.723
2016-01-04,225.65,NA,NA,NA,284.278
2016-01-05,221.716,NA,NA,NA,283.845
2016-01-06,218.08,NA,NA,NA,283.437
2016-01-07,214.822,NA,NA,NA,283.071
2016-01-08,212.612,NA,NA,NA,282.821
2016-01-09,210.725,NA,NA,NA,282.611
2016-01-10,208.744,NA,NA,NA,282.382
2016-01-11,206.763,NA,NA,NA,282.153
2016-01-12,204.975,NA,NA,NA,281.949
2016-01-13,206.098,NA,NA,NA,282.077
2016-01-14,209.977,NA,NA,NA,282.525
2016-01-15,210.292,NA,NA,NA,282.562
2016-01-16,210.133,NA,NA,NA,282.544
2016-01-17,212.899,NA,NA,NA,282.854
2016-01-18,219.015,NA,NA,NA,283.54
2016-01-19,223.562,NA,NA,NA,284.052
2016-01-20,229.431,NA,NA,NA,284.695
2016-01-21,234.47,NA,NA,NA,285.229
2016-01-22,235.458,NA,NA,NA,285.345
2016-01-23,235.656,NA,NA,NA,285.366
2016-01-24,234.631,NA,NA,NA,285.25
2016-01-25,233.051,NA,NA,NA,285.055
2016-01-26,230.134,NA,NA,NA,284.762
2016-01-27,226.534,NA,NA,NA,284.372
2016-01-28,222.8,NA,NA,NA,283.967
2016-01-29,225.211,NA,NA,NA,284.229
2016-01-30,228.569,NA,NA,NA,284.601
2016-01-31,229.431,NA,NA,NA,284.695
2016-02-01,227.645,NA,NA,NA,284.497
2016-02-02,224.148,NA,NA,NA,284.116
2016-02-03,222.556,NA,NA,NA,283.939
2016-02-04,224.148,NA,NA,NA,284.116
2016-02-05,231.335,NA,NA,NA,284.875
2016-02-06,235.6,NA,NA,NA,285.36
2016-02-07,241.651,NA,NA,NA,285.997
2016-02-08,246.602,NA,NA,NA,286.515
2016-02-09,252.759,NA,NA,NA,287.149
2016-02-10,257.79,NA,NA,NA,287.667
2016-02-11,262.974,NA,NA,NA,288.182
2016-02-12,267.911,NA,NA,NA,288.67
2016-02-13,273.059,NA,NA,NA,289.179
2016-02-14,278.985,NA,NA,NA,289.767
2016-02-15,295.088,NA,NA,NA,291.313
2016-02-16,306.695,NA,NA,NA,292.382
2016-02-17,314.81,NA,NA,NA,293.108
2016-02-18,319.675,NA,NA,NA,293.535
2016-02-19,323.243,NA,NA,NA,293.842
2016-02-20,327.241,NA,NA,NA,294.187
2016-02-21,330.02,NA,NA,NA,294.425
2016-02-22,334.131,NA,NA,NA,294.769
2016-02-23,337.552,NA,NA,NA,295.052
2016-02-24,340.226,NA,NA,NA,295.275
2016-02-25,342.192,NA,NA,NA,295.437
2016-02-26,343.385,NA,NA,NA,295.534
2016-02-27,344.245,NA,NA,NA,295.604
2016-02-28,347.945,NA,NA,NA,295.915
2016-02-29,350.723,NA,NA,NA,296.15
2016-03-01,353.118,NA,NA,NA,296.348
2016-03-02,355.768,NA,NA,NA,296.567
2016-03-03,358.175,NA,NA,NA,296.765
2016-03-04,358.064,NA,NA,NA,296.756
2016-03-05,354.956,NA,NA,NA,296.5
2016-03-06,352.02,NA,NA,NA,296.256
2016-03-07,350.159,NA,NA,NA,296.101
2016-03-08,348.616,NA,NA,NA,295.97
2016-03-09,348.308,NA,NA,NA,295.946
2016-03-10,350.268,NA,NA,NA,296.11
2016-03-11,354.294,NA,NA,NA,296.445
2016-03-12,358.714,NA,NA,NA,296.808
2016-03-13,364.03,NA,NA,NA,297.244
2016-03-14,373.693,NA,NA,NA,298.036
2016-03-15,381.971,NA,NA,NA,298.701
2016-03-16,389.247,NA,NA,NA,299.28
2016-03-17,396.923,NA,NA,NA,299.884
2016-03-18,400.089,NA,NA,NA,300.127
2016-03-19,398.611,NA,NA,NA,300.015
2016-03-20,396.1,NA,NA,NA,299.82
2016-03-21,394.147,NA,NA,NA,299.667
2016-03-22,394.187,NA,NA,NA,299.67
2016-03-23,398.257,NA,NA,NA,299.987
2016-03-24,402.366,NA,NA,NA,300.304
2016-03-25,407.754,NA,NA,NA,300.725
2016-03-26,411.356,NA,NA,NA,301.002
2016-03-27,413.805,NA,NA,NA,301.188
2016-03-28,416.971,NA,NA,NA,301.432
2016-03-29,420.017,NA,NA,NA,301.661
2016-03-30,422.186,NA,NA,NA,301.825
2016-03-31,423.597,NA,NA,NA,301.935
2016-04-01,424.653,NA,NA,NA,302.014
2016-04-02,427.094,NA,NA,NA,302.2
2016-04-03,428.982,NA,NA,NA,302.343
2016-04-04,431.242,NA,NA,NA,302.514
2016-04-05,434.164,NA,NA,NA,302.733
2016-04-06,436.284,NA,NA,NA,302.892
2016-04-07,437.779,NA,NA,NA,303.005
2016-04-08,439.463,NA,NA,NA,303.127
2016-04-09,440.389,NA,NA,NA,303.197
2016-04-10,439.977,NA,NA,NA,303.166
2016-04-11,439.319,NA,NA,NA,303.118
2016-04-12,438.457,NA,NA,NA,303.053
2016-04-13,438.026,NA,NA,NA,303.02
2016-04-14,438.333,NA,NA,NA,303.044
2016-04-15,442.076,NA,NA,NA,303.322
2016-04-16,446.449,NA,NA,NA,303.648
2016-04-17,449.988,NA,NA,NA,303.907
2016-04-18,452.571,NA,NA,NA,304.096
2016-04-19,454.118,NA,NA,NA,304.209
2016-04-20,455.041,NA,NA,NA,304.276
2016-04-21,456.048,NA,NA,NA,304.349
2016-04-22,456.511,NA,NA,NA,304.382
2016-04-23,453.072,NA,NA,NA,304.132
2016-04-24,450.488,NA,NA,NA,303.944
2016-04-25,449.656,NA,NA,NA,303.883
2016-04-26,447.399,NA,NA,NA,303.718
2016-04-27,445.481,NA,NA,NA,303.575
2016-04-28,444.863,NA,NA,NA,303.529
2016-04-29,445.358,NA,NA,NA,303.566
2016-04-30,445.481,NA,NA,NA,303.575
2016-05-01,446.036,NA,NA,NA,303.617
2016-05-02,446.388,NA,NA,NA,303.642
2016-05-03,446.717,NA,NA,NA,303.666
2016-05-04,446.388,NA,NA,NA,303.642
2016-05-05,446.017,NA,NA,NA,303.614
2016-05-06,445.439,NA,NA,NA,303.572
2016-05-07,444.452,NA,NA,NA,303.499
2016-05-08,443.385,NA,NA,NA,303.419
2016-05-09,442.24,NA,NA,NA,303.334
2016-05-10,441.009,NA,NA,NA,303.242
2016-05-11,439.648,NA,NA,NA,303.142
2016-05-12,438.046,NA,NA,NA,303.023
2016-05-13,436.325,NA,NA,NA,302.895
2016-05-14,434.49,NA,NA,NA,302.758
2016-05-15,432.701,NA,NA,NA,302.624
2016-05-16,430.919,NA,NA,NA,302.49
2016-05-17,429.788,NA,NA,NA,302.404
2016-05-18,428.579,NA,NA,NA,302.313
2016-05-19,427.094,NA,NA,NA,302.2
2016-05-20,426.012,NA,NA,NA,302.118
2016-05-21,425.211,NA,NA,NA,302.057
2016-05-22,424.593,NA,NA,NA,302.011
2016-05-23,424.214,NA,NA,NA,301.981
2016-05-24,424.015,NA,NA,NA,301.965
2016-05-25,423.815,NA,NA,NA,301.95
2016-05-26,423.298,NA,NA,NA,301.91
2016-05-27,422.781,NA,NA,NA,301.871
2016-05-28,421.907,NA,NA,NA,301.804
2016-05-29,420.99,NA,NA,NA,301.734
2016-05-30,420.017,NA,NA,NA,301.661
2016-05-31,418.966,NA,NA,NA,301.581
2016-06-01,417.797,NA,NA,NA,301.493
2016-06-02,416.589,NA,NA,NA,301.401
2016-06-03,415.506,NA,NA,NA,301.319
2016-06-04,414.105,NA,NA,NA,301.213
2016-06-05,412.629,NA,NA,NA,301.1
2016-06-06,411.118,NA,NA,NA,300.984
2016-06-07,409.492,NA,NA,NA,300.859
2016-06-08,407.714,NA,NA,NA,300.722
2016-06-09,405.984,NA,NA,NA,300.588
2016-06-10,404.338,NA,NA,NA,300.46
2016-06-11,402.971,NA,NA,NA,300.353
2016-06-12,401.295,NA,NA,NA,300.222
2016-06-13,399.517,NA,NA,NA,300.085
2016-06-14,397.982,NA,NA,NA,299.966
2016-06-15,396.804,NA,NA,NA,299.874
2016-06-16,395.592,NA,NA,NA,299.78
2016-06-17,393.953,NA,NA,NA,299.652
2016-06-18,392.127,NA,NA,NA,299.509
2016-06-19,391.081,NA,NA,NA,299.426
2016-06-20,389.922,NA,NA,NA,299.335
2016-06-21,388.535,NA,NA,NA,299.225
2016-06-22,387.114,NA,NA,NA,299.112
2016-06-23,385.661,NA,NA,NA,298.997
2016-06-24,384.135,NA,NA,NA,298.875
2016-06-25,382.691,NA,NA,NA,298.759
2016-06-26,381.205,NA,NA,NA,298.64
2016-06-27,379.638,NA,NA,NA,298.515
2016-06-28,378.039,NA,NA,NA,298.387
2016-06-29,376.257,NA,NA,NA,298.244
2016-06-30,374.482,NA,NA,NA,298.1
2016-07-01,372.491,NA,NA,NA,297.939
2016-07-02,371.051,NA,NA,NA,297.823
2016-07-03,369.503,NA,NA,NA,297.695
2016-07-04,368.016,NA,NA,NA,297.573
2016-07-05,366.683,NA,NA,NA,297.463
2016-07-06,365.134,NA,NA,NA,297.335
2016-07-07,363.884,NA,NA,NA,297.232
2016-07-08,362.47,NA,NA,NA,297.116
2016-07-09,361.364,NA,NA,NA,297.028
2016-07-10,360.598,NA,NA,NA,296.964
2016-07-11,359.888,NA,NA,NA,296.906
2016-07-12,359.105,NA,NA,NA,296.842
2016-07-13,358.175,NA,NA,NA,296.765
2016-07-14,357.1,NA,NA,NA,296.677
2016-07-15,355.879,NA,NA,NA,296.576
2016-07-16,354.551,NA,NA,NA,296.467
2016-07-17,353.192,NA,NA,NA,296.354
2016-07-18,351.618,NA,NA,NA,296.223
2016-07-19,350.414,NA,NA,NA,296.122
2016-07-20,349.214,NA,NA,NA,296.022
2016-07-21,347.872,NA,NA,NA,295.909
2016-07-22,346.464,NA,NA,NA,295.79
2016-07-23,345.061,NA,NA,NA,295.671
2016-07-24,343.572,NA,NA,NA,295.549
2016-07-25,342.007,NA,NA,NA,295.421
2016-07-26,340.485,NA,NA,NA,295.296
2016-07-27,338.932,NA,NA,NA,295.168
2016-07-28,337.349,NA,NA,NA,295.037
2016-07-29,335.773,NA,NA,NA,294.906
2016-07-30,334.167,NA,NA,NA,294.772
2016-07-31,332.604,NA,NA,NA,294.641
2016-08-01,330.687,NA,NA,NA,294.479
2016-08-02,329.068,NA,NA,NA,294.342
2016-08-03,327.634,NA,NA,NA,294.22
2016-08-04,325.708,NA,NA,NA,294.056
2016-08-05,324.145,NA,NA,NA,293.922
2016-08-06,322.696,NA,NA,NA,293.797
2016-08-07,321.076,NA,NA,NA,293.657
2016-08-08,319.395,NA,NA,NA,293.51
2016-08-09,317.756,NA,NA,NA,293.367
2016-08-10,316.158,NA,NA,NA,293.227
2016-08-11,314.414,NA,NA,NA,293.071
2016-08-12,313.02,NA,NA,NA,292.949
2016-08-13,311.445,NA,NA,NA,292.809
2016-08-14,309.809,NA,NA,NA,292.663
2016-08-15,307.556,NA,NA,NA,292.459
2016-08-16,306.324,NA,NA,NA,292.349
2016-08-17,304.779,NA,NA,NA,292.209
2016-08-18,302.891,NA,NA,NA,292.035
2016-08-19,301.048,NA,NA,NA,291.867
2016-08-20,299.197,NA,NA,NA,291.697
2016-08-21,297.455,NA,NA,NA,291.535
2016-08-22,295.821,NA,NA,NA,291.383
2016-08-23,294.129,NA,NA,NA,291.224
2016-08-24,292.511,NA,NA,NA,291.072
2016-08-25,290.884,NA,NA,NA,290.919
2016-08-26,289.203,NA,NA,NA,290.758
2016-08-27,287.545,NA,NA,NA,290.599
2016-08-28,285.802,NA,NA,NA,290.432
2016-08-29,284.162,NA,NA,NA,290.273
2016-08-30,282.437,NA,NA,NA,290.106
2016-08-31,280.66,NA,NA,NA,289.932
2016-09-01,278.985,NA,NA,NA,289.767
2016-09-02,277.381,NA,NA,NA,289.609
2016-09-03,275.754,NA,NA,NA,289.447
2016-09-04,274.106,NA,NA,NA,289.283
2016-09-05,272.472,NA,NA,NA,289.121
2016-09-06,270.78,NA,NA,NA,288.953
2016-09-07,268.648,NA,NA,NA,288.743
2016-09-08,265.965,NA,NA,NA,288.478
2016-09-09,263.313,NA,NA,NA,288.216
2016-09-10,260.817,NA,NA,NA,287.969
2016-09-11,258.235,NA,NA,NA,287.713
2016-09-12,255.793,NA,NA,NA,287.463
2016-09-13,253.231,NA,NA,NA,287.198
2016-09-14,250.743,NA,NA,NA,286.942
2016-09-15,248.02,NA,NA,NA,286.661
2016-09-16,245.296,NA,NA,NA,286.381
2016-09-17,242.616,NA,NA,NA,286.101
2016-09-18,240.151,NA,NA,NA,285.838
2016-09-19,238.021,NA,NA,NA,285.619
2016-09-20,235.882,NA,NA,NA,285.39
2016-09-21,233.717,NA,NA,NA,285.137
2016-09-22,231.319,NA,NA,NA,284.875
2016-09-23,228.677,NA,NA,NA,284.613
2016-09-24,226.334,NA,NA,NA,284.351
2016-09-25,223.951,NA,NA,NA,284.095
2016-09-26,221.607,NA,NA,NA,283.833
2016-09-27,219.245,NA,NA,NA,283.568
2016-09-28,219.245,NA,NA,NA,283.568
2016-09-29,219.299,NA,NA,NA,283.574
2016-09-30,219.299,NA,NA,NA,283.574
2016-10-01,219.299,NA,NA,NA,283.574
2016-10-02,219.408,NA,NA,NA,283.586
2016-10-03,219.571,NA,NA,NA,283.604
2016-10-04,219.706,NA,NA,NA,283.619
2016-10-05,220.413,NA,NA,NA,283.699
2016-10-06,224.347,NA,NA,NA,284.138
2016-10-07,226.942,NA,NA,NA,284.418
2016-10-08,231.095,NA,NA,NA,284.854
2016-10-09,231.063,NA,NA,NA,284.851
2016-10-10,229.559,NA,NA,NA,284.708
2016-10-11,230.87,NA,NA,NA,284.833
2016-10-12,230.454,NA,NA,NA,284.793
2016-10-13,231.77,NA,NA,NA,284.918
2016-10-14,238.08,NA,NA,NA,285.625
2016-10-15,248.33,NA,NA,NA,286.695
2016-10-16,259.675,NA,NA,NA,287.856
2016-10-17,270.949,NA,NA,NA,288.972
2016-10-18,292.769,NA,NA,NA,291.096
2016-10-19,308.96,NA,NA,NA,292.587
2016-10-20,317.703,NA,NA,NA,293.364
2016-10-21,324.482,NA,NA,NA,293.949
2016-10-22,326.919,NA,NA,NA,294.159
2016-10-23,326.099,NA,NA,NA,294.089
2016-10-24,323.314,NA,NA,NA,293.852
2016-10-25,320.48,NA,NA,NA,293.605
2016-10-26,320.13,NA,NA,NA,293.574
2016-10-27,320.707,NA,NA,NA,293.626
2016-10-28,321.393,NA,NA,NA,293.684
2016-10-29,318.609,NA,NA,NA,293.443
2016-10-30,314.845,NA,NA,NA,293.111
2016-10-31,310.61,NA,NA,NA,292.733
2016-11-01,307.572,NA,NA,NA,292.462
2016-11-02,303.059,NA,NA,NA,292.05
2016-11-03,297.16,NA,NA,NA,291.508
2016-11-04,290.932,NA,NA,NA,290.922
2016-11-05,289.362,NA,NA,NA,290.773
2016-11-06,290.515,NA,NA,NA,290.883
2016-11-07,293.642,NA,NA,NA,291.178
2016-11-08,293.805,NA,NA,NA,291.194
2016-11-09,293.351,NA,NA,NA,291.151
2016-11-10,292.252,NA,NA,NA,291.047
2016-11-11,290.066,NA,NA,NA,290.84
2016-11-12,287.355,NA,NA,NA,290.581
2016-11-13,284.823,NA,NA,NA,290.337
2016-11-14,282.219,NA,NA,NA,290.084
2016-11-15,284.288,NA,NA,NA,290.285
2016-11-16,294.876,NA,NA,NA,291.294
2016-11-17,297.39,NA,NA,NA,291.529
2016-11-18,294.291,NA,NA,NA,291.239
2016-11-19,289.33,NA,NA,NA,290.77
2016-11-20,283.283,NA,NA,NA,290.188
2016-11-21,277.304,NA,NA,NA,289.6
2016-11-22,272.41,NA,NA,NA,289.115
2016-11-23,267.263,NA,NA,NA,288.606
2016-11-24,264.147,NA,NA,NA,288.298
2016-11-25,254.147,NA,NA,NA,287.292
2016-11-26,245.074,NA,NA,NA,286.36
2016-11-27,235.247,NA,NA,NA,285.323
2016-11-28,227.835,NA,NA,NA,284.519
2016-11-29,225.083,NA,NA,NA,284.217
2016-11-30,220.931,NA,NA,NA,283.757
2016-12-01,217.916,NA,NA,NA,283.418
2016-12-02,215.23,NA,NA,NA,283.117
2016-12-03,211.131,NA,NA,NA,282.656
2016-12-04,206.763,NA,NA,NA,282.153
2016-12-05,205.219,NA,NA,NA,281.977
2016-12-06,203.841,NA,NA,NA,281.818
2016-12-07,203.375,NA,NA,NA,281.763
2016-12-08,202.317,NA,NA,NA,281.638
2016-12-09,201.822,NA,NA,NA,281.58
2016-12-10,207.646,NA,NA,NA,282.251
2016-12-11,216.071,NA,NA,NA,283.211
2016-12-12,222.393,NA,NA,NA,283.921
2016-12-13,226.901,NA,NA,NA,284.415
2016-12-14,228.16,NA,NA,NA,284.555
2016-12-15,228.623,NA,NA,NA,284.607
2016-12-16,228.215,NA,NA,NA,284.561
2016-12-17,226.645,NA,NA,NA,284.384
2016-12-18,224.148,NA,NA,NA,284.116
2016-12-19,221.107,NA,NA,NA,283.775
2016-12-20,218.462,NA,NA,NA,283.479
2016-12-21,229.654,NA,NA,NA,284.717
2016-12-22,231.031,NA,NA,NA,284.848
2016-12-23,228.786,NA,NA,NA,284.625
2016-12-24,226.106,NA,NA,NA,284.327
2016-12-25,222.338,NA,NA,NA,283.915
2016-12-26,217.454,NA,NA,NA,283.366
2016-12-27,212.191,NA,NA,NA,282.775
2016-12-28,208.627,NA,NA,NA,282.367
2016-12-29,206.139,NA,NA,NA,282.083
2016-12-30,204.464,NA,NA,NA,281.891
2016-12-31,203.194,NA,NA,NA,281.742
2017-01-01,201.979,NA,NA,NA,281.599
2017-01-02,200.242,NA,NA,NA,281.394
2017-01-03,198.167,NA,NA,NA,281.141
2017-01-04,196.245,NA,NA,NA,280.91
2017-01-05,195.236,NA,NA,NA,280.791
2017-01-06,194.747,NA,NA,NA,280.733
2017-01-07,193.811,NA,NA,NA,280.623
2017-01-08,192.568,NA,NA,NA,280.477
2017-01-09,193.693,NA,NA,NA,280.608
2017-01-10,196.323,NA,NA,NA,280.919
2017-01-11,198.525,NA,NA,NA,281.184
2017-01-12,200.086,NA,NA,NA,281.376
2017-01-13,201.289,NA,NA,NA,281.519
2017-01-14,201.822,NA,NA,NA,281.58
2017-01-15,202.005,NA,NA,NA,281.602
2017-01-16,201.927,NA,NA,NA,281.593
2017-01-17,201.589,NA,NA,NA,281.553
2017-01-18,203.181,NA,NA,NA,281.742
2017-01-19,212.735,NA,NA,NA,282.836
2017-01-20,219.043,NA,NA,NA,283.543
2017-01-21,223.372,NA,NA,NA,284.031
2017-01-22,226.806,NA,NA,NA,284.403
2017-01-23,229.783,NA,NA,NA,284.729
2017-01-24,231.899,NA,NA,NA,284.93
2017-01-25,232.904,NA,NA,NA,285.037
2017-01-26,233.397,NA,NA,NA,285.098
2017-01-27,233.643,NA,NA,NA,285.128
2017-01-28,233.791,NA,NA,NA,285.146
2017-01-29,233.915,NA,NA,NA,285.162
2017-01-30,234.063,NA,NA,NA,285.18
2017-01-31,234.285,NA,NA,NA,285.207
2017-02-01,234.533,NA,NA,NA,285.238
2017-02-02,234.681,NA,NA,NA,285.256
2017-02-03,234.705,NA,NA,NA,285.259
2017-02-04,235.204,NA,NA,NA,285.317
2017-02-05,244.409,NA,NA,NA,286.289
2017-02-06,262.974,NA,NA,NA,288.182
2017-02-07,272.703,NA,NA,NA,289.142
2017-02-08,274.015,NA,NA,NA,289.273
2017-02-09,280.007,NA,NA,NA,289.868
2017-02-10,299.263,NA,NA,NA,291.703
2017-02-11,310.319,NA,NA,NA,292.709
2017-02-12,314.793,NA,NA,NA,293.105
2017-02-13,315.76,NA,NA,NA,293.19
2017-02-14,315.604,NA,NA,NA,293.178
2017-02-15,314.499,NA,NA,NA,293.08
2017-02-16,315.847,NA,NA,NA,293.199
2017-02-17,327.313,NA,NA,NA,294.193
2017-02-18,333.585,NA,NA,NA,294.723
2017-02-19,336.323,NA,NA,NA,294.952
2017-02-20,337.901,NA,NA,NA,295.083
2017-02-21,337.643,NA,NA,NA,295.062
2017-02-22,342.415,NA,NA,NA,295.455
2017-02-23,340.892,NA,NA,NA,295.33
2017-02-24,338.6,NA,NA,NA,295.141
2017-02-25,336.799,NA,NA,NA,294.992
2017-02-26,336.322,NA,NA,NA,294.952
2017-02-27,335.7,NA,NA,NA,294.9
2017-02-28,334.86,NA,NA,NA,294.83
2017-03-01,333.876,NA,NA,NA,294.748
2017-03-02,332.424,NA,NA,NA,294.626
2017-03-03,331.013,NA,NA,NA,294.507
2017-03-04,331.175,NA,NA,NA,294.519
2017-03-05,333.04,NA,NA,NA,294.678
2017-03-06,335.188,NA,NA,NA,294.857
2017-03-07,337.019,NA,NA,NA,295.01
2017-03-08,340.614,NA,NA,NA,295.309
2017-03-09,360.86,NA,NA,NA,296.985
2017-03-10,400.425,NA,NA,NA,300.155
2017-03-11,424.813,NA,NA,NA,302.026
2017-03-12,439.669,NA,NA,NA,303.145
2017-03-13,451.153,NA,NA,NA,303.992
2017-03-14,461.245,NA,NA,NA,304.724
2017-03-15,463.432,NA,NA,NA,304.882
2017-03-16,464.684,NA,NA,NA,304.974
2017-03-17,466.693,NA,NA,NA,305.12
2017-03-18,460.948,NA,NA,NA,304.702
2017-03-19,457.901,NA,NA,NA,304.483
2017-03-20,451.424,NA,NA,NA,304.011
2017-03-21,442.24,NA,NA,NA,303.334
2017-03-22,432.255,NA,NA,NA,302.59
2017-03-23,423.258,NA,NA,NA,301.907
2017-03-24,412.967,NA,NA,NA,301.124
2017-03-25,412.868,NA,NA,NA,301.118
2017-03-26,416.349,NA,NA,NA,301.383
2017-03-27,421.729,NA,NA,NA,301.789
2017-03-28,426.973,NA,NA,NA,302.191
2017-03-29,426.772,NA,NA,NA,302.176
2017-03-30,432.457,NA,NA,NA,302.605
2017-03-31,436.632,NA,NA,NA,302.919
2017-04-01,436.899,NA,NA,NA,302.938
2017-04-02,435.795,NA,NA,NA,302.855
2017-04-03,434.55,NA,NA,NA,302.764
2017-04-04,433.594,NA,NA,NA,302.691
2017-04-05,433.229,NA,NA,NA,302.663
2017-04-06,431.93,NA,NA,NA,302.566
2017-04-07,432.012,NA,NA,NA,302.572
2017-04-08,432.742,NA,NA,NA,302.627
2017-04-09,433.309,NA,NA,NA,302.669
2017-04-10,433.838,NA,NA,NA,302.709
2017-04-11,434.327,NA,NA,NA,302.746
2017-04-12,434.042,NA,NA,NA,302.724
2017-04-13,434.693,NA,NA,NA,302.773
2017-04-14,434.937,NA,NA,NA,302.791
2017-04-15,436.122,NA,NA,NA,302.88
2017-04-16,438.538,NA,NA,NA,303.06
2017-04-17,441.83,NA,NA,NA,303.303
2017-04-18,445.687,NA,NA,NA,303.59
2017-04-19,452.154,NA,NA,NA,304.065
2017-04-20,458.155,NA,NA,NA,304.501
2017-04-21,464.538,NA,NA,NA,304.962
2017-04-22,469.807,NA,NA,NA,305.346
2017-04-23,474.553,NA,NA,NA,305.687
2017-04-24,479.922,NA,NA,NA,306.068
2017-04-25,491.198,NA,NA,NA,306.863
2017-04-26,491.198,NA,NA,NA,306.863
2017-04-27,491.198,NA,NA,NA,306.863
2017-04-28,491.198,NA,NA,NA,306.863
2017-04-29,491.198,NA,NA,NA,306.863
2017-04-30,491.198,NA,NA,NA,306.863
2017-05-01,491.198,NA,NA,NA,306.863
2017-05-02,491.198,NA,NA,NA,306.863
2017-05-03,503.647,NA,NA,NA,307.723
2017-05-04,504.317,NA,NA,NA,307.769
2017-05-05,506.188,NA,NA,NA,307.897
2017-05-06,507.385,NA,NA,NA,307.979
2017-05-07,507.385,NA,NA,NA,307.979
2017-05-08,507.429,NA,NA,NA,307.982
2017-05-09,507.118,NA,NA,NA,307.961
2017-05-10,506.542,NA,NA,NA,307.921
2017-05-11,506.055,NA,NA,NA,307.888
2017-05-12,506.055,NA,NA,NA,307.888
2017-05-13,506.32,NA,NA,NA,307.906
2017-05-14,506.896,NA,NA,NA,307.946
2017-05-15,506.233,NA,NA,NA,307.9
2017-05-16,504.54,NA,NA,NA,307.784
2017-05-17,509.028,NA,NA,NA,308.092
2017-05-18,511.57,NA,NA,NA,308.266
2017-05-19,512.284,NA,NA,NA,308.314
2017-05-20,511.301,NA,NA,NA,308.247
2017-05-21,509.741,NA,NA,NA,308.141
2017-05-22,508.184,NA,NA,NA,308.034
2017-05-23,508.228,NA,NA,NA,308.037
2017-05-24,508.317,NA,NA,NA,308.043
2017-05-25,507.829,NA,NA,NA,308.01
2017-05-26,507.163,NA,NA,NA,307.964
2017-05-27,505.701,NA,NA,NA,307.863
2017-05-28,504.182,NA,NA,NA,307.76
2017-05-29,502.443,NA,NA,NA,307.641
2017-05-30,501.286,NA,NA,NA,307.561
2017-05-31,500.842,NA,NA,NA,307.531
2017-06-01,501.419,NA,NA,NA,307.571
2017-06-02,501.954,NA,NA,NA,307.607
2017-06-03,502.22,NA,NA,NA,307.625
2017-06-04,502.309,NA,NA,NA,307.632
2017-06-05,502.309,NA,NA,NA,307.632
2017-06-06,502.131,NA,NA,NA,307.619
2017-06-07,501.775,NA,NA,NA,307.595
2017-06-08,501.597,NA,NA,NA,307.583
2017-06-09,502.087,NA,NA,NA,307.616
2017-06-10,502.688,NA,NA,NA,307.659
2017-06-11,503.848,NA,NA,NA,307.735
2017-06-12,504.809,NA,NA,NA,307.802
2017-06-13,504.988,NA,NA,NA,307.814
2017-06-14,505.122,NA,NA,NA,307.824
2017-06-15,505.211,NA,NA,NA,307.83
2017-06-16,505.879,NA,NA,NA,307.875
2017-06-17,506.587,NA,NA,NA,307.924
2017-06-18,506.852,NA,NA,NA,307.942
2017-06-19,506.852,NA,NA,NA,307.942
2017-06-20,506.542,NA,NA,NA,307.921
2017-06-21,506.453,NA,NA,NA,307.915
2017-06-22,505.856,NA,NA,NA,307.875
2017-06-23,505.077,NA,NA,NA,307.821
2017-06-24,504.094,NA,NA,NA,307.754
2017-06-25,503.112,NA,NA,NA,307.686
2017-06-26,501.954,NA,NA,NA,307.607
2017-06-27,500.62,NA,NA,NA,307.516
2017-06-28,499.067,NA,NA,NA,307.409
2017-06-29,497.608,NA,NA,NA,307.309
2017-06-30,496.197,NA,NA,NA,307.211
2017-07-01,494.745,NA,NA,NA,307.11
2017-07-02,493.472,NA,NA,NA,307.022
2017-07-03,492.159,NA,NA,NA,306.931
2017-07-04,491.154,NA,NA,NA,306.86
2017-07-05,490.15,NA,NA,NA,306.79
2017-07-06,489.062,NA,NA,NA,306.714
2017-07-07,488.02,NA,NA,NA,306.641
2017-07-08,486.806,NA,NA,NA,306.556
2017-07-09,485.941,NA,NA,NA,306.495
2017-07-10,484.731,NA,NA,NA,306.409
2017-07-11,483.395,NA,NA,NA,306.315
2017-07-12,482.228,NA,NA,NA,306.233
2017-07-13,481.019,NA,NA,NA,306.147
2017-07-14,479.815,NA,NA,NA,306.062
2017-07-15,478.569,NA,NA,NA,305.973
2017-07-16,477.242,NA,NA,NA,305.879
2017-07-17,476.173,NA,NA,NA,305.803
2017-07-18,NA,NA,NA,NA,NA
2017-07-19,473.065,NA,NA,NA,305.58
2017-07-20,471.878,NA,NA,NA,305.495
2017-07-21,470.525,NA,NA,NA,305.397
2017-07-22,469.132,NA,NA,NA,305.297
2017-07-23,468.08,NA,NA,NA,305.221
2017-07-24,NA,NA,NA,NA,NA
2017-07-25,464.976,NA,NA,NA,304.992
2017-07-26,463.64,NA,NA,NA,304.898
2017-07-27,462.223,NA,NA,NA,304.794
2017-07-28,460.821,NA,NA,NA,304.693
2017-07-29,459.126,NA,NA,NA,304.571
2017-07-30,457.606,NA,NA,NA,304.462
2017-07-31,455.965,NA,NA,NA,304.343
2017-08-01,454.286,NA,NA,NA,304.221
2017-08-02,452.654,NA,NA,NA,304.102
2017-08-03,451.028,NA,NA,NA,303.983
2017-08-04,449.407,NA,NA,NA,303.864
2017-08-05,447.709,NA,NA,NA,303.739
2017-08-06,445.976,NA,NA,NA,303.611
2017-08-07,444.576,NA,NA,NA,303.508
2017-08-08,442.893,NA,NA,NA,303.383
2017-08-09,440.967,NA,NA,NA,303.239
2017-08-10,439.319,NA,NA,NA,303.118
2017-08-11,437.594,NA,NA,NA,302.989
2017-08-12,436.857,NA,NA,NA,302.935
2017-08-13,NA,NA,NA,NA,NA
2017-08-14,NA,NA,NA,NA,NA
2017-08-15,430.211,NA,NA,NA,302.432
2017-08-16,429.022,NA,NA,NA,302.346
2017-08-17,427.334,NA,NA,NA,302.218
2017-08-18,425.652,NA,NA,NA,302.09
2017-08-19,NA,NA,NA,NA,NA
2017-08-20,NA,NA,NA,NA,NA
2017-08-21,420.462,NA,NA,NA,301.691
2017-08-22,419.046,NA,NA,NA,301.587
2017-08-23,417.273,NA,NA,NA,301.453
2017-08-24,415.546,NA,NA,NA,301.322
2017-08-25,413.866,NA,NA,NA,301.194
2017-08-26,412.032,NA,NA,NA,301.054
2017-08-27,410.244,NA,NA,NA,300.917
2017-08-28,408.583,NA,NA,NA,300.789
2017-08-29,406.849,NA,NA,NA,300.655
2017-08-30,405.043,NA,NA,NA,300.515
2017-08-31,403.205,NA,NA,NA,300.371
2017-09-01,400.9,NA,NA,NA,300.191
2017-09-02,398.493,NA,NA,NA,300.005
2017-09-03,395.826,NA,NA,NA,299.798
2017-09-04,392.049,NA,NA,NA,299.503
2017-09-05,388.266,NA,NA,NA,299.204
2017-09-06,384.821,NA,NA,NA,298.93
2017-09-07,381.396,NA,NA,NA,298.655
2017-09-08,377.697,NA,NA,NA,298.36
2017-09-09,374.445,NA,NA,NA,298.097
2017-09-10,371.069,NA,NA,NA,297.823
2017-09-11,367.757,NA,NA,NA,297.552
2017-09-12,364.471,NA,NA,NA,297.281
2017-09-13,361.308,NA,NA,NA,297.022
2017-09-14,356.73,NA,NA,NA,296.647
2017-09-15,354.44,NA,NA,NA,296.458
2017-09-16,351.034,NA,NA,NA,296.174
2017-09-17,347.457,NA,NA,NA,295.875
2017-09-18,344.169,NA,NA,NA,295.598
2017-09-19,341.263,NA,NA,NA,295.36
2017-09-20,339.93,NA,NA,NA,295.251
2017-09-21,340.522,NA,NA,NA,295.299
2017-09-22,339.782,NA,NA,NA,295.238
2017-09-23,337.827,NA,NA,NA,295.077
2017-09-24,335.408,NA,NA,NA,294.876
2017-09-25,332.714,NA,NA,NA,294.65
2017-09-26,329.967,NA,NA,NA,294.419
2017-09-27,327.241,NA,NA,NA,294.187
2017-09-28,324.571,NA,NA,NA,293.958
2017-09-29,321.235,NA,NA,NA,293.672
2017-09-30,317.756,NA,NA,NA,293.367
2017-10-01,314.259,NA,NA,NA,293.059
2017-10-02,310.865,NA,NA,NA,292.757
2017-10-03,308.18,NA,NA,NA,292.517
2017-10-04,305.434,NA,NA,NA,292.267
2017-10-05,302.726,NA,NA,NA,292.023
2017-10-06,300.319,NA,NA,NA,291.8
2017-10-07,297.882,NA,NA,NA,291.575
2017-10-08,295.332,NA,NA,NA,291.337
2017-10-09,292.931,NA,NA,NA,291.111
2017-10-10,290.419,NA,NA,NA,290.874
2017-10-11,288.023,NA,NA,NA,290.645
2017-10-12,285.928,NA,NA,NA,290.444
2017-10-13,286.815,NA,NA,NA,290.529
2017-10-14,290.131,NA,NA,NA,290.846
2017-10-15,290.451,NA,NA,NA,290.877
2017-10-16,289.651,NA,NA,NA,290.801
2017-10-17,289.298,NA,NA,NA,290.767
2017-10-18,288.469,NA,NA,NA,290.688
2017-10-19,287.831,NA,NA,NA,290.627
2017-10-20,289.778,NA,NA,NA,290.813
2017-10-21,295.201,NA,NA,NA,291.325
2017-10-22,314.155,NA,NA,NA,293.05
2017-10-23,348.942,NA,NA,NA,295.997
2017-10-24,357.377,NA,NA,NA,296.698
2017-10-25,360.784,NA,NA,NA,296.979
2017-10-26,361.27,NA,NA,NA,297.018
2017-10-27,360.915,NA,NA,NA,296.991
2017-10-28,356.249,NA,NA,NA,296.607
2017-10-29,350.924,NA,NA,NA,296.165
2017-10-30,345.456,NA,NA,NA,295.705
2017-10-31,339.449,NA,NA,NA,295.211
2017-11-01,333.512,NA,NA,NA,294.717
2017-11-02,327.384,NA,NA,NA,294.199
2017-11-03,321.921,NA,NA,NA,293.73
2017-11-04,317.582,NA,NA,NA,293.352
2017-11-05,313.037,NA,NA,NA,292.949
2017-11-06,309.333,NA,NA,NA,292.62
2017-11-07,305.316,NA,NA,NA,292.257
2017-11-08,300.732,NA,NA,NA,291.84
2017-11-09,295.853,NA,NA,NA,291.386
2017-11-10,292.479,NA,NA,NA,291.069
2017-11-11,290.387,NA,NA,NA,290.871
2017-11-12,288.437,NA,NA,NA,290.685
2017-11-13,285.454,NA,NA,NA,290.398
2017-11-14,284.571,NA,NA,NA,290.313
2017-11-15,283.408,NA,NA,NA,290.2
2017-11-16,283.597,NA,NA,NA,290.218
2017-11-17,285.076,NA,NA,NA,290.362
2017-11-18,284.477,NA,NA,NA,290.304
2017-11-19,280.443,NA,NA,NA,289.911
2017-11-20,276.122,NA,NA,NA,289.484
2017-11-21,284.32,NA,NA,NA,290.288
2017-11-22,289.394,NA,NA,NA,290.776
2017-11-23,290.58,NA,NA,NA,290.889
2017-11-24,304.411,NA,NA,NA,292.175
2017-11-25,309.147,NA,NA,NA,292.605
2017-11-26,308.418,NA,NA,NA,292.538
2017-11-27,307.487,NA,NA,NA,292.456
2017-11-28,305.634,NA,NA,NA,292.288
2017-11-29,302.675,NA,NA,NA,292.017
2017-11-30,298.769,NA,NA,NA,291.657
2017-12-01,294.146,NA,NA,NA,291.227
2017-12-02,288.373,NA,NA,NA,290.679
2017-12-03,282.906,NA,NA,NA,290.151
2017-12-04,277.135,NA,NA,NA,289.584
2017-12-05,271.301,NA,NA,NA,289.005
2017-12-06,264.981,NA,NA,NA,288.38
2017-12-07,258.355,NA,NA,NA,287.725
2017-12-08,251.602,NA,NA,NA,287.03
2017-12-09,244.734,NA,NA,NA,286.323
2017-12-10,237.6,NA,NA,NA,285.573
2017-12-11,230.357,NA,NA,NA,284.784
2017-12-12,223.018,NA,NA,NA,283.991
2017-12-13,215.599,NA,NA,NA,283.159
2017-12-14,208.523,NA,NA,NA,282.355
2017-12-15,201.134,NA,NA,NA,281.498
2017-12-16,195.107,NA,NA,NA,280.776
2017-12-17,191.247,NA,NA,NA,280.315
2017-12-18,187.709,NA,NA,NA,279.88
2017-12-19,186.128,NA,NA,NA,279.684
2017-12-20,185.623,NA,NA,NA,279.62
2017-12-21,185.291,NA,NA,NA,279.581
2017-12-22,184.541,NA,NA,NA,279.489
2017-12-23,183.933,NA,NA,NA,279.413
2017-12-24,183.513,NA,NA,NA,279.361
2017-12-25,183.267,NA,NA,NA,279.331
2017-12-26,184.156,NA,NA,NA,279.441
2017-12-27,184.799,NA,NA,NA,279.52
2017-12-28,186.301,NA,NA,NA,279.706
2017-12-29,192.698,NA,NA,NA,280.492
2017-12-30,210.028,NA,NA,NA,282.531
2017-12-31,224.064,NA,NA,NA,284.107
2018-01-01,231.416,NA,NA,NA,284.884
2018-01-02,235.6,NA,NA,NA,285.36
2018-01-03,235.628,NA,NA,NA,285.363
2018-01-04,234.545,NA,NA,NA,285.241
2018-01-05,233.175,NA,NA,NA,285.07
2018-01-06,231.512,NA,NA,NA,284.894
2018-01-07,229.277,NA,NA,NA,284.68
2018-01-08,227.036,NA,NA,NA,284.427
2018-01-09,224.403,NA,NA,NA,284.144
2018-01-10,222.393,NA,NA,NA,283.921
2018-01-11,220.821,NA,NA,NA,283.744
2018-01-12,228.745,NA,NA,NA,284.619
2018-01-13,234.038,NA,NA,NA,285.177
2018-01-14,233.865,NA,NA,NA,285.156
2018-01-15,232.634,NA,NA,NA,285.003
2018-01-16,229.718,NA,NA,NA,284.723
2018-01-17,224.884,NA,NA,NA,284.196
2018-01-18,218.569,NA,NA,NA,283.491
2018-01-19,215.531,NA,NA,NA,283.15
2018-01-20,212.872,NA,NA,NA,282.851
2018-01-21,209.613,NA,NA,NA,282.483
2018-01-22,207.022,NA,NA,NA,282.181
2018-01-23,207.621,NA,NA,NA,282.248
2018-01-24,210.509,NA,NA,NA,282.586
2018-01-25,220.767,NA,NA,NA,283.738
2018-01-26,228.133,NA,NA,NA,284.552
2018-01-27,231.416,NA,NA,NA,284.884
2018-01-28,240.388,NA,NA,NA,285.863
2018-01-29,251.899,NA,NA,NA,287.061
2018-01-30,260.092,NA,NA,NA,287.899
2018-01-31,268.679,NA,NA,NA,288.746
2018-02-01,273.662,NA,NA,NA,289.237
2018-02-02,276.198,NA,NA,NA,289.49
2018-02-03,278.398,NA,NA,NA,289.709
2018-02-04,282.124,NA,NA,NA,290.075
2018-02-05,283.989,NA,NA,NA,290.255
2018-02-06,285.517,NA,NA,NA,290.404
2018-02-07,285.644,NA,NA,NA,290.416
2018-02-08,285.264,NA,NA,NA,290.38
2018-02-09,284.352,NA,NA,NA,290.292
2018-02-10,283.769,NA,NA,NA,290.237
2018-02-11,282.83,NA,NA,NA,290.142
2018-02-12,281.626,NA,NA,NA,290.026
2018-02-13,280.255,NA,NA,NA,289.892
2018-02-14,279.852,NA,NA,NA,289.853
2018-02-15,280.194,NA,NA,NA,289.886
2018-02-16,281.438,NA,NA,NA,290.008
2018-02-17,283.597,NA,NA,NA,290.218
2018-02-18,288.819,NA,NA,NA,290.721
2018-02-19,294.746,NA,NA,NA,291.282
2018-02-20,298.423,NA,NA,NA,291.623
2018-02-21,301.793,NA,NA,NA,291.934
2018-02-22,304.645,NA,NA,NA,292.197
2018-02-23,307.032,NA,NA,NA,292.413
2018-02-24,309.384,NA,NA,NA,292.623
2018-02-25,311.753,NA,NA,NA,292.837
2018-02-26,315.414,NA,NA,NA,293.163
2018-02-27,318.399,NA,NA,NA,293.422
2018-02-28,320.813,NA,NA,NA,293.635
2018-03-01,323.774,NA,NA,NA,293.891
2018-03-02,327.116,NA,NA,NA,294.175
2018-03-03,330.147,NA,NA,NA,294.434
2018-03-04,332.768,NA,NA,NA,294.656
2018-03-05,335.006,NA,NA,NA,294.842
2018-03-06,337.221,NA,NA,NA,295.025
2018-03-07,339.541,NA,NA,NA,295.22
2018-03-08,342.044,NA,NA,NA,295.424
2018-03-09,350.049,NA,NA,NA,296.092
2018-03-10,362.922,NA,NA,NA,297.153
2018-03-11,371.051,NA,NA,NA,297.823
2018-03-12,377.318,NA,NA,NA,298.329
2018-03-13,384.363,NA,NA,NA,298.893
2018-03-14,392.281,NA,NA,NA,299.521
2018-03-15,400.069,NA,NA,NA,300.127
2018-03-16,406.023,NA,NA,NA,300.591
2018-03-17,410.839,NA,NA,NA,300.963
2018-03-18,415.266,NA,NA,NA,301.301
2018-03-19,419.128,NA,NA,NA,301.594
2018-03-20,422.662,NA,NA,NA,301.862
2018-03-21,424.553,NA,NA,NA,302.008
2018-03-22,426.973,NA,NA,NA,302.191
2018-03-23,431.201,NA,NA,NA,302.511
2018-03-24,434.978,NA,NA,NA,302.794
2018-03-25,438.169,NA,NA,NA,303.032
2018-03-26,440.782,NA,NA,NA,303.227
2018-03-27,442.997,NA,NA,NA,303.392
2018-03-28,445.008,NA,NA,NA,303.541
2018-03-29,448.081,NA,NA,NA,303.767
2018-03-30,451.07,NA,NA,NA,303.986
2018-03-31,454.328,NA,NA,NA,304.224
2018-04-01,457.5,NA,NA,NA,304.456
2018-04-02,460.821,NA,NA,NA,304.693
2018-04-03,463.808,NA,NA,NA,304.91
2018-04-04,464.894,NA,NA,NA,304.989
2018-04-05,464.476,NA,NA,NA,304.958
2018-04-06,465.52,NA,NA,NA,305.035
2018-04-07,469.258,NA,NA,NA,305.306
2018-04-08,479.772,NA,NA,NA,306.059
2018-04-09,495.647,NA,NA,NA,307.171
2018-04-10,499.024,NA,NA,NA,307.406
2018-04-11,499.554,NA,NA,NA,307.443
2018-04-12,499.554,NA,NA,NA,307.443
2018-04-13,498.846,NA,NA,NA,307.394
2018-04-14,499.821,NA,NA,NA,307.461
2018-04-15,500.265,NA,NA,NA,307.494
2018-04-16,500.132,NA,NA,NA,307.482
2018-04-17,499.865,NA,NA,NA,307.473
2018-04-18,499.378,NA,NA,NA,307.437
2018-04-19,498.846,NA,NA,NA,307.391
2018-04-20,497.829,NA,NA,NA,307.324
2018-04-21,497.719,NA,NA,NA,307.315
2018-04-22,498.006,NA,NA,NA,307.336
2018-04-23,498.316,NA,NA,NA,307.357
2018-04-24,498.935,NA,NA,NA,307.4
2018-04-25,499.688,NA,NA,NA,307.452
2018-04-26,500.842,NA,NA,NA,307.531
2018-04-27,502.354,NA,NA,NA,307.635
2018-04-28,502.621,NA,NA,NA,307.653
2018-04-29,503.134,NA,NA,NA,307.69
2018-04-30,503.915,NA,NA,NA,307.741
2018-05-01,502.643,NA,NA,NA,307.656
2018-05-02,499.999,NA,NA,NA,307.473
2018-05-03,497.034,NA,NA,NA,307.269
2018-05-04,493.954,NA,NA,NA,307.056
2018-05-05,491.241,NA,NA,NA,306.867
2018-05-06,491.154,NA,NA,NA,306.86
2018-05-07,490.936,NA,NA,NA,306.845
2018-05-08,490.849,NA,NA,NA,306.839
2018-05-09,491.634,NA,NA,NA,306.894
2018-05-10,492.028,NA,NA,NA,306.921
2018-05-11,492.378,NA,NA,NA,306.946
2018-05-12,492.553,NA,NA,NA,306.958
2018-05-13,492.071,NA,NA,NA,306.924
2018-05-14,491.241,NA,NA,NA,306.867
2018-05-15,490.718,NA,NA,NA,306.83
2018-05-16,490.15,NA,NA,NA,306.79
2018-05-17,489.498,NA,NA,NA,306.745
2018-05-18,488.889,NA,NA,NA,306.702
2018-05-19,486.806,NA,NA,NA,306.556
2018-05-20,484.731,NA,NA,NA,306.409
2018-05-21,482.314,NA,NA,NA,306.239
2018-05-22,479.878,NA,NA,NA,306.065
2018-05-23,477.37,NA,NA,NA,305.888
2018-05-24,474.638,NA,NA,NA,305.693
2018-05-25,471.836,NA,NA,NA,305.492
2018-05-26,469.174,NA,NA,NA,305.3
2018-05-27,466.379,NA,NA,NA,305.099
2018-05-28,463.307,NA,NA,NA,304.873
2018-05-29,459.042,NA,NA,NA,304.565
2018-05-30,455.083,NA,NA,NA,304.279
2018-05-31,451.778,NA,NA,NA,304.038
2018-06-01,449.283,NA,NA,NA,303.855
2018-06-02,446.882,NA,NA,NA,303.678
2018-06-03,444.452,NA,NA,NA,303.499
2018-06-04,442.28,NA,NA,NA,303.337
2018-06-05,439.977,NA,NA,NA,303.166
2018-06-06,437.677,NA,NA,NA,302.996
2018-06-07,435.549,NA,NA,NA,302.837
2018-06-08,433.066,NA,NA,NA,302.651
2018-06-09,431.646,NA,NA,NA,302.544
2018-06-10,430.313,NA,NA,NA,302.444
2018-06-11,429.183,NA,NA,NA,302.359
2018-06-12,427.977,NA,NA,NA,302.267
2018-06-13,426.012,NA,NA,NA,302.118
2018-06-14,424.453,NA,NA,NA,301.999
2018-06-15,422.463,NA,NA,NA,301.846
2018-06-16,420.544,NA,NA,NA,301.7
2018-06-17,418.684,NA,NA,NA,301.56
2018-06-18,417.032,NA,NA,NA,301.435
2018-06-19,415.266,NA,NA,NA,301.301
2018-06-20,413.386,NA,NA,NA,301.158
2018-06-21,411.594,NA,NA,NA,301.02
2018-06-22,409.809,NA,NA,NA,300.883
2018-06-23,407.714,NA,NA,NA,300.722
2018-06-24,405.788,NA,NA,NA,300.572
2018-06-25,403.674,NA,NA,NA,300.408
2018-06-26,401.608,NA,NA,NA,300.246
2018-06-27,399.398,NA,NA,NA,300.076
2018-06-28,396.961,NA,NA,NA,299.887
2018-06-29,394.537,NA,NA,NA,299.698
2018-06-30,392.165,NA,NA,NA,299.512
2018-07-01,389.961,NA,NA,NA,299.338
2018-07-02,388.42,NA,NA,NA,299.216
2018-07-03,386.694,NA,NA,NA,299.079
2018-07-04,385.088,NA,NA,NA,298.951
2018-07-05,383.527,NA,NA,NA,298.826
2018-07-06,381.932,NA,NA,NA,298.698
2018-07-07,380.402,NA,NA,NA,298.576
2018-07-08,378.914,NA,NA,NA,298.457
2018-07-09,377.241,NA,NA,NA,298.323
2018-07-10,375.653,NA,NA,NA,298.195
2018-07-11,373.955,NA,NA,NA,298.058
2018-07-12,372.453,NA,NA,NA,297.936
2018-07-13,370.695,NA,NA,NA,297.793
2018-07-14,369.093,NA,NA,NA,297.662
2018-07-15,367.571,NA,NA,NA,297.537
2018-07-16,366.018,NA,NA,NA,297.409
2018-07-17,364.434,NA,NA,NA,297.278
2018-07-18,362.847,NA,NA,NA,297.146
2018-07-19,361.046,NA,NA,NA,297
2018-07-20,359.18,NA,NA,NA,296.848
2018-07-21,357.396,NA,NA,NA,296.701
2018-07-22,355.658,NA,NA,NA,296.558
2018-07-23,354.073,NA,NA,NA,296.427
2018-07-24,352.276,NA,NA,NA,296.278
2018-07-25,350.596,NA,NA,NA,296.138
2018-07-26,348.887,NA,NA,NA,295.994
2018-07-27,347.114,NA,NA,NA,295.845
2018-07-28,345.384,NA,NA,NA,295.699
2018-07-29,343.609,NA,NA,NA,295.552
2018-07-30,341.821,NA,NA,NA,295.406
2018-07-31,339.967,NA,NA,NA,295.254
2018-08-01,338.122,NA,NA,NA,295.101
2018-08-02,336.249,NA,NA,NA,294.946
2018-08-03,334.422,NA,NA,NA,294.793
2018-08-04,332.641,NA,NA,NA,294.644
2018-08-05,330.832,NA,NA,NA,294.492
2018-08-06,328.996,NA,NA,NA,294.336
2018-08-07,327.169,NA,NA,NA,294.181
2018-08-08,325.317,NA,NA,NA,294.022
2018-08-09,323.509,NA,NA,NA,293.867
2018-08-10,321.639,NA,NA,NA,293.705
2018-08-11,319.814,NA,NA,NA,293.547
2018-08-12,317.999,NA,NA,NA,293.388
2018-08-13,316.193,NA,NA,NA,293.23
2018-08-14,314.431,NA,NA,NA,293.074
2018-08-15,312.575,NA,NA,NA,292.91
2018-08-16,310.728,NA,NA,NA,292.745
2018-08-17,308.96,NA,NA,NA,292.587
2018-08-18,307.166,NA,NA,NA,292.425
2018-08-19,305.115,NA,NA,NA,292.239
2018-08-20,303.241,NA,NA,NA,292.069
2018-08-21,301.445,NA,NA,NA,291.904
2018-08-22,299.659,NA,NA,NA,291.739
2018-08-23,297.751,NA,NA,NA,291.563
2018-08-24,295.918,NA,NA,NA,291.392
2018-08-25,294.162,NA,NA,NA,291.227
2018-08-26,292.35,NA,NA,NA,291.057
2018-08-27,290.547,NA,NA,NA,290.886
2018-08-28,288.948,NA,NA,NA,290.733
2018-08-29,287.005,NA,NA,NA,290.548
2018-08-30,285.139,NA,NA,NA,290.368
2018-08-31,283.377,NA,NA,NA,290.197
2018-09-01,281.563,NA,NA,NA,290.02
2018-09-02,279.79,NA,NA,NA,289.847
2018-09-03,277.935,NA,NA,NA,289.664
2018-09-04,276.214,NA,NA,NA,289.493
2018-09-05,274.076,NA,NA,NA,289.28
2018-09-06,271.301,NA,NA,NA,289.005
2018-09-07,268.617,NA,NA,NA,288.74
2018-09-08,266.212,NA,NA,NA,288.502
2018-09-09,263.776,NA,NA,NA,288.262
2018-09-10,261.373,NA,NA,NA,288.024
2018-09-11,258.843,NA,NA,NA,287.774
2018-09-12,256.132,NA,NA,NA,287.497
2018-09-13,253.733,NA,NA,NA,287.25
2018-09-14,251.128,NA,NA,NA,286.981
2018-09-15,248.582,NA,NA,NA,286.719
2018-09-16,246.097,NA,NA,NA,286.463
2018-09-17,243.759,NA,NA,NA,286.222
2018-09-18,241.312,NA,NA,NA,285.96
2018-09-19,238.788,NA,NA,NA,285.698
2018-09-20,236.194,NA,NA,NA,285.424
2018-09-21,233.964,NA,NA,NA,285.168
2018-09-22,231.544,NA,NA,NA,284.897
2018-09-23,228.894,NA,NA,NA,284.637
2018-09-24,227.185,NA,NA,NA,284.445
2018-09-25,227.158,NA,NA,NA,284.442
2018-09-26,227.131,NA,NA,NA,284.439
2018-09-27,227.103,NA,NA,NA,284.436
2018-09-28,227.076,NA,NA,NA,284.433
2018-09-29,227.022,NA,NA,NA,284.427
2018-09-30,226.995,NA,NA,NA,284.424
2018-10-01,226.995,NA,NA,NA,284.424
2018-10-02,226.969,NA,NA,NA,284.421
2018-10-03,226.915,NA,NA,NA,284.415
2018-10-04,226.833,NA,NA,NA,284.406
2018-10-05,224.714,NA,NA,NA,284.177
2018-10-06,222.827,NA,NA,NA,283.97
2018-10-07,221.418,NA,NA,NA,283.811
2018-10-08,219.625,NA,NA,NA,283.61
2018-10-09,217.862,NA,NA,NA,283.412
2018-10-10,216.207,NA,NA,NA,283.226
2018-10-11,214.442,NA,NA,NA,283.028
2018-10-12,212.626,NA,NA,NA,282.824
2018-10-13,210.725,NA,NA,NA,282.611
2018-10-14,208.679,NA,NA,NA,282.373
2018-10-15,206.587,NA,NA,NA,282.132
2018-10-16,204.231,NA,NA,NA,281.864
2018-10-17,201.874,NA,NA,NA,281.586
2018-10-18,199.452,NA,NA,NA,281.3
2018-10-19,197.208,NA,NA,NA,281.023
2018-10-20,194.797,NA,NA,NA,280.739
2018-10-21,192.413,NA,NA,NA,280.459
2018-10-22,190.077,NA,NA,NA,280.172
2018-10-23,187.659,NA,NA,NA,279.873
2018-10-24,185.168,NA,NA,NA,279.566
2018-10-25,182.873,NA,NA,NA,279.282
2018-10-26,180.565,NA,NA,NA,278.986
2018-10-27,178.382,NA,NA,NA,278.712
2018-10-28,176.269,NA,NA,NA,278.444
2018-10-29,174.961,NA,NA,NA,278.273
2018-10-30,174.725,NA,NA,NA,278.243
2018-10-31,173.785,NA,NA,NA,278.121
2018-11-01,173.235,NA,NA,NA,278.051
2018-11-02,174.16,NA,NA,NA,278.17
2018-11-03,175.311,NA,NA,NA,278.319
2018-11-04,175.824,NA,NA,NA,278.386
2018-11-05,176.644,NA,NA,NA,278.493
2018-11-06,177.15,NA,NA,NA,278.557
2018-11-07,177.244,NA,NA,NA,278.572
2018-11-08,176.786,NA,NA,NA,278.511
2018-11-09,175.847,NA,NA,NA,278.389
2018-11-10,174.349,NA,NA,NA,278.194
2018-11-11,172.803,NA,NA,NA,277.993
2018-11-12,171.09,NA,NA,NA,277.77
2018-11-13,169.379,NA,NA,NA,277.548
2018-11-14,167.505,NA,NA,NA,277.304
2018-11-15,165.75,NA,NA,NA,277.075
2018-11-16,164.011,NA,NA,NA,276.838
2018-11-17,162.278,NA,NA,NA,276.6
2018-11-18,160.298,NA,NA,NA,276.335
2018-11-19,158.204,NA,NA,NA,276.057
2018-11-20,156.23,NA,NA,NA,275.783
2018-11-21,NA,NA,NA,NA,275.5
2018-11-22,NA,NA,NA,NA,275.216
2018-11-23,NA,NA,NA,NA,275.003
2018-11-24,NA,NA,NA,NA,275.116
2018-11-25,NA,NA,NA,NA,275.308
2018-11-26,NA,NA,NA,NA,275.329
2018-11-27,NA,NA,NA,NA,275.259
2018-11-28,157.581,NA,NA,NA,275.972
2018-11-29,165.21,NA,NA,NA,277.002
2018-11-30,169.402,NA,NA,NA,277.551
2018-12-01,172.792,NA,NA,NA,277.99
2018-12-02,176,NA,NA,NA,278.407
2018-12-03,178.481,NA,NA,NA,278.724
2018-12-04,180.261,NA,NA,NA,278.947
2018-12-05,180.495,NA,NA,NA,278.977
2018-12-06,180.495,NA,NA,NA,278.977
2018-12-07,180.226,NA,NA,NA,278.941
2018-12-08,179.544,NA,NA,NA,278.855
2018-12-09,178.876,NA,NA,NA,278.773
2018-12-10,178.432,NA,NA,NA,278.718
2018-12-11,178.876,NA,NA,NA,278.773
2018-12-12,181.726,NA,NA,NA,279.139
2018-12-13,188.41,NA,NA,NA,279.965
2018-12-14,191.038,NA,NA,NA,280.291
2018-12-15,193.836,NA,NA,NA,280.626
2018-12-16,196.18,NA,NA,NA,280.904
2018-12-17,198.759,NA,NA,NA,281.215
2018-12-18,200.346,NA,NA,NA,281.407
2018-12-19,218.38,NA,NA,NA,283.47
2018-12-20,224.814,NA,NA,NA,284.189
2018-12-21,228.922,NA,NA,NA,284.641
2018-12-22,231.031,NA,NA,NA,284.848
2018-12-23,231.448,NA,NA,NA,284.887
2018-12-24,242.105,NA,NA,NA,286.046
2018-12-25,252.047,NA,NA,NA,287.076
2018-12-26,255.895,NA,NA,NA,287.472
2018-12-27,258.146,NA,NA,NA,287.704
2018-12-28,258.355,NA,NA,NA,287.725
2018-12-29,256.442,NA,NA,NA,287.53
2018-12-30,256.132,NA,NA,NA,287.497
2018-12-31,259.413,NA,NA,NA,287.832
2019-01-01,259.243,NA,NA,NA,287.813
2019-01-02,257.997,NA,NA,NA,287.689
2019-01-03,255.63,NA,NA,NA,287.445
2019-01-04,252.67,NA,NA,NA,287.14
2019-01-05,249.444,NA,NA,NA,286.808
2019-01-06,246.067,NA,NA,NA,286.46
2019-01-07,242.844,NA,NA,NA,286.125
2019-01-08,239.469,NA,NA,NA,285.768
2019-01-09,236.676,NA,NA,NA,285.476
2019-01-10,233.298,NA,NA,NA,285.086
2019-01-11,228.867,NA,NA,NA,284.634
2019-01-12,223.618,NA,NA,NA,284.058
2019-01-13,218.312,NA,NA,NA,283.464
2019-01-14,212.435,NA,NA,NA,282.803
2019-01-15,207.376,NA,NA,NA,282.22
2019-01-16,203.738,NA,NA,NA,281.806
2019-01-17,202.108,NA,NA,NA,281.614
2019-01-18,201.51,NA,NA,NA,281.544
2019-01-19,202.523,NA,NA,NA,281.663
2019-01-20,214.577,NA,NA,NA,283.043
2019-01-21,216.531,NA,NA,NA,283.263
2019-01-22,215.558,NA,NA,NA,283.153
2019-01-23,214.618,NA,NA,NA,283.046
2019-01-24,218.326,NA,NA,NA,283.464
2019-01-25,221.012,NA,NA,NA,283.766
2019-01-26,222.176,NA,NA,NA,283.897
2019-01-27,222.935,NA,NA,NA,283.982
2019-01-28,223.127,NA,NA,NA,284.003
2019-01-29,223.1,NA,NA,NA,284
2019-01-30,223.894,NA,NA,NA,284.089
2019-01-31,224.657,NA,NA,NA,284.171
2019-02-01,225.338,NA,NA,NA,284.244
2019-02-02,226.969,NA,NA,NA,284.421
2019-02-03,229.113,NA,NA,NA,284.662
2019-02-04,232.447,NA,NA,NA,284.982
2019-02-05,234.693,NA,NA,NA,285.256
2019-02-06,236.762,NA,NA,NA,285.485
2019-02-07,238.625,NA,NA,NA,285.68
2019-02-08,240.448,NA,NA,NA,285.869
2019-02-09,242.218,NA,NA,NA,286.058
2019-02-10,243.922,NA,NA,NA,286.241
2019-02-11,245.548,NA,NA,NA,286.405
2019-02-12,247.664,NA,NA,NA,286.625
2019-02-13,250.211,NA,NA,NA,286.887
2019-02-14,252.979,NA,NA,NA,287.17
2019-02-15,257.019,NA,NA,NA,287.588
2019-02-16,261.25,NA,NA,NA,288.012
2019-02-17,265.011,NA,NA,NA,288.383
2019-02-18,268.249,NA,NA,NA,288.704
2019-02-19,270.687,NA,NA,NA,288.944
2019-02-20,273.213,NA,NA,NA,289.194
2019-02-21,275.831,NA,NA,NA,289.453
2019-02-22,277.843,NA,NA,NA,289.654
2019-02-23,279.915,NA,NA,NA,289.859
2019-02-24,282.531,NA,NA,NA,290.115
2019-02-25,285.644,NA,NA,NA,290.416
2019-02-26,288.15,NA,NA,NA,290.657
2019-02-27,290.163,NA,NA,NA,290.849
2019-02-28,291.962,NA,NA,NA,291.02
2019-03-01,293.594,NA,NA,NA,291.172
2019-03-02,295.201,NA,NA,NA,291.325
2019-03-03,296.8,NA,NA,NA,291.474
2019-03-04,298.342,NA,NA,NA,291.617
2019-03-05,299.857,NA,NA,NA,291.758
2019-03-06,301.247,NA,NA,NA,291.886
2019-03-07,302.925,NA,NA,NA,292.038
2019-03-08,304.512,NA,NA,NA,292.184
2019-03-09,306.105,NA,NA,NA,292.331
2019-03-10,307.605,NA,NA,NA,292.465
2019-03-11,309.13,NA,NA,NA,292.602
2019-03-12,310.659,NA,NA,NA,292.739
2019-03-13,312.883,NA,NA,NA,292.937
2019-03-14,315.224,NA,NA,NA,293.144
2019-03-15,317.373,NA,NA,NA,293.333
2019-03-16,319.656,NA,NA,NA,293.532
2019-03-17,322.502,NA,NA,NA,293.781
2019-03-18,326.741,NA,NA,NA,294.144
2019-03-19,332.243,NA,NA,NA,294.611
2019-03-20,340.004,NA,NA,NA,295.257
2019-03-21,348.234,NA,NA,NA,295.939
2019-03-22,355.621,NA,NA,NA,296.555
2019-03-23,362.32,NA,NA,NA,297.104
2019-03-24,369.279,NA,NA,NA,297.677
2019-03-25,375.426,NA,NA,NA,298.177
2019-03-26,381.166,NA,NA,NA,298.637
2019-03-27,387.115,NA,NA,NA,299.112
2019-03-28,392.709,NA,NA,NA,299.554
2019-03-29,398.376,NA,NA,NA,299.996
2019-03-30,403.595,NA,NA,NA,300.402
2019-03-31,408.701,NA,NA,NA,300.798
2019-04-01,413.866,NA,NA,NA,301.194
2019-04-02,419.856,NA,NA,NA,301.648
2019-04-03,428.177,NA,NA,NA,302.282
2019-04-04,435.569,NA,NA,NA,302.84
2019-04-05,441.462,NA,NA,NA,303.276
2019-04-06,444.576,NA,NA,NA,303.508
2019-04-07,449.988,NA,NA,NA,303.907
2019-04-08,482.939,NA,NA,NA,306.284
2019-04-09,517.995,NA,NA,NA,308.701
2019-04-10,523.715,NA,NA,NA,309.085
2019-04-11,514.302,NA,NA,NA,308.452
2019-04-12,510.007,NA,NA,NA,308.159
2019-04-13,501.954,NA,NA,NA,307.607
2019-04-14,494.57,NA,NA,NA,307.098
2019-04-15,488.367,NA,NA,NA,306.665
2019-04-16,481.882,NA,NA,NA,306.208
2019-04-17,474.831,NA,NA,NA,305.708
2019-04-18,468.963,NA,NA,NA,305.285
2019-04-19,465.625,NA,NA,NA,305.041
2019-04-20,464.059,NA,NA,NA,304.928
2019-04-21,466.024,NA,NA,NA,305.071
2019-04-22,466.819,NA,NA,NA,305.129
2019-04-23,467.408,NA,NA,NA,305.172
2019-04-24,469.048,NA,NA,NA,305.291
2019-04-25,470.967,NA,NA,NA,305.431
2019-04-26,472.344,NA,NA,NA,305.528
2019-04-27,473.915,NA,NA,NA,305.641
2019-04-28,474.937,NA,NA,NA,305.714
2019-04-29,475.447,NA,NA,NA,305.751
2019-04-30,475.789,NA,NA,NA,305.775
2019-05-01,476.259,NA,NA,NA,305.809
2019-05-02,476.173,NA,NA,NA,305.803
2019-05-03,475.959,NA,NA,NA,305.788
2019-05-04,475.362,NA,NA,NA,305.745
2019-05-05,474.638,NA,NA,NA,305.693
2019-05-06,473.915,NA,NA,NA,305.641
2019-05-07,473.193,NA,NA,NA,305.589
2019-05-08,472.005,NA,NA,NA,305.504
2019-05-09,471.073,NA,NA,NA,305.437
2019-05-10,469.849,NA,NA,NA,305.349
2019-05-11,468.458,NA,NA,NA,305.248
2019-05-12,466.987,NA,NA,NA,305.141
2019-05-13,465.436,NA,NA,NA,305.029
2019-05-14,463.891,NA,NA,NA,304.916
2019-05-15,462.391,NA,NA,NA,304.806
2019-05-16,460.948,NA,NA,NA,304.702
2019-05-17,459.126,NA,NA,NA,304.571
2019-05-18,457.733,NA,NA,NA,304.471
2019-05-19,456.301,NA,NA,NA,304.367
2019-05-20,455.083,NA,NA,NA,304.279
2019-05-21,453.324,NA,NA,NA,304.151
2019-05-22,451.778,NA,NA,NA,304.038
2019-05-23,450.279,NA,NA,NA,303.928
2019-05-24,448.661,NA,NA,NA,303.809
2019-05-25,447.172,NA,NA,NA,303.7
2019-05-26,446.305,NA,NA,NA,303.636
2019-05-27,445.645,NA,NA,NA,303.587
2019-05-28,444.946,NA,NA,NA,303.535
2019-05-29,444.329,NA,NA,NA,303.489
2019-05-30,443.426,NA,NA,NA,303.422
2019-05-31,442.321,NA,NA,NA,303.34
2019-06-01,441.091,NA,NA,NA,303.249
2019-06-02,439.854,NA,NA,NA,303.157
2019-06-03,438.517,NA,NA,NA,303.057
2019-06-04,437.144,NA,NA,NA,302.956
2019-06-05,435.631,NA,NA,NA,302.843
2019-06-06,434.001,NA,NA,NA,302.721
2019-06-07,432.377,NA,NA,NA,302.599
2019-06-08,431.162,NA,NA,NA,302.508
2019-06-09,429.667,NA,NA,NA,302.395
2019-06-10,428.057,NA,NA,NA,302.273
2019-06-11,426.452,NA,NA,NA,302.151
2019-06-12,424.772,NA,NA,NA,302.023
2019-06-13,423.019,NA,NA,NA,301.889
2019-06-14,421.193,NA,NA,NA,301.749
2019-06-15,419.371,NA,NA,NA,301.612
2019-06-16,417.514,NA,NA,NA,301.472
2019-06-17,415.546,NA,NA,NA,301.322
2019-06-18,413.705,NA,NA,NA,301.182
2019-06-19,411.316,NA,NA,NA,300.999
2019-06-20,409.096,NA,NA,NA,300.828
2019-06-21,406.928,NA,NA,NA,300.661
2019-06-22,404.886,NA,NA,NA,300.502
2019-06-23,402.736,NA,NA,NA,300.335
2019-06-24,400.188,NA,NA,NA,300.137
2019-06-25,399.202,NA,NA,NA,300.06
2019-06-26,396.296,NA,NA,NA,299.835
2019-06-27,394.225,NA,NA,NA,299.673
2019-06-28,392.282,NA,NA,NA,299.521
2019-06-29,390.965,NA,NA,NA,299.417
2019-06-30,389.151,NA,NA,NA,299.274
2019-07-01,387.883,NA,NA,NA,299.173
2019-07-02,386.272,NA,NA,NA,299.045
2019-07-03,384.783,NA,NA,NA,298.927
2019-07-04,383.336,NA,NA,NA,298.811
2019-07-05,381.971,NA,NA,NA,298.701
2019-07-06,380.593,NA,NA,NA,298.591
2019-07-07,379.219,NA,NA,NA,298.481
2019-07-08,377.735,NA,NA,NA,298.363
2019-07-09,376.332,NA,NA,NA,298.25
2019-07-10,374.784,NA,NA,NA,298.125
2019-07-11,373.204,NA,NA,NA,297.997
2019-07-12,371.592,NA,NA,NA,297.866
2019-07-13,369.986,NA,NA,NA,297.735
2019-07-14,368.387,NA,NA,NA,297.604
2019-07-15,366.794,NA,NA,NA,297.473
2019-07-16,365.134,NA,NA,NA,297.335
2019-07-17,363.479,NA,NA,NA,297.198
2019-07-18,361.682,NA,NA,NA,297.052
2019-07-19,360,NA,NA,NA,296.915
2019-07-20,358.323,NA,NA,NA,296.778
2019-07-21,356.693,NA,NA,NA,296.644
2019-07-22,355.067,NA,NA,NA,296.509
2019-07-23,353.339,NA,NA,NA,296.366
2019-07-24,351.581,NA,NA,NA,296.22
2019-07-25,349.941,NA,NA,NA,296.083
2019-07-26,348.198,NA,NA,NA,295.936
2019-07-27,346.392,NA,NA,NA,295.784
2019-07-28,344.731,NA,NA,NA,295.644
2019-07-29,342.974,NA,NA,NA,295.501
2019-07-30,341.152,NA,NA,NA,295.351
2019-07-31,339.375,NA,NA,NA,295.205
2019-08-01,337.533,NA,NA,NA,295.052
2019-08-02,335.847,NA,NA,NA,294.912
2019-08-03,334.058,NA,NA,NA,294.763
2019-08-04,332.351,NA,NA,NA,294.62
2019-08-05,330.543,NA,NA,NA,294.467
2019-08-06,328.745,NA,NA,NA,294.315
2019-08-07,326.955,NA,NA,NA,294.162
2019-08-08,325.209,NA,NA,NA,294.013
2019-08-09,323.473,NA,NA,NA,293.864
2019-08-10,321.745,NA,NA,NA,293.714
2019-08-11,319.955,NA,NA,NA,293.559
2019-08-12,318.277,NA,NA,NA,293.413
2019-08-13,316.505,NA,NA,NA,293.257
2019-08-14,314.741,NA,NA,NA,293.102
2019-08-15,312.883,NA,NA,NA,292.937
2019-08-16,311.07,NA,NA,NA,292.776
2019-08-17,309.231,NA,NA,NA,292.611
2019-08-18,307.403,NA,NA,NA,292.446
2019-08-19,305.585,NA,NA,NA,292.282
2019-08-20,303.809,NA,NA,NA,292.12
2019-08-21,301.977,NA,NA,NA,291.953
2019-08-22,300.319,NA,NA,NA,291.8
2019-08-23,298.571,NA,NA,NA,291.639
2019-08-24,296.8,NA,NA,NA,291.474
2019-08-25,295.267,NA,NA,NA,291.331
2019-08-26,293.772,NA,NA,NA,291.191
2019-08-27,292.124,NA,NA,NA,291.035
2019-08-28,290.355,NA,NA,NA,290.868
2019-08-29,288.214,NA,NA,NA,290.663
2019-08-30,286.023,NA,NA,NA,290.453
2019-08-31,284.383,NA,NA,NA,290.295
2019-09-01,282.625,NA,NA,NA,290.124
2019-09-02,280.38,NA,NA,NA,289.904
2019-09-03,277.135,NA,NA,NA,289.584
2019-09-04,274.807,NA,NA,NA,289.353
2019-09-05,272.287,NA,NA,NA,289.103
2019-09-06,269.758,NA,NA,NA,288.853
2019-09-07,267.138,NA,NA,NA,288.594
2019-09-08,264.52,NA,NA,NA,288.335
2019-09-09,261.774,NA,NA,NA,288.063
2019-09-10,259.397,NA,NA,NA,287.829
2019-09-11,257.197,NA,NA,NA,287.606
2019-09-12,255.395,NA,NA,NA,287.42
2019-09-13,252.847,NA,NA,NA,287.158
2019-09-14,250.625,NA,NA,NA,286.93
2019-09-15,248.138,NA,NA,NA,286.674
2019-09-16,246.067,NA,NA,NA,286.46
2019-09-17,243.937,NA,NA,NA,286.241
2019-09-18,244.852,NA,NA,NA,286.335
2019-09-19,247.516,NA,NA,NA,286.61
2019-09-20,247.368,NA,NA,NA,286.594
2019-09-21,245.326,NA,NA,NA,286.384
2019-09-22,243.128,NA,NA,NA,286.155
2019-09-23,241.312,NA,NA,NA,285.96
2019-09-24,239.528,NA,NA,NA,285.774
2019-09-25,237.787,NA,NA,NA,285.595
2019-09-26,236.081,NA,NA,NA,285.412
2019-09-27,234.309,NA,NA,NA,285.211
2019-09-28,232.682,NA,NA,NA,285.009
2019-09-29,230.903,NA,NA,NA,284.836
2019-09-30,229.031,NA,NA,NA,284.653
2019-10-01,227.293,NA,NA,NA,284.458
2019-10-02,225.395,NA,NA,NA,284.25
2019-10-03,223.372,NA,NA,NA,284.031
2019-10-04,221.391,NA,NA,NA,283.808
2019-10-05,219.299,NA,NA,NA,283.574
2019-10-06,217.21,NA,NA,NA,283.339
2019-10-07,215.882,NA,NA,NA,283.19
2019-10-08,214.442,NA,NA,NA,283.028
2019-10-09,213.06,NA,NA,NA,282.873
2019-10-10,211.782,NA,NA,NA,282.729
2019-10-11,210.428,NA,NA,NA,282.577
2019-10-12,210.671,NA,NA,NA,282.604
2019-10-13,210.968,NA,NA,NA,282.638
2019-10-14,211.185,NA,NA,NA,282.662
2019-10-15,211.457,NA,NA,NA,282.693
2019-10-16,211.62,NA,NA,NA,282.711
2019-10-17,212.108,NA,NA,NA,282.766
2019-10-18,213.371,NA,NA,NA,282.906
2019-10-19,215.694,NA,NA,NA,283.168
2019-10-20,222.556,NA,NA,NA,283.939
2019-10-21,226.59,NA,NA,NA,284.378
2019-10-22,227.536,NA,NA,NA,284.485
2019-10-23,228.923,NA,NA,NA,284.641
2019-10-24,229.511,NA,NA,NA,284.705
2019-10-25,229.622,NA,NA,NA,284.714
2019-10-26,229.25,NA,NA,NA,284.677
2019-10-27,228.732,NA,NA,NA,284.619
2019-10-28,228.052,NA,NA,NA,284.543
2019-10-29,227.185,NA,NA,NA,284.445
2019-10-30,226.362,NA,NA,NA,284.354
2019-10-31,225.14,NA,NA,NA,284.223
2019-11-01,223.589,NA,NA,NA,284.055
2019-11-02,222.094,NA,NA,NA,283.888
2019-11-03,220.549,NA,NA,NA,283.714
2019-11-04,219.002,NA,NA,NA,283.54
2019-11-05,217.427,NA,NA,NA,283.363
2019-11-06,215.394,NA,NA,NA,283.135
2019-11-07,213.25,NA,NA,NA,282.894
2019-11-08,211.24,NA,NA,NA,282.668
2019-11-09,209.125,NA,NA,NA,282.62
2019-11-10,206.946,NA,NA,NA,282.62
2019-11-11,205.002,NA,NA,NA,282.62
2019-11-12,203.064,NA,NA,NA,281.727
2019-11-13,200.978,NA,NA,NA,281.483
2019-11-14,198.833,NA,NA,NA,281.224
2019-11-15,196.375,NA,NA,NA,280.925
2019-11-16,194.461,NA,NA,NA,280.699
2019-11-17,192.388,NA,NA,NA,280.456
2019-11-18,190.274,NA,NA,NA,280.197
2019-11-19,188.238,NA,NA,NA,279.947
2019-11-20,186.97,NA,NA,NA,279.788
2019-11-21,185.61,NA,NA,NA,279.62
2019-11-22,183.983,NA,NA,NA,279.419
2019-11-23,182.138,NA,NA,NA,279.191
2019-11-24,180.425,NA,NA,NA,278.968
2019-11-25,178.678,NA,NA,NA,278.749
2019-11-26,176.997,NA,NA,NA,278.538
2019-11-27,175.403,NA,NA,NA,278.331
2019-11-28,173.691,NA,NA,NA,278.109
2019-11-29,172.029,NA,NA,NA,277.892
2019-11-30,170.344,NA,NA,NA,277.673
2019-12-01,168.466,NA,NA,NA,277.429
2019-12-02,166.52,NA,NA,NA,277.176
2019-12-03,164.254,NA,NA,NA,276.871
2019-12-04,162.745,NA,NA,NA,276.664
2019-12-05,160.862,NA,NA,NA,276.408
2019-12-06,158.919,NA,NA,NA,276.155
2019-12-07,157.071,NA,NA,NA,275.902
2019-12-08,NA,NA,NA,NA,275.655
2019-12-09,NA,NA,NA,NA,275.423
2019-12-10,NA,NA,NA,NA,275.213
2019-12-11,NA,NA,NA,NA,275.277
2019-12-12,NA,NA,NA,NA,275.393
2019-12-13,158.226,NA,NA,NA,276.06
2019-12-14,161.591,NA,NA,NA,276.505
2019-12-15,163.102,NA,NA,NA,276.713
2019-12-16,163.235,NA,NA,NA,276.731
2019-12-17,163.503,NA,NA,NA,276.768
2019-12-18,163.102,NA,NA,NA,276.713
2019-12-19,162.756,NA,NA,NA,276.667
2019-12-20,165.796,NA,NA,NA,277.081
2019-12-21,172.545,NA,NA,NA,277.959
2019-12-22,177.374,NA,NA,NA,278.587
2019-12-23,181.55,NA,NA,NA,279.115
2019-12-24,184.242,NA,NA,NA,279.453
2019-12-25,186.92,NA,NA,NA,279.782
2019-12-26,189.041,NA,NA,NA,280.044
2019-12-27,189.239,NA,NA,NA,280.069
2019-12-28,189.239,NA,NA,NA,280.069
2019-12-29,189.09,NA,NA,NA,280.05
2019-12-30,188.645,NA,NA,NA,279.995
2019-12-31,188.003,NA,NA,NA,279.916
2020-01-01,188.595,NA,NA,NA,279.989
2020-01-02,196.829,NA,NA,NA,280.98
2020-01-03,202.16,NA,NA,NA,281.62
2020-01-04,205.394,NA,NA,NA,281.998
2020-01-05,207.646,NA,NA,NA,282.251
2020-01-06,209.729,NA,NA,NA,282.498
2020-01-07,214.252,NA,NA,NA,283.007
2020-01-08,221.04,NA,NA,NA,283.769
2020-01-09,225.537,NA,NA,NA,284.266
2020-01-10,223.616,NA,NA,NA,284.058
2020-01-11,222.746,NA,NA,NA,283.961
2020-01-12,227.889,NA,NA,NA,284.525
2020-01-13,229.4,NA,NA,NA,284.692
2020-01-14,227.903,NA,NA,NA,284.528
2020-01-15,223.589,NA,NA,NA,284.055
2020-01-16,218.542,NA,NA,NA,283.488
2020-01-17,212.899,NA,NA,NA,282.854
2020-01-18,206.941,NA,NA,NA,282.172
2020-01-19,201.706,NA,NA,NA,281.565
2020-01-20,198.883,NA,NA,NA,281.23
2020-01-21,196.635,NA,NA,NA,280.955
2020-01-22,195.805,NA,NA,NA,280.858
2020-01-23,197.602,NA,NA,NA,281.071
2020-01-24,203.168,NA,NA,NA,281.739
2020-01-25,212.313,NA,NA,NA,282.787
2020-01-26,216.993,NA,NA,NA,283.315
2020-01-27,224.46,NA,NA,NA,284.15
2020-01-28,230.598,NA,NA,NA,284.805
2020-01-29,243.701,NA,NA,NA,286.216
2020-01-30,251.692,NA,NA,NA,287.039
2020-01-31,255.454,NA,NA,NA,287.426
2020-02-01,256.251,NA,NA,NA,287.509
2020-02-02,262.081,NA,NA,NA,NA
2020-02-03,262.265,NA,NA,NA,NA
2020-02-04,260.723,NA,NA,NA,287.823
2020-02-05,258.536,NA,NA,NA,287.743
2020-02-06,261.467,NA,NA,NA,288.033
2020-02-07,271.763,NA,NA,NA,289.051
2020-02-08,279.759,NA,NA,NA,289.843
2020-02-09,282.374,NA,NA,NA,290.099
2020-02-10,281.563,NA,NA,NA,290.02
2020-02-11,278.738,NA,NA,NA,289.743
2020-02-12,274.594,NA,NA,NA,289.331
2020-02-13,270.099,NA,NA,NA,288.886
2020-02-14,269.851,NA,NA,NA,288.862
2020-02-15,269.142,NA,NA,NA,288.792
2020-02-16,270.872,NA,NA,NA,288.963
2020-02-17,274.229,NA,NA,NA,289.295
2020-02-18,276.551,NA,NA,NA,289.526
2020-02-19,277.443,NA,NA,NA,289.615
2020-02-20,279.481,NA,NA,NA,289.816
2020-02-21,281.438,NA,NA,NA,290.008
2020-02-22,284.131,NA,NA,NA,290.27
2020-02-23,286.562,NA,NA,NA,290.505
2020-02-24,289.683,NA,NA,NA,290.804
2020-02-25,291.834,NA,NA,NA,291.008
2020-02-26,294.389,NA,NA,NA,291.249
2020-02-27,296.865,NA,NA,NA,291.48
2020-02-28,299.197,NA,NA,NA,291.697
2020-02-29,301.744,NA,NA,NA,291.931
2020-03-01,304.578,NA,NA,NA,292.19
2020-03-02,307.032,NA,NA,NA,292.413
2020-03-03,309.367,NA,NA,NA,292.623
2020-03-04,311.684,NA,NA,NA,292.831
2020-03-05,314.155,NA,NA,NA,293.05
2020-03-06,316.539,NA,NA,NA,293.26
2020-03-07,317.999,NA,NA,NA,293.388
2020-03-08,319.325,NA,NA,NA,293.504
2020-03-09,320.48,NA,NA,NA,293.605
2020-03-10,321.357,NA,NA,NA,293.681
2020-03-11,321.885,NA,NA,NA,293.727
2020-03-12,322.343,NA,NA,NA,293.766
2020-03-13,322.731,NA,NA,NA,293.797
2020-03-14,323.19,NA,NA,NA,293.839
2020-03-15,323.579,NA,NA,NA,293.873
2020-03-16,323.615,NA,NA,NA,293.876
2020-03-17,323.12,NA,NA,NA,293.833
2020-03-18,322.555,NA,NA,NA,293.785
2020-03-19,321.956,NA,NA,NA,293.733
2020-03-20,321.287,NA,NA,NA,293.675
2020-03-21,320.726,NA,NA,NA,293.626
2020-03-22,320.269,NA,NA,NA,293.586
2020-03-23,319.78,NA,NA,NA,293.544
2020-03-24,319.534,NA,NA,NA,293.522
2020-03-25,319.429,NA,NA,NA,293.513
2020-03-26,319.254,NA,NA,NA,293.498
2020-03-27,319.29,NA,NA,NA,293.501
2020-03-28,320.935,NA,NA,NA,293.644
2020-03-29,323.509,NA,NA,NA,293.867
2020-03-30,330.507,NA,NA,NA,294.464
2020-03-31,343.683,NA,NA,NA,295.558
2020-04-01,354.331,NA,NA,NA,296.448
2020-04-02,361.402,NA,NA,NA,297.028
2020-04-03,366.868,NA,NA,NA,297.479
2020-04-04,371.218,NA,NA,NA,297.835
2020-04-05,375.123,NA,NA,NA,298.152
2020-04-06,379.389,NA,NA,NA,298.497
2020-04-07,383.984,NA,NA,NA,298.862
2020-04-08,388.228,NA,NA,NA,299.201
2020-04-09,392.631,NA,NA,NA,299.548
2020-04-10,396.961,NA,NA,NA,299.887
2020-04-11,401.725,NA,NA,NA,300.255
2020-04-12,406.416,NA,NA,NA,300.621
2020-04-13,410.403,NA,NA,NA,300.929
2020-04-14,413.786,NA,NA,NA,301.188
2020-04-15,416.71,NA,NA,NA,301.411
2020-04-16,419.653,NA,NA,NA,301.633
2020-04-17,422.225,NA,NA,NA,301.828
2020-04-18,424.653,NA,NA,NA,302.014
2020-04-19,427.254,NA,NA,NA,302.212
2020-04-20,429.667,NA,NA,NA,302.395
2020-04-21,432.052,NA,NA,NA,302.575
2020-04-22,434.652,NA,NA,NA,302.77
2020-04-23,439.689,NA,NA,NA,303.145
2020-04-24,447.172,NA,NA,NA,303.7
2020-04-25,452.279,NA,NA,NA,304.075
2020-04-26,458.429,NA,NA,NA,304.523
2020-04-27,463.661,NA,NA,NA,304.901
2020-04-28,469.638,NA,NA,NA,305.333
2020-04-29,475.532,NA,NA,NA,305.757
2020-04-30,480.675,NA,NA,NA,306.123
2020-05-01,485.508,NA,NA,NA,306.464
2020-05-02,486.286,NA,NA,NA,306.519
2020-05-03,487.76,NA,NA,NA,306.623
2020-05-04,489.106,NA,NA,NA,306.717
2020-05-05,489.498,NA,NA,NA,306.745
2020-05-06,489.976,NA,NA,NA,306.778
2020-05-07,490.369,NA,NA,NA,306.806
2020-05-08,490.39,NA,NA,NA,306.809
2020-05-09,490.326,NA,NA,NA,306.803
2020-05-10,489.976,NA,NA,NA,306.778
2020-05-11,489.498,NA,NA,NA,306.745
2020-05-12,488.932,NA,NA,NA,306.705
2020-05-13,488.628,NA,NA,NA,306.684
2020-05-14,488.976,NA,NA,NA,306.708
2020-05-15,490.456,NA,NA,NA,306.812
2020-05-16,492.203,NA,NA,NA,306.934
2020-05-17,493.297,NA,NA,NA,307.01
2020-05-18,494.438,NA,NA,NA,307.089
2020-05-19,496.109,NA,NA,NA,307.205
2020-05-20,498.802,NA,NA,NA,307.391
2020-05-21,500.398,NA,NA,NA,307.501
2020-05-22,500.398,NA,NA,NA,307.501
2020-05-23,503.603,NA,NA,NA,307.72
2020-05-24,505.923,NA,NA,NA,307.878
2020-05-25,506.542,NA,NA,NA,307.921
2020-05-26,506.453,NA,NA,NA,307.915
